0;0;0;0;0;0;0;0;0;0;0;0;0;0;0;0;0;0;0;0;0;0;0;0;0;0;0;0;0;0;0;0;0;0;0;0;0;0;0;0;0;0;0;0;0;0;424;0;422;0;424;0;0;0;0;0;0;0;0;0;0;0;0;0;0;0;0;0;0;0;0;0;0;0;0;0;0;0;0;0;0;0;0;0;0;0;0;0;0;0;0;0;0;0;0;0;0;0;0;0;
0;0;0;0;0;0;0;0;0;0;0;0;0;0;0;0;0;0;0;0;0;0;0;0;0;0;0;0;0;0;0;0;0;0;0;0;0;0;424;0;424;0;0;0;0;0;0;0;0;0;0;424;0;0;0;0;0;0;0;0;0;0;424;0;0;0;0;0;0;0;0;0;0;0;0;0;0;0;0;0;0;0;0;0;0;0;0;0;0;0;0;0;0;0;0;0;0;0;0;0;
0;0;0;0;0;0;0;0;0;0;0;0;0;0;0;0;0;0;0;0;0;0;0;0;0;0;0;0;0;0;0;0;0;0;0;420;420;0;0;0;0;0;0;0;0;0;0;0;0;0;0;0;420;0;0;0;0;0;0;0;0;0;0;0;420;0;0;0;0;0;0;0;0;0;0;0;0;0;0;0;0;0;0;0;0;0;0;0;0;0;0;0;0;0;0;0;0;0;0;0;
0;0;0;0;0;0;0;0;0;0;0;0;0;0;0;0;0;0;0;0;0;0;0;0;0;0;0;0;0;0;0;0;0;0;420;0;0;0;0;0;0;0;0;0;420;0;0;0;0;0;0;0;0;0;0;0;0;0;0;0;0;0;0;0;0;0;0;0;0;0;420;0;420;0;0;0;420;0;0;0;0;0;0;0;0;0;0;0;0;0;0;0;0;0;0;0;0;0;0;0;
0;0;0;0;0;0;0;0;0;0;0;0;0;0;0;0;0;0;0;0;0;0;424;0;424;0;0;0;0;0;0;0;424;424;0;0;0;0;0;0;0;0;0;0;0;0;0;0;0;0;0;0;0;0;0;0;0;0;0;0;0;0;0;0;0;0;424;0;424;0;0;0;0;0;0;0;0;0;0;0;0;0;424;0;0;0;424;0;424;0;0;0;0;0;0;0;424;0;0;0;
0;0;0;0;0;0;0;0;0;0;0;0;0;0;0;0;0;0;0;0;0;0;0;0;0;0;0;0;0;0;0;0;0;0;0;0;0;0;0;0;0;0;0;0;0;0;0;0;0;0;0;0;0;0;0;0;0;0;0;0;0;0;0;0;0;0;0;0;0;0;0;0;424;0;0;0;0;0;0;0;424;0;0;424;424;0;0;0;0;0;0;0;0;0;0;0;0;0;0;0;
0;0;0;0;0;0;420;0;420;0;0;0;0;0;0;0;0;0;0;420;0;0;0;0;0;0;0;0;420;0;0;0;0;0;0;0;420;0;0;0;0;0;0;0;420;0;0;0;420;0;0;0;420;0;0;0;0;0;0;0;0;0;0;0;0;0;0;0;0;0;0;0;0;0;0;0;0;0;0;0;0;0;0;0;0;0;0;0;0;0;0;0;420;0;0;0;0;0;0;0;
0;0;0;424;424;0;0;0;0;0;0;0;424;0;0;0;0;0;424;0;424;0;0;0;0;0;0;0;0;0;0;0;0;0;0;0;0;0;0;0;0;0;0;0;0;0;424;0;0;0;424;0;0;0;0;0;0;0;0;0;0;0;0;0;0;0;0;0;0;0;0;0;0;0;0;0;0;0;0;0;0;0;0;0;0;0;0;0;0;0;0;0;0;0;0;0;0;0;0;424;
0;0;424;0;0;0;0;0;424;0;0;0;0;0;0;0;424;424;0;0;0;0;0;0;0;0;0;0;0;0;0;0;0;0;0;0;0;0;424;0;424;0;0;0;0;0;0;0;0;0;0;424;0;0;0;0;424;0;0;0;0;0;424;0;0;0;0;0;0;0;424;0;424;0;424;0;0;0;424;0;0;0;424;0;0;0;424;0;0;0;424;0;0;0;424;0;0;0;424;0;
0;0;0;0;0;0;0;0;0;0;0;0;0;0;0;0;0;0;0;0;0;0;0;0;420;0;420;0;0;0;420;0;0;0;0;420;0;0;0;0;0;0;0;0;0;0;0;0;0;0;0;0;420;0;0;0;0;0;0;0;420;0;0;0;420;0;0;0;420;0;0;0;0;0;0;0;0;0;0;0;0;0;0;0;0;0;0;0;0;0;0;0;0;0;0;0;0;0;0;0;
0;0;0;0;0;0;0;0;0;0;0;0;0;0;0;0;0;0;0;0;0;0;0;0;0;0;0;0;0;0;0;0;0;0;420;0;0;0;420;0;0;0;0;0;420;0;0;0;420;0;0;0;0;0;0;0;0;0;0;0;0;0;0;0;0;0;0;0;0;0;420;0;420;0;0;0;0;0;0;0;0;0;0;0;0;0;0;0;0;0;0;0;0;0;0;0;0;0;0;0;
0;424;0;0;424;0;424;0;424;0;424;0;0;0;424;0;0;0;424;0;424;0;424;0;424;0;0;0;0;0;0;0;0;424;0;0;0;0;0;0;0;0;0;0;0;0;0;0;0;0;0;0;0;0;424;0;0;0;0;0;424;0;0;0;424;0;424;0;424;0;0;0;0;0;0;0;0;0;0;0;0;0;0;0;0;0;424;0;424;0;0;0;0;0;0;0;0;0;0;0;
0;0;0;0;0;0;0;0;0;0;0;0;0;0;0;0;0;0;0;0;0;0;0;0;0;0;0;0;0;0;0;0;0;0;0;0;0;0;0;0;0;0;0;0;0;0;0;0;0;0;0;0;0;0;0;0;0;0;0;0;0;0;0;0;0;0;0;0;424;0;0;0;0;0;0;0;0;0;0;0;0;0;0;0;0;0;0;0;0;0;0;0;0;0;0;0;0;0;0;0;
0;0;0;0;420;0;0;0;420;0;0;0;0;0;0;0;0;0;0;0;420;0;0;0;0;0;0;0;420;0;0;0;0;0;0;0;420;0;0;0;0;0;420;0;0;0;420;0;0;0;420;0;420;0;0;0;0;0;420;0;0;0;420;0;0;0;0;0;0;0;0;0;0;0;0;0;0;0;0;0;0;0;0;0;420;0;0;0;0;0;0;0;0;0;0;0;0;0;420;0;
0;0;0;0;0;0;0;0;0;0;0;0;0;0;0;0;0;0;0;0;0;0;0;0;0;0;0;0;0;0;0;0;0;0;0;0;0;0;0;0;0;0;0;0;0;0;0;0;0;0;0;0;0;0;0;0;0;0;0;0;0;0;0;0;0;0;0;0;0;0;0;0;0;0;0;0;0;0;0;0;0;0;0;0;0;0;0;0;0;0;0;0;0;0;0;0;0;0;0;0;
0;0;0;0;0;0;0;0;0;0;0;0;0;0;0;0;0;0;0;0;0;0;0;0;0;0;0;0;0;0;0;0;0;0;0;0;0;0;0;0;0;0;0;0;0;0;0;0;0;0;0;0;0;0;0;0;0;0;0;0;0;0;0;0;0;0;0;0;0;0;0;0;0;0;0;0;0;0;0;0;0;0;0;0;0;0;0;0;0;0;0;0;0;0;0;0;0;0;0;0;
0;0;0;0;0;0;0;0;0;0;0;0;0;0;0;0;0;0;0;0;0;0;0;0;0;0;0;0;0;0;0;0;0;0;0;0;0;0;0;0;0;0;0;0;426;0;0;0;0;0;0;0;0;0;0;0;0;0;0;0;426;0;0;0;0;0;0;0;0;0;0;0;0;0;0;0;426;0;0;0;0;0;0;0;0;0;0;0;0;0;0;0;426;0;0;0;0;0;0;0;
0;0;0;0;0;0;0;0;0;0;0;0;0;0;0;0;0;0;0;0;0;0;0;0;0;0;0;0;0;0;0;0;420;0;0;0;0;0;0;0;0;0;0;0;0;0;420;0;0;0;0;0;0;0;0;0;0;0;0;0;426;0;0;0;0;0;0;0;0;0;0;0;0;0;0;0;426;0;0;0;0;0;0;0;0;0;0;0;0;0;0;0;426;426;426;426;420;0;0;0;
0;0;0;0;0;0;0;0;0;0;0;0;424;0;0;0;0;0;0;0;0;0;0;0;0;0;0;0;0;0;424;0;0;0;0;0;424;0;426;0;426;0;0;0;0;0;0;0;424;0;0;0;0;0;0;0;0;0;0;0;0;0;424;0;424;0;0;0;0;0;0;0;0;0;0;0;0;0;0;0;0;0;0;0;0;0;0;0;0;0;0;0;0;0;424;426;426;0;0;0;
0;0;424;0;0;0;0;0;0;0;0;0;0;0;0;0;0;0;0;0;0;0;424;0;0;0;0;0;0;0;0;0;0;0;0;0;0;0;0;0;0;0;0;0;0;0;0;0;426;0;0;0;0;0;426;0;426;0;0;0;0;0;0;0;426;0;424;0;424;0;426;0;426;0;0;0;0;0;0;0;426;0;0;0;0;0;426;0;426;0;0;0;0;0;426;0;0;0;0;0;
420;0;0;0;0;0;0;0;0;0;0;0;0;0;0;0;0;0;0;0;0;0;0;0;420;0;0;0;420;0;0;0;0;0;0;0;0;0;0;0;0;0;0;0;0;0;0;0;0;0;0;0;0;0;0;0;0;0;0;0;0;0;0;0;0;0;0;0;0;0;420;0;420;0;0;0;0;0;0;0;0;0;420;0;420;0;0;0;0;0;0;0;420;0;420;0;420;0;0;0;
0;0;0;0;424;0;0;0;0;0;424;0;0;0;0;0;0;0;0;0;424;0;0;0;0;0;0;0;0;0;0;0;424;0;0;0;424;0;0;0;0;0;0;0;0;0;0;0;424;0;0;0;0;0;0;0;0;0;0;0;0;0;0;0;0;0;0;0;424;0;0;0;0;0;424;0;424;0;0;0;424;0;0;0;424;0;0;0;0;0;0;0;0;0;0;0;0;0;0;0;
0;0;424;0;0;0;0;0;424;0;0;0;0;0;0;0;424;0;0;0;0;0;0;0;424;0;424;0;0;0;0;0;424;0;424;0;0;0;424;0;424;0;0;0;424;0;424;0;0;0;0;0;424;0;0;0;424;0;0;0;424;0;0;0;424;0;0;0;0;0;0;0;424;0;424;0;0;0;424;0;0;0;0;0;0;0;0;0;424;0;424;0;0;0;0;0;424;0;0;0;
0;0;0;0;0;0;0;0;0;0;0;0;420;0;0;0;0;0;0;0;0;0;1872;1872;1872;1872;1872;1872;1872;1872;0;0;0;0;0;0;0;0;0;0;0;0;420;0;0;0;0;0;0;0;0;0;0;0;420;0;0;0;420;0;0;0;0;0;0;0;0;0;0;0;0;0;0;0;0;0;0;0;0;0;0;0;0;0;0;0;0;0;0;0;0;0;0;0;0;0;0;0;0;0;
420;0;0;0;0;0;420;0;0;0;0;0;0;0;0;0;0;0;0;0;0;0;1872;0;0;0;0;0;0;0;426;426;0;0;0;0;0;0;0;0;0;0;0;0;0;0;0;0;0;0;0;0;0;0;0;0;0;0;0;0;0;0;0;0;420;0;420;0;0;0;420;0;420;0;0;0;420;0;0;0;0;0;0;0;0;0;0;0;0;0;0;0;0;0;0;0;0;0;0;0;
0;0;0;0;0;0;0;0;424;0;0;0;0;0;424;0;0;0;0;0;0;0;1872;1872;1872;1872;1872;1872;1872;1872;1872;1872;426;0;0;0;424;0;424;0;0;0;0;0;424;0;0;0;0;0;424;0;0;0;0;0;0;0;0;0;0;0;0;0;0;0;0;0;0;0;0;0;424;0;0;0;0;0;0;0;424;0;424;0;424;0;424;0;0;0;424;0;0;0;424;0;0;0;0;0;
424;0;0;0;0;0;0;0;0;0;0;0;0;0;0;0;424;0;0;0;0;0;0;0;0;0;0;0;0;0;0;0;424;0;0;0;0;0;0;0;424;0;0;0;0;0;424;0;0;0;0;0;0;0;0;0;0;0;0;0;0;0;0;0;424;0;0;0;0;0;0;0;0;0;0;0;424;0;0;0;0;0;0;0;0;0;0;0;0;0;0;0;0;0;0;0;420;0;420;0;
0;0;0;0;0;0;0;0;0;0;0;0;0;0;0;0;0;0;0;0;0;0;1872;1872;1872;1872;1872;1872;1872;1872;1872;1872;426;0;0;0;0;0;0;0;0;0;0;0;0;0;0;0;420;0;0;0;420;0;0;0;0;0;0;0;420;0;420;0;0;0;0;0;0;0;0;0;0;0;0;0;0;0;0;0;420;0;0;0;0;0;0;0;420;0;0;0;0;0;0;0;0;0;420;0;
0;0;0;0;0;0;0;0;0;0;0;0;0;0;0;0;0;0;0;0;0;0;1872;0;0;0;0;0;0;0;0;0;0;0;0;0;0;0;0;0;0;0;0;0;422;0;0;0;0;0;0;0;424;0;0;0;0;0;0;0;0;0;0;0;0;0;0;0;0;0;0;0;0;0;0;0;0;0;0;0;0;0;0;0;0;0;0;0;0;0;0;0;0;0;0;0;0;0;0;0;
0;0;0;0;0;0;0;0;0;0;0;0;0;0;0;0;0;0;0;0;0;0;1872;1872;1872;1872;1872;1872;1872;1872;1872;1872;0;0;0;0;0;0;0;0;0;0;424;0;0;0;0;0;0;0;0;0;0;0;0;0;0;0;0;0;0;0;0;0;0;0;0;0;0;0;0;0;0;0;0;0;0;0;0;0;0;0;0;0;0;0;0;0;0;0;0;0;0;0;0;0;0;0;0;0;
0;0;0;0;0;0;420;0;420;0;0;0;0;0;0;0;0;0;0;0;0;0;0;0;1872;0;0;0;0;0;0;1872;0;0;0;0;0;0;0;420;0;0;0;0;0;0;0;0;0;0;0;0;0;0;0;0;0;0;0;0;0;0;0;0;0;0;0;0;0;0;0;0;0;0;0;0;0;0;0;0;0;0;0;0;0;0;0;0;0;0;0;0;0;0;0;0;0;0;0;0;
0;0;0;0;0;0;0;0;0;0;420;0;0;0;0;0;0;0;0;0;0;0;0;1872;1872;1872;1872;1872;1872;1872;1872;1872;0;0;0;0;420;0;0;0;0;0;420;0;420;0;0;0;0;0;0;0;420;0;0;0;0;0;0;0;0;0;3556;3556;3556;3556;3556;3556;3556;3556;3556;3556;3556;3556;3556;3556;3556;3556;3556;3556;3556;3556;3556;3556;3556;3556;3556;3556;3556;3556;3556;3556;3556;3556;3556;3556;3556;0;0;0;
0;0;426;0;426;0;0;0;0;0;0;0;424;0;0;424;0;0;0;0;424;0;0;0;0;0;0;0;0;0;0;0;424;0;0;0;0;0;0;0;0;0;0;0;0;0;0;0;0;0;0;0;0;412;0;0;412;0;0;0;0;0;3556;3556;3556;3556;3556;3556;3556;3556;3556;3556;3556;3556;3556;3556;3556;3556;3556;3556;3556;3556;3556;3556;3556;3556;3556;3556;3556;3556;3556;3556;3556;3556;3556;3556;3556;0;0;0;
0;0;0;0;0;0;0;0;0;0;0;0;0;0;0;0;0;0;0;424;0;0;0;0;424;0;0;0;424;0;0;0;0;0;0;424;424;0;0;424;0;424;424;0;424;0;0;424;0;0;0;0;424;0;0;0;424;0;0;0;0;0;3556;3556;3556;3556;3556;3556;3556;3556;3556;3556;3556;3556;3556;3556;3556;3556;3556;3556;3556;3556;3556;3556;3556;3556;3556;3556;3556;3556;3556;3556;3556;3556;3556;3556;3556;0;0;0;
0;0;420;0;0;0;0;0;0;0;0;0;0;0;0;0;420;0;420;0;0;0;0;0;0;0;420;0;0;0;0;0;0;0;0;0;0;0;0;0;0;0;0;0;0;0;0;0;0;0;0;0;0;0;0;0;0;0;0;0;0;0;3556;3556;3556;3556;3556;3556;3556;3556;3556;3556;3556;3556;3556;3556;3556;3556;3556;3556;3556;3556;3556;3556;3556;3556;3556;3556;3556;3556;3556;3556;3556;3556;3556;3556;3556;0;0;0;
0;0;0;0;0;0;0;0;420;0;0;420;0;0;0;0;0;0;0;0;424;0;0;0;0;0;0;0;0;0;424;0;424;0;424;0;424;0;424;424;424;0;424;0;424;0;424;0;424;0;424;0;0;0;0;424;0;0;0;0;0;0;3556;3556;3556;3556;3556;3556;3556;3556;3556;3556;3556;3556;3556;3556;3556;3556;3556;3556;3556;3556;3556;3556;3556;3556;3556;3556;3556;3556;3556;3556;3556;3556;3556;3556;3556;0;0;0;
424;0;424;0;0;0;0;0;0;0;0;0;0;0;0;0;0;0;0;0;0;0;420;0;0;420;0;420;0;0;0;0;0;0;0;0;0;0;0;0;0;0;0;0;0;0;0;0;0;0;0;0;0;0;0;0;0;0;0;0;0;0;3556;3556;3556;3556;3556;3556;3556;3556;3556;3556;3556;3556;3556;3556;3556;3556;3556;3556;3556;3556;3556;3556;3556;3556;3556;3556;3556;3556;3556;3556;3556;3556;3556;3556;3556;0;0;0;
0;0;0;0;420;0;0;420;426;0;0;0;420;0;420;0;420;0;420;0;0;0;0;0;426;0;0;0;0;0;0;0;0;0;0;0;0;0;0;0;426;0;0;0;0;0;0;0;0;0;0;0;420;0;420;0;426;0;0;0;0;0;3556;3556;3556;3556;3556;3556;3556;3556;3556;3556;3556;3556;3556;3556;3556;3556;3556;3556;3556;3556;3556;3556;3556;3556;3556;3556;3556;3556;3556;3556;3556;3556;3556;3556;3556;0;0;0;
420;0;0;0;0;0;0;0;426;0;0;0;0;0;0;0;0;0;0;0;420;0;0;420;420;0;420;0;420;420;0;420;420;420;0;0;0;420;0;420;426;0;0;0;0;420;0;0;0;420;0;420;0;420;0;0;426;0;0;0;0;0;3556;3556;3556;3556;3556;3556;3556;3556;3556;3556;3556;3556;3556;3556;3556;3556;3556;3556;3556;3556;3556;3556;3556;3556;3556;3556;3556;3556;3556;3556;3556;3556;3556;3556;3556;0;0;0;
0;0;0;0;0;0;0;0;0;0;0;0;426;424;0;424;0;424;426;0;426;0;0;0;0;0;0;0;426;0;0;0;0;0;426;0;426;0;0;0;0;0;0;0;426;0;0;0;0;0;426;0;426;0;0;0;0;0;0;0;0;0;3556;3556;3556;3556;3556;3556;3556;3556;3556;3556;3556;3556;3556;3556;3556;3556;3556;3556;3556;3556;3556;3556;3556;3556;3556;3556;3556;3556;3556;3556;3556;3556;3556;3556;3556;0;0;0;
420;0;0;0;420;0;420;0;0;420;0;0;0;0;0;0;0;0;0;0;0;0;0;0;0;0;0;0;424;0;0;0;424;0;0;0;424;0;0;0;0;0;0;0;424;0;0;0;424;0;0;0;424;0;0;0;0;0;0;0;0;0;0;0;0;0;0;0;0;0;0;0;0;0;0;0;0;0;0;0;0;0;0;0;0;0;0;0;0;0;0;0;0;0;0;0;0;0;0;0;
0;0;0;0;424;0;0;0;0;0;0;0;420;0;0;0;0;0;0;0;0;420;420;0;0;0;0;0;0;0;0;0;0;0;0;0;0;0;0;0;0;0;0;0;0;0;0;0;0;0;0;0;0;0;0;0;0;0;0;0;0;0;0;0;0;0;0;0;0;0;0;0;0;0;0;0;0;0;0;0;0;0;0;0;0;0;0;0;0;0;0;0;0;0;0;0;0;0;0;0;
0;0;0;0;0;0;0;0;0;2496;2496;0;0;0;0;0;0;0;0;0;0;0;0;0;0;0;0;0;0;0;0;0;0;0;0;0;0;0;0;0;0;0;0;0;0;0;0;0;0;0;0;0;0;0;1156;1156;1156;1156;1156;1156;1156;1156;1156;1156;1156;1156;1156;1156;1156;0;0;0;0;0;0;0;0;0;0;0;0;0;0;0;0;0;0;0;0;0;0;0;0;0;0;0;0;0;0;0;
0;0;0;0;0;0;0;0;2496;2496;2496;0;0;0;0;0;0;0;0;0;0;0;0;0;0;0;0;0;0;0;0;0;0;0;0;0;0;0;0;0;0;0;0;0;0;0;0;0;0;0;0;0;0;0;1156;1156;1156;1156;1156;1156;1156;1156;1156;1156;1156;1156;1156;1156;1156;0;0;0;0;0;0;0;1606;1606;1606;1606;1606;1606;1606;1606;1606;1606;1606;1606;1606;1606;1606;1606;0;0;0;0;0;0;0;0;
0;0;0;0;0;0;0;2496;2496;2496;2496;0;0;0;0;0;0;0;0;0;0;0;0;0;0;0;0;0;0;0;0;0;0;0;0;0;0;0;0;0;0;0;0;0;0;0;0;0;0;0;0;0;0;0;1156;1156;1156;1156;1156;1606;1606;1606;1606;1606;1156;1156;1156;1156;1156;0;0;0;0;0;0;0;1606;1606;1606;1606;1606;1606;1606;1606;1606;1606;1606;1606;1606;1606;1606;1606;0;0;0;0;0;0;0;0;
0;0;0;0;0;0;2496;2496;2496;2496;0;0;0;0;0;0;0;0;0;0;0;0;0;0;0;0;0;0;0;0;0;0;0;0;0;0;0;0;0;0;0;0;0;0;0;0;0;0;0;0;0;0;0;0;1156;1156;1156;1156;1156;1606;1606;1606;1606;1606;1156;1156;1156;1156;1156;0;0;0;0;0;0;0;1606;1606;1606;1606;1606;1606;1606;1606;1606;1606;1606;1606;1606;1606;1606;1606;0;0;0;0;0;0;0;0;
0;0;0;0;0;2496;2496;2496;2496;0;0;0;0;0;0;0;0;0;0;0;0;0;0;0;0;0;0;0;0;0;0;0;0;0;0;0;0;0;0;0;0;0;0;0;0;0;0;0;0;0;0;0;0;0;1156;1156;1156;1156;1156;1156;1606;1606;1606;1156;1156;1156;1156;1156;1156;0;0;0;0;0;0;0;0;0;0;0;0;0;0;0;0;0;0;0;0;0;0;0;0;0;0;0;0;0;0;0;
0;0;0;0;0;2496;2496;2496;0;0;0;0;0;0;0;0;0;0;0;0;0;0;0;0;0;0;0;0;0;0;0;0;0;0;0;0;0;0;0;0;0;0;0;0;0;0;0;0;0;0;0;0;0;0;1156;1156;1156;1156;1156;1156;1156;0;1156;1156;1156;1156;1156;1156;1156;0;0;0;0;0;0;0;0;0;0;0;0;0;0;0;0;0;0;0;0;0;0;0;0;0;0;0;0;0;0;0;
0;0;0;0;0;0;2496;0;0;0;0;0;0;0;0;0;0;0;0;0;0;0;0;0;0;0;0;0;0;0;0;0;0;0;0;0;0;0;0;0;0;0;0;0;0;0;0;0;0;0;0;0;0;0;1156;1156;1156;1156;1156;1156;1156;1156;1156;1156;1156;1156;1156;1156;1156;0;0;0;0;0;0;0;0;0;0;0;0;0;0;0;0;0;0;0;0;0;0;0;0;0;0;0;0;0;0;0;
0;0;0;0;0;0;0;0;0;0;0;0;0;0;0;0;0;0;0;0;0;0;0;0;0;0;0;0;0;0;0;0;0;0;0;0;0;0;0;0;0;0;0;0;0;0;0;0;0;0;0;0;0;0;1156;1156;1156;1156;1156;1156;1156;1156;1156;1156;1156;1156;1156;1156;1156;0;0;0;0;0;0;0;0;0;0;0;0;0;0;0;0;0;0;0;0;0;0;0;0;0;0;0;0;0;0;0;
0;0;0;0;0;0;0;0;0;0;0;0;0;0;0;0;0;0;0;0;0;0;0;0;0;0;0;0;0;0;0;0;0;0;0;0;0;0;0;0;0;0;0;0;0;0;0;0;0;0;0;0;0;0;1156;1156;1156;1156;1156;1156;1156;1156;1156;1156;1156;1156;1156;1156;1156;0;0;0;0;0;0;0;0;0;0;0;0;0;0;0;0;0;0;0;0;0;0;0;0;0;0;0;0;0;0;0;
0;0;0;0;0;0;0;0;0;0;0;0;0;0;0;0;0;0;0;0;0;0;0;0;0;0;0;0;0;0;0;0;0;0;0;0;0;0;0;0;0;0;0;0;0;0;0;0;0;0;0;0;0;0;1156;1156;1156;1156;1156;1156;1156;1156;1156;1156;1156;1156;1156;1156;1156;0;0;0;0;0;0;0;0;0;0;0;0;0;0;0;0;0;0;0;0;0;0;0;0;0;0;0;0;0;0;0;
0;0;0;0;0;0;0;0;0;0;0;0;0;0;0;0;0;0;0;0;0;0;0;0;0;0;0;0;0;0;0;0;0;0;0;0;0;0;0;0;0;0;0;0;0;0;0;0;0;0;0;0;0;0;0;0;0;0;0;0;0;0;0;0;0;0;0;0;0;0;0;0;0;0;0;0;0;0;0;0;0;0;0;0;0;0;0;0;0;0;0;0;0;0;0;0;0;0;0;0;
0;0;0;0;0;0;0;0;0;0;0;0;0;0;0;0;0;0;0;0;0;0;0;0;0;0;0;0;0;0;0;0;0;0;0;0;0;0;0;0;0;0;0;0;0;0;0;0;0;0;0;0;0;0;0;0;0;0;0;0;0;0;0;0;0;0;0;0;0;0;0;0;0;0;0;0;0;0;0;0;0;0;0;0;0;0;0;0;0;0;0;0;0;0;0;0;0;0;0;0;
0;0;0;0;0;0;0;0;0;0;0;0;0;0;0;0;0;0;0;0;0;0;0;0;0;0;0;0;0;0;0;0;0;0;0;0;0;0;0;0;0;0;0;0;0;0;0;0;0;0;0;0;0;0;0;0;0;0;0;0;0;0;0;0;0;0;0;0;0;0;0;0;0;0;0;0;0;0;0;0;0;0;0;0;0;0;0;0;0;0;0;0;0;0;0;0;0;0;0;0;
0;0;0;0;0;0;0;0;0;0;0;0;0;0;0;0;0;0;0;0;0;0;0;0;0;0;0;0;0;0;0;0;0;0;0;0;0;0;0;0;0;0;0;0;0;0;0;0;0;0;0;0;0;0;0;0;0;0;0;0;0;0;0;0;0;0;0;0;0;0;0;0;0;0;0;0;0;0;0;0;0;0;0;0;0;0;0;0;0;0;0;0;0;0;0;0;0;0;0;0;
0;0;0;0;0;0;0;0;0;0;0;0;0;0;0;0;0;0;0;0;0;0;0;0;0;0;0;0;0;0;0;0;0;0;0;0;0;0;0;0;0;0;0;0;0;0;0;0;0;0;0;0;0;0;0;0;0;0;0;0;0;0;0;0;0;0;0;0;0;0;0;0;0;0;0;0;0;0;0;0;0;0;0;0;0;0;0;0;0;0;0;0;0;0;0;0;0;0;0;0;
0;0;0;0;0;0;0;0;0;0;0;0;0;0;0;0;0;0;0;0;0;0;0;0;0;0;0;0;0;0;0;0;0;0;0;0;0;0;0;0;0;0;0;0;0;0;0;0;0;0;0;0;0;0;0;0;0;0;0;0;0;0;0;0;0;0;0;0;0;0;0;0;0;0;0;0;0;0;0;0;0;0;0;0;0;0;0;0;0;0;0;0;0;0;0;0;0;0;0;0;
0;0;0;0;0;0;0;0;0;0;0;0;0;0;0;0;0;0;0;0;0;0;0;0;0;0;0;0;0;0;0;0;0;0;0;0;0;0;0;0;0;0;0;0;0;0;0;0;0;0;0;0;0;0;0;0;0;0;0;0;0;0;0;0;0;0;0;0;0;0;0;0;0;0;0;0;0;0;0;0;0;0;0;0;0;0;0;0;0;0;0;0;0;0;0;0;0;0;0;0;
0;0;0;0;0;0;0;0;0;0;0;0;0;0;0;0;0;0;0;0;0;0;0;0;0;0;0;0;0;0;0;0;0;0;0;0;0;0;0;0;0;0;0;0;0;0;0;0;0;0;0;0;0;0;0;0;0;0;0;0;0;0;0;0;0;0;0;0;0;0;0;0;0;0;0;0;0;0;0;0;0;0;0;0;0;0;0;0;0;0;0;0;0;0;0;0;0;0;0;0;
