0;0;0;0;0;0;0;0;0;0;0;0;0;0;0;0;0;0;0;0;0;0;0;0;0;0;0;0;0;0;0;0;0;0;0;0;0;0;0;0;0;0;0;0;0;0;0;0;0;0;0;0;0;0;0;0;0;0;0;0;0;0;0;0;0;0;0;0;0;0;0;0;0;0;0;0;0;0;0;0;0;0;0;0;0;0;0;0;0;0;0;0;0;0;0;0;0;0;0;0;
0;0;0;0;0;0;0;0;0;0;426;0;0;0;0;0;0;0;426;0;0;0;0;0;0;0;426;0;0;0;0;0;0;0;426;0;0;0;0;0;0;0;426;0;0;0;0;0;0;0;426;0;0;0;0;0;0;0;426;0;0;0;0;0;0;0;426;0;0;0;0;0;0;0;426;0;0;0;0;0;0;0;426;0;0;0;0;0;0;0;426;0;0;0;0;0;0;0;426;0;
0;0;0;0;0;0;0;0;0;0;426;0;0;426;0;426;0;0;426;0;0;0;0;0;0;0;426;0;0;426;0;426;0;0;426;0;0;0;0;0;0;0;426;0;0;426;0;426;0;0;426;0;0;0;0;0;0;0;426;0;0;426;0;426;0;0;426;0;0;0;0;0;0;0;426;0;0;426;0;426;0;0;426;0;0;0;0;0;0;0;426;0;0;426;0;426;0;0;426;0;
420;0;0;0;0;0;0;0;426;0;0;0;0;0;0;0;0;0;420;0;420;0;0;0;426;0;0;0;0;0;422;0;420;0;0;0;0;0;422;0;426;0;0;0;0;0;420;0;0;0;0;0;420;0;0;0;426;0;0;0;0;0;420;0;0;0;0;0;0;0;0;0;426;0;0;0;0;0;0;0;0;0;420;0;420;0;0;0;426;0;0;0;0;0;0;0;420;0;0;0;
0;0;424;0;0;0;426;0;0;0;0;0;0;0;424;0;0;0;0;0;426;0;426;0;0;0;0;0;0;0;0;0;0;0;424;0;426;0;426;0;0;0;0;0;0;0;0;0;0;424;0;0;426;424;426;0;0;0;0;0;0;0;0;0;0;0;0;0;426;0;426;0;0;0;0;0;0;0;424;0;0;0;0;0;426;0;424;0;0;0;0;0;0;0;0;0;0;0;424;0;
0;0;0;0;424;0;424;0;0;0;0;0;0;0;0;0;0;0;0;0;0;0;424;0;0;0;0;0;0;0;0;0;0;0;0;0;424;0;0;0;0;0;0;0;0;0;0;0;0;0;0;0;0;0;0;0;0;0;0;0;0;0;0;0;424;424;0;0;0;0;424;0;0;0;0;0;0;0;0;0;0;0;0;0;0;0;0;0;424;0;0;0;0;0;0;0;0;0;0;0;
0;0;0;0;0;0;0;0;0;0;0;0;0;0;0;0;0;0;0;0;0;0;0;0;0;0;0;0;0;0;0;0;0;0;0;0;0;0;0;0;0;0;0;0;0;0;0;0;0;0;0;0;0;0;0;0;0;0;0;0;0;0;0;0;0;0;0;0;0;0;0;0;0;0;0;0;0;0;0;0;0;0;0;0;0;0;0;0;0;0;0;0;0;0;0;0;0;0;0;0;
0;0;0;0;0;424;0;0;0;0;0;0;0;0;0;0;0;0;0;0;0;0;424;0;0;0;0;0;0;0;0;0;0;0;0;0;0;0;424;0;0;0;0;0;0;0;0;0;0;0;0;0;0;0;0;0;0;0;0;0;0;0;0;0;0;0;0;0;424;0;0;0;0;0;0;0;0;0;0;0;0;0;0;0;0;0;424;0;0;0;0;424;0;0;0;0;0;0;0;0;
0;0;0;0;0;0;424;0;0;0;0;0;0;0;424;0;0;0;0;0;0;0;424;0;0;0;0;0;0;0;0;0;0;0;0;0;0;0;0;0;0;0;0;0;0;0;424;0;0;0;0;0;0;0;424;0;0;0;0;0;0;0;0;0;0;0;0;0;0;424;424;0;0;0;0;0;0;0;424;0;0;0;0;0;0;0;424;0;0;0;0;0;0;0;0;0;0;0;0;0;
0;0;0;0;0;0;0;0;0;0;0;0;0;0;0;0;54;0;0;0;0;0;0;0;0;0;0;0;0;0;0;0;0;0;0;0;0;0;0;0;0;0;0;0;0;0;0;0;0;0;0;0;0;0;0;0;0;0;0;0;0;0;0;0;0;0;0;0;0;0;0;0;0;0;0;0;0;0;0;0;0;0;0;0;0;0;0;0;0;0;0;0;0;0;0;0;0;0;0;0;
0;0;0;0;0;54;54;54;54;54;54;54;54;54;54;54;54;54;54;54;54;54;420;54;54;54;54;54;54;54;54;54;54;0;0;0;0;0;422;0;118;0;0;0;0;0;420;0;0;0;0;0;0;0;0;0;0;0;0;0;0;118;118;0;0;0;0;0;0;0;420;0;0;0;0;0;0;0;0;0;0;0;0;0;0;0;420;0;0;0;0;0;0;0;0;0;0;0;0;0;
0;0;0;54;54;54;54;54;54;54;54;54;54;54;54;54;54;54;54;54;54;54;54;54;54;54;54;54;54;54;54;54;54;54;0;0;0;0;0;118;118;0;0;0;0;0;0;0;0;0;0;0;0;0;424;0;0;0;0;0;0;118;118;118;0;0;0;0;0;0;0;0;0;0;0;0;0;0;424;0;0;0;0;0;0;0;426;0;0;0;0;0;0;0;0;0;0;0;0;0;
0;54;54;54;54;54;424;54;54;54;54;54;54;54;54;54;54;54;54;54;54;54;54;54;54;54;54;54;54;54;54;54;54;54;54;0;0;0;424;118;118;118;118;118;118;118;424;118;118;118;118;118;118;118;424;118;118;118;118;118;118;118;118;118;118;0;424;0;0;0;424;0;0;0;0;0;118;118;118;118;54;54;54;118;118;118;118;0;0;0;0;0;0;0;0;0;0;0;0;0;
0;54;54;54;54;54;54;54;54;54;54;54;54;54;420;54;54;54;54;54;54;54;54;54;54;54;54;54;54;54;54;54;54;54;54;0;0;118;118;118;118;118;118;0;0;0;0;0;0;0;0;0;0;0;0;0;0;0;0;118;118;118;118;118;118;0;0;612;54;284;284;284;284;284;54;0;118;118;420;118;54;54;54;118;118;118;118;0;54;284;284;284;284;284;54;200;0;0;0;0;
0;54;54;54;54;54;54;54;54;54;54;54;54;54;54;54;54;54;54;54;54;54;54;54;54;54;54;54;54;54;54;54;54;54;54;0;0;118;118;118;118;118;0;1156;1606;1606;1606;1606;1606;1606;1606;1606;1606;1606;1606;1606;1606;1606;1156;0;118;118;118;118;118;0;0;612;612;284;284;284;284;284;54;0;118;118;118;118;54;54;54;118;118;118;118;0;54;284;284;284;284;284;284;200;0;0;0;0;
0;54;54;54;54;54;426;54;54;54;54;54;54;54;426;54;54;54;54;54;54;54;54;54;54;54;54;54;54;54;54;54;54;54;54;0;0;118;118;118;118;0;1156;1606;1606;1606;1606;1606;1606;1606;1606;1606;1606;1606;1606;1606;1606;1606;1606;1156;0;118;118;118;118;0;0;612;284;284;284;284;284;284;54;284;118;118;118;118;54;54;54;118;118;118;118;284;54;284;284;284;284;284;284;0;0;0;0;0;
0;54;54;54;54;54;426;54;54;426;54;426;54;54;426;54;54;54;54;54;54;54;54;54;54;54;54;54;54;54;54;54;54;54;54;0;0;118;118;118;118;0;1606;1606;1606;1606;1606;1606;1606;1606;1606;1606;1606;1606;1606;1606;1606;1606;1606;1606;0;118;118;118;118;0;0;0;0;0;0;0;0;0;0;0;118;118;118;118;54;54;54;118;118;118;118;0;0;0;0;0;0;0;0;0;0;0;0;0;
0;54;54;54;426;54;54;54;54;54;54;54;54;54;54;54;54;54;54;54;54;54;54;54;54;54;54;54;54;54;54;54;54;54;54;0;0;118;420;118;420;0;1606;1606;1606;1606;1606;1606;1606;420;1606;1606;1606;1606;1606;1606;1606;1606;1606;1606;0;118;118;118;118;0;0;612;54;612;420;612;420;612;54;0;118;118;118;118;54;54;420;118;118;118;118;0;54;200;200;200;200;200;54;200;0;0;0;0;
426;54;426;54;54;54;54;54;54;54;424;54;54;54;54;54;426;54;426;54;54;54;54;54;54;54;426;426;426;426;426;54;54;54;54;0;0;118;118;118;118;424;1606;1606;424;1606;1606;1606;424;1606;1606;424;1606;1606;1606;1606;1606;1606;1606;1606;0;118;118;118;118;0;0;612;612;612;612;612;612;424;54;0;424;118;118;118;424;54;54;118;118;118;118;0;54;200;200;200;200;200;200;200;0;0;0;0;
424;54;424;54;54;54;54;54;54;54;54;54;54;54;424;54;424;54;424;54;54;54;54;54;54;54;54;54;54;54;54;54;54;54;54;0;0;118;118;118;118;0;1606;1606;1606;424;1606;1606;1606;1606;1606;1606;1606;1606;1606;1606;1606;1606;1606;1606;0;118;118;118;118;0;0;612;612;612;612;612;612;612;54;612;118;424;118;118;54;54;54;118;118;118;118;200;54;200;200;200;200;200;200;200;3556;0;0;0;
0;0;54;54;54;54;54;54;54;54;54;54;54;54;54;54;54;54;54;54;54;54;54;54;54;54;54;54;54;54;54;54;54;54;426;0;0;118;118;118;118;1606;1606;1606;1606;1606;1606;1606;1606;1606;1606;1606;1606;1606;1606;1606;1606;1606;1606;1606;1606;118;118;118;118;0;0;0;0;0;0;0;0;0;0;0;118;118;118;118;54;54;54;118;118;412;118;0;0;0;0;0;0;0;0;0;0;0;0;0;
0;424;424;54;54;54;54;54;54;54;424;54;54;54;54;54;54;54;54;54;54;54;54;54;54;54;54;54;54;54;54;54;54;54;424;0;0;118;118;118;118;1606;1606;1606;1606;1606;1606;1606;1606;1606;1606;1606;1606;1606;1606;1606;1606;424;1606;1606;1606;118;424;118;424;0;0;612;54;612;612;612;612;612;54;0;118;118;118;118;54;54;54;118;118;118;118;0;54;200;200;200;200;200;54;200;0;0;0;0;
0;0;0;0;0;0;0;0;0;0;424;54;54;54;54;54;54;54;424;54;54;54;54;54;54;54;54;54;54;54;54;54;54;54;54;0;0;118;118;118;118;0;424;0;0;0;426;0;0;0;0;0;424;0;0;0;424;0;0;0;0;118;118;118;118;0;0;612;612;612;612;612;612;612;54;0;118;118;118;118;54;54;54;118;118;118;118;0;54;200;200;200;200;200;200;200;0;0;0;0;
0;54;54;54;54;54;54;54;54;0;54;54;54;54;54;54;54;54;54;54;54;54;54;54;54;54;54;54;54;54;54;54;54;54;54;0;0;118;426;118;118;426;118;426;118;118;426;118;118;118;118;118;118;118;118;118;118;118;118;118;118;118;118;118;118;0;0;612;612;612;612;612;612;612;54;612;118;118;118;118;54;54;54;118;118;118;118;200;54;200;200;200;200;200;200;200;0;0;0;0;
0;54;422;54;54;54;54;54;54;54;422;54;54;54;54;54;54;54;420;54;54;54;54;54;54;54;54;54;54;54;54;54;54;54;54;54;118;118;118;118;118;118;118;118;118;118;118;118;118;118;118;118;118;118;420;118;118;118;422;118;118;118;118;118;118;0;420;118;118;118;118;118;118;118;118;118;118;118;118;118;54;54;54;118;118;118;118;0;0;0;0;0;0;0;0;0;0;0;0;0;
0;54;54;54;54;54;54;54;54;54;424;54;54;54;54;54;54;54;54;54;54;54;54;54;0;54;54;54;54;54;54;54;54;54;54;54;118;118;118;118;118;118;118;118;424;118;118;118;426;118;426;118;118;118;118;118;118;118;118;118;118;118;118;118;118;118;118;118;118;118;118;118;118;118;118;118;118;118;118;118;54;54;54;118;118;118;118;118;118;118;118;118;118;118;118;118;0;0;0;0;
0;0;424;0;0;0;0;0;0;0;0;284;284;284;284;284;284;284;424;284;284;284;284;0;0;284;284;284;284;284;284;54;54;54;54;54;118;118;424;118;118;118;118;118;118;118;118;118;118;118;424;118;118;118;118;118;118;118;118;118;424;118;118;118;118;118;118;118;424;118;118;118;118;118;118;118;118;118;118;118;54;54;54;118;118;118;118;118;118;118;118;118;118;118;118;118;0;0;0;0;
0;0;0;0;0;0;0;0;0;0;0;0;284;284;284;284;284;284;284;284;284;284;0;0;0;0;284;284;284;284;0;0;0;54;54;54;118;118;118;118;118;118;118;118;118;118;420;118;118;118;118;118;118;118;118;118;118;118;118;118;118;118;118;118;118;118;118;118;118;118;118;118;118;118;118;118;118;118;118;118;54;54;54;118;118;118;118;118;118;118;118;118;118;118;118;118;0;0;0;0;
0;0;0;0;0;0;0;0;0;0;0;0;0;284;0;284;284;284;284;284;284;0;0;0;0;0;0;0;0;0;0;0;0;0;0;0;118;118;118;118;118;118;118;118;118;118;118;118;118;118;118;118;118;118;118;118;118;118;118;118;118;118;118;118;118;118;118;118;118;118;118;118;118;118;2796;118;118;118;118;118;118;118;118;118;118;118;0;0;0;0;0;0;0;0;0;0;0;0;0;0;
0;0;0;0;0;0;0;0;0;0;0;0;0;0;284;284;284;284;284;284;0;0;0;0;0;0;0;0;0;0;0;0;0;0;0;0;0;0;0;0;0;0;0;0;0;0;0;0;118;118;118;118;118;0;0;0;0;0;0;0;0;0;0;0;0;0;0;0;0;0;0;0;0;0;2796;0;0;0;118;118;118;118;118;118;118;0;0;0;0;0;0;0;0;0;0;0;0;0;0;0;
0;0;0;0;0;0;0;0;0;0;0;0;0;0;0;0;0;0;0;0;0;0;0;0;0;0;200;200;200;200;200;200;0;200;200;200;54;54;200;200;54;54;200;200;54;54;200;200;118;118;118;118;118;200;200;200;200;200;200;200;200;200;200;200;200;200;200;200;200;200;200;200;200;200;200;0;0;0;0;118;118;118;118;118;0;0;0;0;0;0;0;0;0;0;0;0;0;0;0;0;
0;0;0;0;0;0;0;0;0;0;0;0;0;0;0;0;0;0;0;0;0;0;0;0;0;0;200;200;200;200;200;200;200;200;200;200;54;54;200;200;54;54;200;200;54;54;200;200;118;118;118;118;118;200;200;200;200;200;200;200;200;200;200;200;200;200;200;200;200;200;200;200;200;200;200;0;0;0;0;0;0;0;0;0;0;54;0;0;0;0;0;0;0;0;0;0;0;0;0;0;
0;0;0;0;0;0;612;612;612;612;0;0;0;0;0;0;0;0;0;0;0;0;0;0;0;0;200;200;200;200;200;200;0;200;200;200;200;200;200;200;200;200;200;200;200;200;200;200;118;118;118;118;118;200;200;200;200;200;200;200;200;200;200;200;200;200;200;200;200;200;200;200;200;200;200;0;0;0;0;0;0;0;0;0;0;0;0;0;0;0;0;0;0;0;0;0;0;0;0;0;
0;0;0;0;0;0;612;612;612;612;0;0;0;0;0;0;0;0;0;0;0;0;0;0;0;0;0;0;0;0;0;0;0;0;0;0;0;0;0;0;0;0;0;0;0;0;0;0;118;118;118;118;118;0;0;0;0;0;0;0;0;0;0;0;0;0;0;0;0;0;0;0;0;0;0;0;0;0;0;0;0;0;0;0;0;0;0;0;0;0;0;612;612;612;0;0;0;0;0;0;
0;0;0;0;0;0;612;612;612;612;612;612;612;612;612;612;612;612;612;612;612;612;612;0;0;0;284;284;284;284;284;284;284;284;284;0;284;612;612;612;612;612;612;612;612;612;612;612;612;612;612;612;612;612;612;612;612;612;612;612;612;612;612;612;0;200;200;200;200;200;200;200;200;200;200;0;0;284;54;54;284;284;284;284;284;284;284;284;284;612;612;612;612;612;0;0;0;0;0;0;
0;0;0;0;0;612;612;612;612;612;612;612;612;612;612;612;612;612;612;612;612;612;612;0;0;0;200;650;284;284;284;284;284;284;284;284;0;612;612;612;612;612;612;612;612;612;612;612;612;612;612;612;612;612;612;612;612;612;612;612;612;612;612;612;0;200;200;200;200;200;200;200;200;650;200;0;0;284;54;54;284;284;284;284;284;284;284;284;284;612;612;612;612;612;612;0;0;0;0;0;
0;0;0;0;612;612;612;612;612;612;612;612;612;612;612;612;612;612;612;612;612;612;612;0;0;200;200;284;284;284;284;284;284;284;284;284;284;612;612;612;612;612;612;612;612;612;612;612;612;612;612;612;612;612;612;612;612;612;612;612;612;612;612;612;612;200;200;200;200;200;200;200;200;200;200;0;0;284;284;284;284;284;3556;284;3556;284;3556;284;284;612;612;612;612;612;612;0;0;0;0;0;
0;0;0;0;612;612;612;612;612;612;612;0;0;0;0;0;0;0;0;0;0;0;0;0;0;0;0;0;0;0;0;0;0;0;0;0;0;612;612;612;612;612;612;612;612;612;612;0;0;0;0;0;0;0;612;612;612;612;612;612;612;612;612;612;0;0;0;0;0;0;0;0;0;0;0;0;0;0;0;0;0;0;0;0;0;0;0;0;0;612;612;612;612;612;612;612;0;0;0;0;
0;0;0;612;612;612;612;612;612;612;612;200;200;200;200;200;200;200;200;200;200;200;0;0;0;200;200;200;200;200;200;200;200;200;200;0;612;612;612;612;612;612;612;612;612;612;0;0;3004;3004;3004;3004;3004;0;0;612;612;612;612;612;612;612;612;612;612;0;200;200;200;200;200;200;200;54;54;54;0;0;200;200;200;200;200;200;200;200;200;200;200;612;612;612;612;612;612;612;612;0;0;0;
0;0;0;612;612;612;612;612;612;612;612;200;200;200;3004;200;200;200;200;3004;200;200;0;0;0;200;650;200;200;200;200;200;200;200;200;0;612;612;612;612;612;612;612;612;612;0;0;3004;3004;3004;3004;3004;3004;3004;0;0;612;612;612;612;612;612;612;612;612;0;200;200;200;200;200;200;200;200;650;200;0;0;200;650;200;200;200;200;200;200;200;200;200;612;612;612;612;612;612;612;612;0;0;0;
0;0;612;612;612;612;612;612;612;612;612;200;200;200;200;200;200;200;200;200;200;200;0;0;0;200;200;200;200;200;200;200;200;200;200;612;612;612;612;612;612;612;612;612;0;0;3004;3004;3004;3004;3004;3004;3004;3004;3004;0;0;612;612;612;612;612;612;612;612;612;200;200;200;200;200;200;200;200;200;200;0;0;200;200;200;200;200;200;200;200;200;200;200;612;612;612;612;612;612;612;612;612;0;0;
0;612;612;612;612;612;612;612;612;612;0;2796;2796;2796;2796;2796;0;2796;2796;2796;2796;0;0;0;0;0;0;0;0;0;0;0;0;0;0;0;612;612;612;612;612;612;612;0;0;3004;3004;3004;3004;3004;3004;3004;3004;3004;3004;3004;682;682;612;612;612;612;612;612;612;0;0;0;0;0;0;0;0;0;0;0;0;0;682;0;0;0;0;0;0;0;0;0;0;0;612;612;612;612;612;612;612;612;612;0;
0;612;612;612;612;612;612;612;612;612;2796;2796;2796;2796;2796;2796;2796;2796;1606;1606;1606;2796;0;0;200;200;200;200;200;200;200;200;200;200;0;612;612;612;612;612;612;612;0;0;3004;3004;3004;3004;3004;3004;3004;3004;3004;3004;3004;3004;3004;0;0;612;612;612;612;612;612;612;0;200;200;200;200;200;200;200;200;200;200;0;682;200;200;200;200;200;200;200;200;200;200;200;612;612;612;612;612;612;612;612;612;0;
0;612;612;612;612;612;612;612;612;2796;2796;2796;2796;2796;2796;2796;2796;2796;1606;1606;1606;2796;0;0;200;650;200;200;200;200;200;200;200;200;0;612;612;612;612;612;612;0;0;3004;3004;3004;3004;3004;3004;3004;3004;3004;3004;3004;3004;3004;3004;3004;0;0;612;612;612;612;612;612;0;200;200;200;200;200;200;200;200;650;200;0;0;200;650;200;200;200;200;200;200;200;200;200;612;612;612;612;612;612;612;612;612;0;
0;0;612;612;612;612;612;612;612;2796;2796;2796;2796;2796;2796;2796;2796;2796;1606;1606;1606;2796;0;0;200;200;200;200;200;200;200;200;200;200;200;612;612;612;612;612;0;0;3004;3004;3004;3004;3004;3004;3004;3004;3004;3004;3004;3004;3004;3004;3004;3004;3004;0;682;612;612;612;612;612;612;200;200;200;200;200;200;200;200;200;200;0;682;200;200;200;200;200;200;200;200;200;200;200;612;612;612;612;612;612;612;612;0;0;
612;0;0;612;612;612;612;612;612;2796;2796;2796;2796;2796;0;0;0;0;0;0;0;0;0;0;0;0;0;0;0;0;0;0;0;0;0;612;612;612;612;612;0;3004;3004;3004;3004;3004;3004;3004;3004;3004;3004;3004;3004;3004;3004;3004;3004;3004;3004;3004;682;612;612;612;612;612;0;0;0;0;0;682;682;682;682;682;682;682;682;0;0;0;0;0;0;0;0;0;0;0;0;612;612;612;612;612;612;0;0;0;
0;0;0;0;612;612;612;612;612;612;612;612;612;612;612;612;612;612;612;612;200;200;54;54;54;54;54;54;54;54;200;200;612;612;612;612;612;612;612;612;3004;3004;3004;3004;3004;3004;3004;3004;3004;3004;3004;1156;3004;3004;3004;3004;3004;3004;3004;3004;3004;612;612;612;612;612;612;612;612;200;200;54;54;54;54;54;54;54;54;200;200;612;612;612;612;612;612;612;612;612;612;612;612;612;612;612;612;612;612;0;
0;0;0;0;0;612;612;612;612;612;612;612;612;612;612;612;612;612;612;612;200;200;54;54;54;200;200;54;54;54;200;200;612;612;612;612;612;612;612;612;3004;3004;3004;3004;3004;3004;3004;3004;3004;3004;0;3004;3004;3004;3004;3004;3004;3004;3004;3004;3004;612;612;612;612;612;612;612;612;200;200;54;54;54;200;200;54;54;54;200;200;612;612;612;612;612;612;612;612;612;612;612;612;612;612;612;612;612;612;0;
0;0;0;0;0;0;0;0;0;0;0;0;0;0;0;0;0;0;0;0;200;200;200;54;54;54;54;54;54;200;200;200;0;0;0;0;0;0;0;0;0;0;0;0;0;2796;3004;3004;0;3082;0;3082;2788;3004;3004;2796;0;0;682;682;2796;2796;2796;2796;2796;2796;2796;2796;0;200;200;200;54;54;54;54;54;54;200;200;200;2788;2788;2788;2788;2788;2788;0;0;0;0;0;0;0;0;0;0;0;0;0;
0;0;0;200;200;200;54;200;200;0;200;200;200;54;54;54;200;200;200;0;0;200;200;200;54;54;54;54;200;200;200;0;0;200;200;54;54;54;54;200;0;2788;3004;3004;3004;3004;3004;3004;3004;3004;3004;3004;3004;3004;3004;3004;3004;3004;3004;2788;2796;2796;2796;2796;2796;2796;2796;2796;2796;2796;200;200;200;54;54;54;54;200;200;200;0;2788;0;0;0;0;0;0;0;0;0;0;0;0;0;0;0;0;0;0;
0;0;200;200;200;54;54;54;200;0;200;200;54;54;54;54;54;200;200;200;0;0;200;200;200;54;54;200;200;54;0;0;200;200;200;54;54;54;54;200;0;2788;2788;2788;3004;3004;3004;3004;3004;3004;3004;3004;3004;3004;3004;3004;3004;2788;2788;682;2796;2796;2796;2796;2796;2796;2796;2796;2796;2796;2796;200;200;200;54;54;200;200;200;0;2788;0;0;0;0;0;0;0;0;0;0;0;0;0;0;0;0;0;0;0;
0;200;200;200;200;200;54;200;200;200;200;200;200;54;54;54;200;200;200;200;200;0;0;200;200;54;54;200;200;0;0;200;200;200;200;200;54;54;200;200;1322;0;0;0;2788;3004;3004;3004;3004;3004;3004;3004;3004;3004;3004;3004;2788;2788;682;682;2796;2796;2796;2796;2796;2796;2796;2796;2796;2796;2796;2796;200;200;54;54;200;200;0;2788;0;0;0;0;0;0;0;0;0;0;0;0;0;0;0;0;0;0;0;0;
0;200;200;200;200;200;200;200;200;200;200;200;200;200;200;200;200;200;0;200;200;200;200;200;200;54;54;200;200;200;200;200;200;200;200;200;200;200;200;200;1322;0;0;0;2788;2788;2788;2788;2788;2788;2788;2788;0;2788;2788;2788;2788;0;682;2796;2796;2796;2796;2796;2796;2796;2796;2796;2796;2796;2796;2796;200;200;54;54;200;200;0;0;0;0;0;0;0;0;0;0;0;0;0;0;0;0;0;0;0;0;0;0;
0;0;0;0;0;0;0;0;0;0;0;0;0;0;0;0;0;0;0;0;0;0;0;0;0;52;52;0;0;0;0;0;0;0;0;0;0;0;0;0;0;0;0;0;0;0;0;0;0;0;0;0;0;0;0;0;0;0;0;2796;2796;2796;2796;2796;2796;2796;2796;2796;2796;2796;2796;2796;2796;2796;0;2796;0;2796;2796;0;0;0;0;0;0;0;0;0;0;0;0;0;0;0;0;0;0;0;0;0;
14;14;14;14;14;14;14;14;14;14;14;14;14;14;14;14;14;14;14;14;14;14;14;14;14;14;14;14;14;14;14;14;14;14;14;14;14;14;14;14;14;14;14;14;14;14;14;14;14;14;14;14;14;14;14;14;14;14;14;14;14;14;14;14;14;14;14;14;14;14;14;14;14;14;14;14;14;14;14;14;14;14;14;14;14;14;14;14;14;14;14;14;14;14;14;14;14;14;14;14;
14;14;14;14;14;14;14;14;14;14;14;14;14;14;14;14;14;14;14;14;14;14;14;14;14;14;14;14;14;14;14;14;14;14;14;14;14;14;14;14;14;14;14;14;14;14;14;14;14;14;14;14;14;14;14;14;14;14;14;14;14;14;14;14;14;14;14;14;14;14;14;14;14;14;14;14;14;14;14;14;14;14;14;14;14;14;14;14;14;14;14;14;14;14;14;14;14;14;14;14;
14;14;14;14;14;14;14;14;14;14;14;14;14;14;14;14;14;14;14;14;14;14;14;14;14;14;14;14;14;14;14;14;14;14;14;14;14;14;14;14;14;14;14;14;14;14;14;14;14;14;14;14;14;14;14;14;14;14;14;14;14;14;14;14;14;14;14;14;14;14;14;14;14;14;14;14;14;14;14;14;14;14;14;14;14;14;14;14;14;14;14;14;14;14;14;14;14;14;14;14;
14;14;14;14;14;14;14;14;14;14;14;14;14;14;14;14;14;14;14;14;14;14;14;14;14;14;14;14;14;14;14;14;14;14;14;14;14;14;14;14;14;14;14;14;14;14;14;14;14;14;14;14;14;14;14;14;14;14;14;14;14;14;14;14;14;14;14;14;14;14;14;14;14;14;14;14;14;14;14;14;14;14;14;14;14;14;14;14;14;14;14;14;14;14;14;14;14;14;14;14;
14;14;14;14;14;14;14;14;14;14;14;14;14;14;14;14;14;14;14;14;14;14;14;14;14;14;14;14;14;14;14;14;14;14;14;14;14;14;14;14;14;14;14;14;14;14;14;14;14;14;14;14;14;14;14;14;14;14;14;14;14;14;14;14;14;14;14;14;14;14;14;14;14;14;14;14;14;14;14;14;14;14;14;14;14;14;14;14;14;14;14;14;14;14;14;14;14;14;14;14;
566;14;14;14;14;14;14;14;14;14;14;14;14;14;14;14;14;14;14;14;14;14;14;14;14;14;14;14;14;14;14;14;14;14;14;14;14;14;14;14;14;14;14;14;14;14;14;14;14;14;14;14;14;14;14;14;14;14;14;14;14;14;14;14;14;14;14;14;14;14;14;14;14;14;14;14;14;14;14;14;14;14;14;14;14;14;14;14;14;14;14;14;14;14;14;14;14;14;14;14;
