0;0;0;0;0;0;0;0;0;0;0;0;0;0;0;0;0;0;0;0;0;0;0;0;0;0;0;0;0;0;0;0;0;0;0;0;0;0;0;0;0;0;0;0;0;0;0;0;0;0;0;0;0;0;0;0;0;0;0;0;0;0;0;0;0;0;0;0;0;0;0;0;0;0;0;0;0;0;0;0;0;0;0;0;0;0;0;0;0;0;0;0;0;0;0;0;0;0;0;0;
0;0;0;0;0;0;0;0;0;0;0;0;0;0;0;0;0;0;0;0;0;0;0;0;0;0;0;0;0;0;0;0;0;0;0;0;0;0;0;0;0;0;0;0;0;0;0;0;0;0;0;0;0;0;0;0;0;0;0;0;0;0;0;0;0;0;0;0;0;0;0;0;0;0;0;0;0;0;0;0;0;0;0;0;0;0;0;0;0;0;0;0;0;0;0;0;0;0;0;0;
0;0;0;0;0;0;0;0;0;0;0;0;0;0;0;0;0;0;0;0;0;0;0;0;0;0;0;0;0;0;0;0;0;0;0;0;0;0;0;0;0;0;0;0;0;0;0;0;0;0;0;0;0;0;0;0;0;0;0;0;0;0;0;0;0;0;0;0;0;0;0;0;0;0;0;0;0;0;0;0;0;0;0;0;0;0;0;0;0;0;0;0;0;0;0;0;0;0;0;0;
0;0;0;0;0;0;0;0;0;0;0;0;0;0;0;0;0;0;0;0;0;0;0;0;0;0;0;0;0;0;0;0;0;0;0;0;0;0;0;0;0;0;0;0;0;0;0;0;0;0;0;0;0;0;0;0;0;0;0;0;0;0;0;0;0;0;0;0;0;0;0;0;0;0;0;0;0;0;0;0;0;0;0;0;0;0;0;0;0;0;0;0;0;0;0;0;0;0;0;0;
0;0;0;0;0;0;0;0;0;0;0;0;0;0;0;0;0;0;0;0;0;0;0;0;0;0;0;0;0;0;0;0;0;0;0;0;0;0;0;0;0;0;0;0;0;0;0;0;0;0;0;0;0;0;0;0;0;0;0;0;0;0;0;0;0;0;0;0;0;0;0;0;0;0;0;0;0;0;0;0;0;0;0;0;0;0;0;0;0;0;0;0;0;0;0;0;0;0;0;0;
0;0;0;0;0;0;0;0;0;0;0;0;0;0;0;0;0;0;0;0;0;0;0;0;0;0;0;0;0;0;0;0;0;0;0;0;0;0;0;0;0;0;0;0;0;0;0;0;0;0;0;0;0;0;0;0;0;0;0;0;0;0;0;0;0;0;0;0;0;0;0;0;0;0;0;0;0;0;0;0;0;0;0;0;0;0;0;0;0;0;0;0;0;0;0;0;0;0;0;0;
0;0;0;0;0;0;0;0;0;0;0;0;0;0;0;0;0;0;0;0;0;0;0;0;0;0;0;0;0;0;0;0;0;0;0;0;0;0;0;0;0;0;0;0;0;0;0;0;0;0;0;0;0;0;0;0;0;0;0;0;0;0;0;0;0;0;0;0;0;0;0;0;0;0;0;0;0;0;0;0;0;0;0;0;0;0;0;0;0;0;0;0;0;0;0;0;0;0;0;0;
0;0;0;0;0;0;0;0;0;0;0;0;0;0;0;0;0;0;0;0;0;0;0;0;0;0;0;0;0;0;0;0;0;0;0;0;0;0;0;0;0;0;0;0;0;0;0;0;0;0;0;0;0;0;0;0;0;0;0;0;0;0;0;0;0;0;0;0;0;0;0;0;0;0;0;0;0;0;0;0;0;0;0;0;0;0;0;0;0;0;0;0;0;0;0;0;0;0;0;0;
0;0;0;0;0;0;0;0;0;0;0;0;0;0;0;0;0;0;0;0;0;0;0;0;0;0;0;0;0;0;0;0;0;0;0;0;0;0;0;0;0;0;0;0;0;0;0;0;0;0;0;0;0;0;0;0;0;0;0;0;0;0;0;0;0;0;0;0;0;0;0;0;0;0;0;0;0;0;0;0;0;0;0;0;0;0;0;0;0;0;0;0;0;0;0;0;0;0;0;0;
0;0;0;0;0;0;0;0;0;0;0;0;0;0;0;0;0;0;0;0;0;0;0;0;0;0;0;0;0;0;14;14;14;14;0;0;0;0;0;0;0;0;14;14;14;14;14;14;14;14;14;14;0;0;0;0;0;0;0;0;0;0;0;0;0;0;0;0;0;0;0;0;0;0;0;0;0;0;0;0;0;0;0;0;0;0;0;0;0;0;0;0;0;0;0;0;0;0;0;0;
0;0;0;0;0;0;0;0;0;0;0;0;0;0;0;0;0;0;0;0;0;0;0;0;0;0;0;0;0;14;14;14;14;14;14;14;14;14;14;14;0;0;14;14;14;14;14;14;14;14;14;14;14;0;0;0;0;0;0;0;0;0;0;0;0;0;0;0;0;0;0;0;0;0;0;0;0;0;0;0;0;0;0;14;0;14;0;0;0;0;0;0;0;0;0;0;0;0;0;0;
0;0;0;0;0;0;0;0;0;0;0;0;0;0;0;0;0;0;0;0;0;0;0;0;0;0;0;0;0;0;0;0;0;14;14;14;14;0;14;14;0;0;0;0;0;0;0;0;0;0;0;14;0;0;0;0;0;0;0;0;0;0;0;0;0;0;0;0;0;0;0;0;0;0;0;0;0;0;0;0;0;0;0;0;0;0;0;0;0;0;0;0;0;0;0;0;0;0;0;0;
0;0;0;0;0;0;0;0;0;0;0;0;0;0;0;0;0;0;0;0;0;0;0;0;0;0;0;0;0;0;0;0;0;14;0;14;14;14;14;14;14;14;0;14;14;14;14;14;14;14;0;14;14;14;0;14;14;14;14;14;14;14;14;14;0;0;0;0;0;0;0;0;0;0;14;14;14;14;0;14;0;0;0;14;14;0;0;0;0;0;14;14;0;0;0;0;0;0;0;0;
0;0;0;0;0;0;0;0;0;0;0;0;0;0;0;0;0;0;0;0;0;0;0;0;0;0;0;0;0;0;0;0;0;0;0;0;0;0;0;0;0;0;0;0;0;0;0;0;0;0;0;0;0;0;0;0;0;0;0;0;0;0;0;0;0;0;0;0;0;0;0;0;0;0;0;0;0;0;0;0;0;0;0;0;0;0;0;0;0;0;0;0;0;0;0;0;0;0;0;0;
0;0;0;0;0;0;0;0;0;0;0;0;0;0;0;0;0;0;0;0;0;0;0;0;0;0;0;0;0;0;0;0;0;0;0;0;0;0;0;0;0;0;0;0;0;0;0;14;0;0;0;0;0;0;0;0;0;0;0;0;0;0;0;0;0;0;0;0;0;0;0;0;0;0;0;0;0;0;0;0;0;0;0;0;0;0;0;0;0;0;0;0;0;0;0;0;0;0;0;0;
0;0;0;0;0;0;0;0;0;0;0;0;0;0;0;0;0;0;0;0;0;0;0;0;0;0;0;0;0;0;0;0;0;0;0;0;0;0;0;0;0;0;0;0;0;0;0;0;0;0;0;0;0;0;0;0;0;0;0;0;0;0;0;0;0;0;0;0;0;0;0;0;0;0;0;0;0;0;0;0;0;0;0;0;0;0;0;0;0;0;0;0;0;0;0;0;0;0;0;0;
0;0;0;0;0;0;0;0;0;0;0;0;0;0;0;0;0;0;0;0;0;0;0;0;0;0;0;0;0;0;0;0;0;0;0;0;0;0;0;0;0;0;0;0;0;0;0;0;0;0;0;0;0;0;0;0;0;0;0;0;0;0;0;0;0;0;0;0;0;0;0;0;0;0;0;0;0;0;0;0;0;0;0;0;0;0;0;0;0;0;0;0;0;0;0;0;0;0;0;0;
0;0;0;0;0;0;0;0;0;0;0;0;0;0;0;0;0;0;0;0;0;0;0;0;0;0;0;0;0;0;0;0;0;0;0;0;0;0;0;0;0;0;0;0;0;0;0;0;0;0;0;0;0;0;0;0;0;0;0;0;0;0;0;0;0;0;0;0;0;0;0;0;0;0;0;0;0;0;0;0;0;0;0;0;0;0;0;0;0;0;0;0;0;0;0;0;0;0;0;0;
0;0;0;0;0;0;0;14;0;0;0;0;0;0;0;0;0;0;0;0;0;0;0;0;0;0;0;0;0;0;0;0;0;0;0;0;0;0;0;0;0;0;0;0;0;0;0;0;0;0;0;0;0;0;0;0;0;0;0;0;0;0;0;0;0;0;0;0;0;0;0;0;0;0;0;0;0;0;0;0;0;0;0;0;0;0;0;0;0;0;0;0;0;0;0;0;0;0;0;0;
0;0;0;0;0;0;0;0;14;0;14;0;0;0;0;0;0;0;0;0;0;0;0;0;0;0;0;0;0;0;0;0;0;0;0;0;0;0;0;0;0;0;0;0;0;0;0;0;0;0;0;0;0;0;0;0;0;0;0;0;0;0;0;0;0;0;0;0;0;0;0;0;0;0;0;0;0;0;0;0;0;0;0;0;0;0;0;0;0;0;0;0;0;0;0;0;0;0;0;0;
0;0;0;0;0;0;0;0;0;0;0;0;0;0;0;0;0;0;0;0;0;0;0;0;0;0;0;0;0;0;0;0;0;0;0;0;0;0;0;0;0;0;0;0;0;0;0;0;0;0;0;0;0;0;0;0;0;0;0;0;0;0;0;0;0;0;0;0;0;0;0;0;0;0;0;0;0;0;0;0;0;0;0;0;0;0;0;0;0;0;0;0;0;0;0;0;0;0;0;0;
0;0;0;0;0;0;0;0;0;0;0;0;0;14;0;14;14;0;0;0;0;0;0;0;0;0;0;0;0;0;0;0;0;0;0;0;0;0;0;0;0;0;0;0;0;0;0;0;0;0;0;0;0;0;0;0;0;0;0;0;0;0;0;0;0;0;0;0;0;0;0;0;0;0;0;0;0;0;0;0;0;0;0;0;0;0;0;0;0;0;0;0;0;0;0;0;0;0;0;0;
0;0;0;0;0;0;0;0;0;0;0;0;0;0;0;0;0;0;0;0;0;0;0;0;0;0;0;0;0;0;0;0;0;0;0;0;0;0;0;0;0;0;0;0;0;0;0;0;0;0;0;0;0;0;0;0;0;0;0;0;0;0;0;0;0;0;0;0;0;0;0;0;0;0;0;0;0;0;0;0;0;0;0;0;0;0;0;0;0;0;0;0;0;0;0;0;0;0;0;0;
0;0;0;0;0;0;0;0;0;0;0;0;0;0;0;0;0;0;0;0;0;0;0;0;0;0;0;0;0;0;0;0;14;0;0;0;0;0;0;0;0;0;0;0;0;0;0;0;0;0;0;0;0;0;0;0;0;0;0;0;0;0;0;0;0;0;0;0;0;0;0;0;0;0;0;0;0;0;0;0;0;0;0;0;0;0;0;0;0;0;0;0;0;0;0;0;0;0;0;0;
14;14;14;14;0;0;0;0;14;0;0;0;0;0;0;0;0;0;0;0;0;0;0;0;0;14;14;14;14;14;0;14;14;0;0;0;0;0;14;0;0;14;14;14;14;0;0;0;14;14;0;0;0;14;14;0;0;0;0;14;14;14;14;14;14;14;14;14;0;14;14;14;14;14;14;14;14;0;0;14;14;14;14;14;14;14;14;14;14;14;14;14;14;14;14;14;0;14;14;0;
14;14;14;0;0;0;0;0;0;0;0;0;0;0;0;0;0;14;14;14;14;14;0;0;0;0;0;0;0;0;0;0;14;14;14;14;14;0;0;0;0;0;0;0;14;14;14;0;14;14;14;14;14;0;14;14;14;0;0;0;0;0;0;0;0;0;0;0;0;0;0;0;0;0;0;0;0;0;0;0;0;0;0;14;0;14;14;14;0;0;0;0;0;14;14;0;0;14;14;14;
0;0;0;0;0;0;14;0;0;0;0;0;0;0;0;14;14;14;14;14;14;0;0;0;14;14;14;14;14;14;14;14;14;14;14;14;14;14;14;14;14;14;14;14;14;14;14;14;14;14;14;14;14;0;14;0;14;14;14;14;14;14;14;14;14;14;14;14;14;14;14;14;14;14;14;14;14;0;0;0;14;14;14;14;0;14;14;0;0;0;0;0;0;14;14;0;0;14;14;14;
0;0;0;0;0;0;0;0;0;0;0;0;0;0;0;0;0;0;0;0;14;0;0;14;54;14;54;14;54;14;54;14;54;14;54;14;54;14;54;14;54;14;54;14;54;14;54;14;54;14;54;14;54;14;54;14;54;14;54;14;54;14;54;14;54;14;54;14;54;14;54;14;54;14;54;14;14;0;0;0;0;0;0;0;0;0;0;0;0;0;0;0;0;0;0;0;0;14;0;0;
14;14;14;14;14;14;14;0;0;0;14;14;0;0;14;14;14;14;0;0;14;0;0;14;14;54;14;54;14;54;14;54;14;54;14;54;14;54;14;54;14;54;14;54;14;54;14;54;14;54;14;54;14;54;14;54;14;54;14;54;14;54;14;54;14;54;14;54;14;54;14;54;14;54;14;14;14;0;0;0;0;14;14;14;14;14;14;0;14;0;14;0;0;0;0;0;0;14;14;14;
14;14;0;0;0;0;0;0;14;0;14;0;0;0;0;0;0;0;14;0;14;0;0;14;54;14;54;14;54;14;54;14;54;14;54;14;54;14;54;14;54;14;54;14;54;14;54;14;54;14;54;14;54;14;54;14;54;14;54;14;54;14;54;14;54;14;54;14;54;14;54;14;54;14;14;14;14;0;14;14;14;14;14;14;14;14;14;14;14;14;0;0;0;0;0;0;0;0;14;14;
14;14;14;14;14;14;14;0;0;14;14;14;0;14;14;0;14;14;14;14;14;0;0;14;14;54;14;54;14;54;14;54;14;54;14;54;14;54;14;54;14;54;14;54;14;54;14;54;14;54;14;54;14;54;14;54;14;54;14;54;14;54;14;54;14;54;14;54;14;54;14;54;14;54;14;14;14;0;14;14;14;14;14;14;14;14;14;14;14;14;14;14;14;14;14;14;0;14;0;14;
14;0;14;14;14;14;14;14;14;14;14;14;14;14;14;14;14;14;0;14;14;0;0;14;54;14;54;14;54;14;54;14;54;14;54;14;54;14;54;14;54;14;54;14;54;14;54;14;54;14;54;14;54;14;54;14;54;14;54;14;54;14;54;14;54;14;54;14;54;14;54;14;54;14;54;14;14;0;14;14;14;14;14;0;14;0;0;0;0;0;0;0;0;14;14;0;0;0;0;0;
14;14;14;14;14;14;14;14;14;14;14;14;14;14;14;14;14;14;14;14;0;0;0;14;14;54;14;54;14;54;14;54;14;54;14;54;14;54;14;54;14;54;14;54;14;54;14;54;14;54;14;54;14;54;14;54;14;54;14;54;14;54;14;54;14;54;14;54;14;54;14;54;14;54;14;54;14;0;0;0;0;0;0;0;0;14;14;14;14;14;14;14;14;14;14;14;0;14;14;14;
14;14;14;14;14;0;14;14;0;0;0;14;14;14;14;14;14;14;14;14;14;14;0;14;14;14;14;14;14;14;14;14;14;14;14;14;14;14;14;14;14;14;14;14;14;14;14;14;14;14;14;14;14;14;14;14;14;14;14;14;14;14;14;14;14;14;14;14;14;14;14;14;14;14;14;14;14;0;14;14;14;14;14;14;14;14;14;14;14;14;14;14;0;14;0;14;0;14;14;14;
0;14;14;14;14;14;14;14;0;0;0;14;14;14;14;0;14;14;14;14;0;14;14;0;0;0;0;0;0;0;0;0;0;0;0;0;0;0;0;0;0;0;0;0;0;0;0;0;0;0;0;0;0;0;0;0;0;0;0;0;0;0;0;0;0;0;0;0;0;0;0;0;0;0;0;0;0;0;14;0;14;14;14;14;0;14;14;14;14;14;14;14;14;14;14;14;0;14;14;14;
0;0;0;0;0;0;0;0;0;0;0;0;0;0;0;0;0;0;0;0;0;0;0;0;0;0;0;0;0;0;0;0;0;0;0;0;0;0;0;0;0;0;0;0;0;0;0;0;0;0;0;0;0;0;0;0;0;0;0;0;0;0;0;0;0;0;0;0;0;0;0;0;0;0;0;0;0;0;0;0;0;0;0;0;0;0;0;0;0;0;0;0;14;14;14;14;0;14;14;14;
0;14;14;0;0;0;0;0;0;0;14;14;14;14;14;0;0;14;14;0;0;14;0;0;0;0;0;0;0;0;0;0;14;14;14;14;14;14;14;14;14;14;14;14;14;14;14;14;14;14;14;14;0;14;0;0;0;0;14;14;14;14;14;14;14;14;14;14;14;14;14;14;14;14;14;14;14;14;14;0;14;14;14;14;14;14;14;14;14;14;14;14;0;14;14;14;0;14;14;14;
14;14;14;14;14;14;14;14;14;14;0;0;0;0;0;14;0;0;14;0;0;0;0;0;0;0;0;0;0;0;0;0;0;0;0;0;0;0;0;0;0;0;0;0;0;0;0;0;0;0;0;0;0;0;14;14;14;14;0;14;14;14;14;14;14;14;14;14;14;14;14;14;14;14;14;14;14;14;14;0;14;14;14;14;14;14;14;14;14;14;14;14;14;14;14;0;0;0;0;0;
14;14;14;0;14;0;0;0;14;0;0;0;14;14;14;14;14;0;14;0;14;0;14;14;14;14;0;0;0;0;0;14;14;14;14;14;14;14;14;14;14;14;14;14;14;14;14;14;14;14;14;14;14;14;14;14;14;14;0;14;14;14;14;0;0;0;14;14;14;14;14;14;14;14;14;14;14;14;14;14;14;14;14;14;14;14;14;14;14;14;14;14;14;14;14;0;0;0;0;0;
14;0;0;0;0;0;0;0;0;0;0;0;14;14;14;14;14;14;14;0;14;14;0;0;14;14;14;14;14;14;0;14;14;14;14;14;14;14;14;14;14;14;14;14;14;14;14;14;0;14;14;0;14;14;14;14;14;14;0;0;0;0;0;0;14;14;14;14;14;14;14;14;14;14;14;14;14;14;14;14;14;14;14;14;0;14;14;14;14;14;14;14;14;14;14;14;14;14;14;14;
14;14;14;14;14;14;14;14;14;14;14;14;14;14;14;14;14;14;14;14;14;14;0;0;14;14;14;14;14;14;14;14;14;14;14;14;14;14;14;14;14;14;14;14;14;14;14;14;14;14;14;14;14;14;14;14;14;14;0;14;14;14;14;14;14;14;14;14;14;14;14;14;14;14;14;14;14;14;14;14;14;14;14;14;14;14;14;0;0;14;14;14;14;14;14;14;14;14;14;14;
14;14;14;14;14;14;14;0;14;14;14;14;14;14;14;14;14;14;14;14;14;0;0;0;14;14;14;14;14;14;14;14;14;14;14;14;14;14;14;14;14;14;14;14;14;14;14;14;14;14;14;14;14;14;14;14;14;14;0;14;14;14;14;14;14;14;14;14;14;14;14;14;14;14;14;14;14;14;0;14;14;14;14;14;14;14;14;14;14;14;14;14;14;14;14;14;14;14;14;14;
14;14;14;14;14;14;14;14;0;14;14;14;14;14;14;14;14;14;14;14;0;0;0;0;14;14;14;14;14;14;14;14;14;14;14;14;14;14;14;14;14;14;14;14;14;14;14;14;14;14;14;14;14;14;14;14;14;14;0;14;14;14;14;14;14;14;14;14;14;14;14;14;14;14;14;14;14;14;0;14;14;14;14;14;14;14;14;14;14;14;14;14;14;14;14;14;14;14;14;14;
14;14;14;14;14;14;14;14;14;14;14;14;14;14;14;14;14;14;14;0;14;0;0;0;14;14;14;14;14;14;14;14;14;14;14;14;14;14;14;14;14;14;14;14;14;14;14;14;14;14;14;14;14;14;14;14;14;14;0;14;14;14;14;14;14;14;14;14;14;14;14;14;14;14;14;14;14;14;14;14;14;14;14;14;14;14;14;14;14;14;14;14;14;14;14;14;14;14;14;14;
14;14;14;14;14;14;14;14;14;14;14;14;14;0;14;14;14;14;14;0;14;14;0;0;14;14;14;14;14;14;14;14;14;14;14;14;14;14;14;14;14;14;14;14;14;14;14;14;14;14;14;14;0;0;0;0;0;0;14;14;14;14;14;14;14;14;14;14;14;14;14;14;14;14;14;0;14;14;14;14;14;14;14;14;14;14;14;14;14;14;14;14;0;14;14;14;14;14;14;14;
14;14;14;14;14;14;14;0;14;14;14;14;14;14;14;14;14;14;14;0;14;0;0;0;14;14;14;14;14;14;14;14;14;14;14;14;14;14;14;14;14;14;14;14;14;14;14;14;14;14;14;14;14;14;0;14;14;14;0;0;14;14;14;0;14;14;0;14;14;14;14;14;14;14;14;14;14;14;14;14;14;14;14;14;14;14;14;14;14;14;14;14;14;14;14;14;14;14;14;14;
14;14;14;14;14;14;14;14;14;14;14;14;14;14;14;14;14;14;14;14;0;0;0;0;14;14;14;14;14;14;14;14;14;14;14;14;14;14;14;14;14;14;14;14;14;14;14;14;14;0;0;0;0;14;0;0;0;14;14;14;14;14;14;14;14;14;14;14;14;14;14;14;14;14;14;14;14;14;14;14;14;14;14;14;14;14;14;14;14;14;0;14;14;14;14;14;14;14;14;14;
0;14;14;14;14;14;14;14;14;14;14;14;14;14;14;14;14;14;14;14;14;14;14;0;14;14;14;14;14;14;14;14;14;14;14;14;14;14;14;14;14;14;14;14;14;14;14;14;14;14;14;14;14;14;14;14;14;14;14;14;14;14;14;14;14;14;14;14;14;14;14;14;14;14;14;14;14;14;14;14;14;14;14;14;14;14;14;14;14;14;14;14;14;14;14;14;14;14;14;14;
14;14;14;14;14;14;14;14;14;14;14;14;14;14;14;14;14;14;14;14;14;14;14;0;0;0;0;0;0;0;0;0;0;0;0;14;14;14;14;14;14;14;14;14;14;14;14;14;14;14;14;14;14;14;14;14;14;14;14;14;14;14;14;14;14;14;14;14;14;14;14;14;14;14;14;14;14;14;14;14;14;14;14;14;14;14;14;14;14;14;14;14;14;14;14;14;14;14;14;14;
14;14;14;14;14;14;14;14;14;14;14;14;14;14;14;14;14;14;14;14;14;14;14;14;14;14;14;14;0;0;0;0;0;0;0;14;14;14;14;14;14;0;0;14;14;14;14;14;14;14;14;14;14;14;14;14;14;14;14;14;0;14;14;14;14;14;14;0;14;14;0;14;14;14;14;14;0;14;14;14;14;14;14;14;14;14;14;14;14;14;14;14;14;0;14;14;14;14;14;14;
14;14;14;14;14;14;14;14;14;14;14;14;0;14;0;14;14;0;0;14;0;0;0;14;14;14;14;14;14;14;14;14;14;0;0;14;14;14;14;14;14;14;14;14;14;14;14;14;14;14;14;14;14;14;14;14;14;14;14;14;14;14;14;14;14;14;14;14;14;14;14;14;14;14;14;14;14;14;14;14;0;14;14;14;14;14;14;14;14;14;14;14;14;14;14;14;14;14;14;14;
14;14;14;14;14;14;14;0;0;0;0;0;0;0;0;0;0;0;14;0;0;0;0;0;0;0;0;0;14;14;14;14;14;0;0;14;14;0;0;0;14;14;0;0;0;0;14;0;14;14;14;0;14;14;14;14;14;14;14;14;14;14;14;14;14;14;0;14;14;14;14;14;0;14;14;0;0;0;0;14;14;14;14;14;14;14;0;14;0;14;14;14;14;14;14;14;14;14;14;14;
0;0;0;0;0;0;0;0;0;0;0;0;0;0;0;0;0;0;0;0;0;0;0;0;0;0;0;0;14;0;14;14;0;0;0;0;0;0;0;14;14;0;0;0;0;0;0;0;0;0;0;14;14;14;14;14;14;14;14;14;14;14;14;14;0;14;14;14;14;14;14;14;14;14;0;0;0;0;14;14;14;0;14;14;14;14;14;14;14;0;0;14;14;0;0;14;14;14;14;14;
0;0;0;0;0;0;0;0;0;0;0;0;0;0;0;0;0;0;0;0;0;0;0;0;0;0;0;0;0;0;0;0;0;0;0;0;0;0;0;0;0;0;0;0;0;0;0;0;0;0;0;0;0;0;0;0;14;14;14;0;0;14;0;0;0;0;0;0;0;0;0;0;0;0;0;0;0;0;0;0;0;0;0;0;0;0;0;0;0;0;0;0;0;0;14;0;0;14;14;14;
14;14;14;14;14;14;14;14;14;14;14;14;14;14;14;14;14;14;14;14;14;14;14;14;14;14;14;14;14;14;14;14;14;14;14;14;14;14;14;14;14;14;14;14;14;14;14;14;14;14;14;14;14;14;14;14;14;14;14;14;14;14;14;14;14;14;14;14;14;14;14;14;14;14;14;14;14;14;14;14;14;14;14;14;14;14;14;14;14;14;14;14;14;14;14;14;14;14;14;14;
14;14;14;14;14;14;14;14;14;14;14;14;14;14;14;14;14;14;14;14;14;14;14;14;14;14;14;14;14;14;14;14;14;14;14;14;14;14;14;14;14;14;14;14;14;14;14;14;14;14;14;14;14;14;14;14;14;14;14;14;14;14;14;14;14;14;14;14;14;14;14;14;14;14;14;14;14;14;14;14;14;14;14;14;14;14;14;14;14;14;14;14;14;14;14;14;14;14;14;14;
14;14;14;14;14;14;14;14;14;14;14;14;14;14;14;14;14;14;14;14;14;14;14;14;14;14;14;14;14;14;14;14;14;14;14;14;14;14;14;14;14;14;14;14;14;14;14;14;14;14;14;14;14;14;14;14;14;14;14;14;14;14;14;14;14;14;14;14;14;14;14;14;14;14;14;14;14;14;14;14;14;14;14;14;14;14;14;14;14;14;14;14;14;14;14;14;14;14;14;14;
14;14;14;14;14;14;14;14;14;14;14;14;14;14;14;14;14;14;14;14;14;14;14;14;14;14;14;14;14;14;14;14;14;14;14;14;14;14;14;14;14;14;14;14;14;14;14;14;14;14;14;14;14;14;14;14;14;14;14;14;14;14;14;14;14;14;14;14;14;14;14;14;14;14;14;14;14;14;14;14;14;14;14;14;14;14;14;14;14;14;14;14;14;14;14;14;14;14;14;14;
14;14;14;14;14;14;14;14;14;14;14;14;14;14;14;14;14;14;14;14;14;14;14;14;14;14;14;14;14;14;14;14;14;14;14;14;14;14;14;14;14;14;14;14;14;14;14;14;14;14;14;14;14;14;14;14;14;14;14;14;14;14;14;14;14;14;14;14;14;14;14;14;14;14;14;14;14;14;14;14;14;14;14;14;14;14;14;14;14;14;14;14;14;14;14;14;14;14;14;14;
566;14;14;14;14;14;14;14;14;14;14;14;14;14;14;14;14;14;14;14;14;14;14;14;14;14;14;14;14;14;14;14;14;14;14;14;14;14;14;14;14;14;14;14;14;14;14;14;14;14;14;14;14;14;14;14;14;14;14;14;14;14;14;14;14;14;14;14;14;14;14;14;14;14;14;14;14;14;14;14;14;14;14;14;14;14;14;14;14;14;14;14;14;14;14;14;14;14;14;14;
