0;0;0;0;0;0;0;0;0;0;0;0;0;0;0;0;0;0;0;0;0;0;0;0;0;0;0;0;0;0;0;0;0;416;416;0;0;0;0;0;0;0;0;0;0;0;0;0;0;0;0;0;0;0;0;0;0;0;0;0;0;0;0;0;0;416;0;0;416;0;0;416;0;0;0;0;0;0;0;0;0;0;0;0;0;0;0;0;0;0;0;0;0;0;0;0;0;0;0;0;
0;0;0;0;0;0;0;0;0;0;0;0;0;0;0;0;0;416;416;0;0;0;0;0;0;0;0;0;0;0;0;0;416;0;0;0;0;0;0;0;0;0;0;0;0;0;0;0;0;416;416;0;0;0;0;0;0;0;0;0;0;0;0;0;0;0;0;0;0;0;0;0;0;0;0;0;0;0;0;0;0;416;0;0;416;0;0;416;0;0;0;0;0;0;0;0;0;0;0;0;
0;0;0;0;0;0;0;0;414;416;416;0;0;0;0;0;416;0;0;0;0;0;0;0;0;414;414;0;0;414;0;0;0;0;0;0;0;0;0;0;414;416;416;0;0;0;0;0;416;0;0;0;0;0;0;0;0;414;414;0;0;0;426;426;426;420;420;420;0;0;0;0;0;416;0;0;416;0;0;416;0;420;420;420;0;0;0;0;0;0;0;0;0;0;0;0;0;420;420;420;
0;0;0;0;0;0;0;0;0;0;0;0;0;0;0;0;0;0;0;0;0;0;0;0;414;0;0;0;0;0;0;0;0;0;0;0;0;0;0;0;0;0;0;0;0;0;0;0;0;0;0;0;0;0;0;0;414;0;0;0;0;0;426;426;426;0;0;0;0;0;0;0;0;0;0;420;0;420;0;0;0;0;0;0;0;0;0;0;0;420;0;0;0;0;0;0;0;0;0;0;
0;0;0;0;0;0;424;0;0;0;0;0;0;0;424;0;0;0;0;0;0;0;424;0;0;0;0;0;0;0;0;0;0;0;0;0;0;0;424;0;0;0;0;0;0;0;424;0;0;0;0;0;0;0;424;0;0;0;0;0;0;0;426;0;426;0;0;0;424;424;424;424;0;424;424;0;0;0;424;0;0;424;424;424;424;424;424;424;0;416;0;0;416;424;0;416;0;424;424;424;
0;0;0;0;0;0;0;0;0;0;0;0;0;0;0;0;0;0;0;0;0;0;0;0;0;0;0;0;0;0;0;0;0;0;0;0;0;0;0;0;0;0;0;0;0;0;0;0;0;0;0;0;0;0;0;0;0;0;0;0;0;0;0;0;0;0;0;0;0;0;0;0;0;0;0;0;0;0;0;0;0;0;0;0;0;0;0;0;0;0;0;0;0;0;420;0;0;0;0;0;
0;426;420;420;0;420;0;420;0;420;0;0;0;420;0;420;0;420;0;0;0;420;0;420;0;420;0;0;0;0;0;0;0;0;420;420;0;420;0;420;0;420;0;0;0;420;0;420;0;0;0;0;0;420;0;420;0;420;0;0;0;0;0;0;0;420;420;420;420;420;420;420;420;0;420;420;0;0;0;420;0;0;0;0;420;420;420;420;420;420;420;420;0;0;0;420;0;420;420;420;
418;416;416;0;424;0;0;0;424;0;0;0;424;0;0;0;424;0;0;0;424;0;0;0;424;0;0;424;0;0;0;424;0;0;0;0;424;0;0;0;424;0;0;0;424;0;0;0;424;0;0;0;424;0;0;0;424;0;0;424;0;0;0;424;0;0;0;0;0;0;0;0;424;0;0;424;424;0;424;0;424;424;0;424;424;0;424;424;424;0;0;0;0;0;0;0;424;416;0;0;
0;0;0;0;0;0;0;0;0;0;0;0;0;0;0;0;0;0;0;0;0;0;0;0;0;420;0;0;0;0;0;0;0;0;0;0;0;0;0;0;0;0;0;0;0;0;0;0;0;0;0;0;0;0;0;0;0;420;0;0;0;0;0;0;420;0;0;0;0;0;0;0;0;0;0;0;0;0;0;0;0;0;0;0;0;0;0;0;0;0;0;420;420;0;420;0;0;0;0;0;
0;420;0;0;420;0;420;0;420;420;0;0;420;0;0;420;0;0;0;0;0;0;0;0;0;0;0;0;0;420;0;0;0;420;0;0;420;0;420;0;420;420;0;0;420;0;420;0;420;0;0;0;0;0;0;0;0;0;0;0;0;420;0;0;0;420;0;426;420;0;420;420;420;420;0;426;420;0;420;420;0;0;0;426;0;0;0;0;0;0;0;426;0;0;0;0;0;420;0;426;
0;0;0;0;0;0;0;0;0;0;0;0;0;0;0;0;0;420;0;0;420;0;420;0;420;420;0;0;420;0;420;0;420;0;0;0;0;0;0;0;0;0;0;0;0;0;0;0;0;420;0;0;420;0;420;0;420;420;0;0;420;0;420;0;420;0;0;426;0;0;0;426;0;0;0;426;0;0;0;426;0;420;0;426;420;420;420;426;420;420;0;420;420;0;420;426;420;0;0;0;
0;424;0;0;424;0;424;0;424;424;0;0;424;0;424;0;424;426;0;0;0;0;0;0;426;426;0;0;0;0;0;0;0;424;0;0;424;0;424;0;424;424;0;0;424;0;424;0;424;426;0;0;0;0;0;0;0;426;0;0;0;0;0;0;0;424;0;424;424;0;424;424;0;424;0;424;424;0;424;424;0;426;0;426;0;426;0;0;426;426;0;0;0;426;0;426;426;424;0;424;
426;426;0;0;0;0;0;0;0;0;0;0;0;0;0;0;426;420;0;0;420;0;420;0;0;0;0;0;0;0;0;0;426;426;0;0;0;0;0;0;426;426;0;0;0;0;0;0;426;420;0;0;0;0;0;0;426;0;0;0;0;0;0;0;0;0;0;0;0;0;0;0;0;0;0;0;0;0;0;0;0;0;0;0;0;0;0;0;0;0;0;0;0;0;0;0;0;0;0;0;
0;420;0;0;0;0;0;0;0;0;0;0;0;0;0;0;0;0;0;0;0;0;0;0;0;420;0;0;420;0;0;0;0;420;0;0;0;0;0;0;0;0;0;0;0;0;0;0;420;0;0;0;0;0;0;0;0;420;0;0;0;0;0;0;0;420;0;420;0;0;0;0;0;0;0;0;0;0;0;0;0;0;0;0;0;0;0;0;0;0;0;0;0;0;0;0;0;420;0;420;
416;0;0;416;0;0;0;0;0;0;0;0;0;0;0;0;0;0;0;0;0;0;0;0;0;0;0;0;0;0;0;0;0;0;0;0;0;0;0;0;0;0;0;0;0;0;0;0;0;0;0;0;0;0;0;0;0;0;0;0;0;0;0;0;0;0;0;0;0;0;0;0;0;0;0;0;0;0;0;0;0;0;0;0;0;0;0;0;0;0;0;0;0;0;0;0;0;0;0;0;
0;0;0;0;0;0;0;0;0;0;0;0;0;0;0;0;0;0;0;0;0;0;0;0;0;0;0;0;0;0;0;0;0;0;0;0;0;0;0;0;0;0;0;0;0;0;0;0;0;0;0;0;0;0;0;0;0;0;0;0;0;0;0;0;0;0;0;0;0;0;0;0;0;0;0;424;0;0;0;0;0;0;0;0;0;0;0;0;0;0;0;0;0;0;0;0;0;0;0;0;
0;0;0;0;0;416;0;420;416;0;0;416;0;0;0;0;0;0;0;426;426;426;0;0;0;0;0;0;0;426;0;426;0;426;0;420;0;426;0;426;0;426;0;420;0;426;0;426;0;426;0;426;420;426;0;426;0;426;0;420;0;0;0;426;0;0;0;420;0;0;0;426;0;0;0;0;0;0;0;0;0;0;0;0;420;0;0;0;0;0;0;0;0;0;0;0;0;0;0;0;
0;0;0;0;0;0;0;0;0;420;0;0;0;414;0;0;414;0;0;426;426;426;0;0;0;0;0;0;0;0;0;0;0;0;0;0;0;0;0;0;0;0;0;0;0;0;420;420;0;420;0;0;0;420;0;0;0;0;0;0;0;0;0;0;0;0;0;0;0;0;0;0;0;0;0;0;0;0;420;420;0;420;0;0;0;420;0;0;0;0;0;420;0;0;0;0;0;0;0;0;
424;424;424;424;0;424;424;0;0;0;424;0;0;0;0;0;0;0;0;416;424;426;0;0;0;0;0;0;0;0;0;0;424;0;0;424;0;0;0;0;0;424;0;424;0;0;0;0;424;0;0;0;0;0;424;424;0;424;0;424;0;0;0;0;424;0;0;424;0;0;0;0;0;424;0;424;0;0;0;0;424;0;0;0;0;0;424;424;0;424;0;0;0;0;0;0;0;0;0;0;
0;0;0;0;0;0;0;0;0;0;0;0;0;420;420;420;0;420;420;420;0;420;0;0;0;0;0;0;0;0;0;0;0;0;0;0;0;0;0;0;0;0;0;0;0;0;0;0;0;0;0;0;420;420;0;0;0;0;0;0;0;0;0;0;0;0;0;0;0;0;0;0;0;0;0;0;0;0;0;0;0;0;0;0;0;0;0;0;0;0;0;0;0;0;0;0;0;0;0;0;
0;0;0;0;420;0;0;0;0;0;0;420;0;0;0;0;420;0;0;0;0;0;0;420;0;0;0;0;0;420;0;0;420;0;0;420;0;0;420;0;0;420;0;420;0;0;420;420;420;420;0;0;0;0;0;0;420;0;0;0;0;420;0;0;420;0;0;420;0;0;420;0;0;420;0;0;0;0;420;420;0;420;0;0;0;420;420;420;420;420;0;420;0;420;420;420;420;420;420;420;
0;0;0;0;0;0;0;0;0;0;0;0;424;424;0;0;424;0;424;424;0;0;0;0;0;0;0;0;0;0;0;0;0;0;0;0;0;0;0;0;0;0;0;0;0;0;0;0;0;0;0;0;0;424;424;424;0;0;0;0;0;0;0;0;0;0;0;0;0;0;0;0;0;0;0;0;0;424;0;0;424;0;0;0;424;0;0;0;0;0;0;0;0;416;416;0;0;0;0;0;
0;0;0;0;0;424;0;424;424;0;424;424;0;0;0;0;0;0;0;0;0;420;0;420;0;0;0;0;0;0;0;0;0;0;0;0;0;0;424;0;0;424;0;424;0;424;424;424;0;0;0;0;0;0;0;0;0;0;0;0;0;0;0;0;0;0;0;0;0;424;424;0;0;0;0;0;0;0;0;0;0;0;0;0;0;420;0;0;420;0;0;0;0;0;0;0;0;426;0;0;
420;0;420;420;420;0;0;426;0;0;0;0;0;0;0;426;0;0;0;0;0;0;0;0;0;0;0;0;0;420;0;0;420;0;0;426;0;0;0;0;0;0;0;426;0;0;0;0;0;0;0;0;0;0;0;0;426;426;426;426;0;420;0;426;0;0;0;426;0;0;0;0;0;0;0;0;0;0;0;426;0;0;0;426;0;0;0;426;0;0;0;426;0;420;420;0;0;426;0;0;
0;0;0;426;0;0;0;0;0;0;0;426;0;420;0;420;420;0;420;426;0;420;0;420;0;0;0;0;0;0;0;0;0;0;0;0;0;0;0;0;0;0;0;0;0;420;0;0;0;0;0;0;0;420;0;0;426;426;426;426;0;0;0;0;0;0;0;0;0;420;0;0;0;0;0;0;0;420;0;0;0;0;0;0;0;420;0;0;0;0;0;0;0;0;0;0;0;0;0;0;
424;0;424;424;424;424;0;424;424;0;424;424;426;426;0;0;0;426;0;0;0;0;0;0;0;0;0;0;0;424;0;0;0;0;0;0;0;0;424;0;0;0;0;0;0;0;0;0;0;0;0;0;0;0;0;0;0;0;0;0;0;424;0;0;0;0;0;0;0;426;0;0;0;0;0;0;0;426;0;0;0;0;0;0;0;0;0;0;0;0;0;0;0;424;424;0;0;0;0;0;
0;426;0;0;426;426;0;0;0;426;0;0;0;420;0;0;0;0;0;0;426;426;0;0;0;0;0;0;0;0;0;0;0;0;0;0;0;0;0;0;0;0;0;0;0;0;0;0;0;0;0;0;0;420;0;0;0;0;0;0;0;426;0;426;0;426;0;426;0;0;0;426;0;426;0;426;0;420;0;426;0;426;0;426;0;426;0;426;0;426;0;426;0;426;0;0;0;0;0;0;
420;0;0;420;0;420;0;0;0;0;0;0;0;0;0;0;0;0;0;0;0;420;0;420;0;0;0;0;0;420;0;0;0;0;0;0;0;0;420;0;0;0;0;0;0;420;0;0;0;0;0;0;0;0;0;0;0;0;0;0;0;420;0;0;0;0;0;0;0;420;0;0;0;0;0;0;0;0;0;0;0;0;0;0;0;0;0;0;0;0;0;0;0;420;420;0;0;0;0;0;
0;0;0;0;0;0;0;0;0;0;0;0;0;0;0;0;0;0;0;0;0;0;0;0;0;0;0;0;0;0;0;0;0;0;0;0;0;0;0;0;0;0;0;0;0;0;0;0;0;0;0;0;0;0;0;0;0;0;0;0;0;0;0;0;0;0;0;0;0;0;0;0;0;0;0;0;0;0;0;0;0;0;0;0;0;0;0;0;0;0;0;0;0;0;0;0;0;0;0;0;
0;0;0;0;0;0;0;0;0;0;0;0;0;0;0;0;0;0;0;0;0;0;0;0;0;0;0;0;0;0;0;0;0;0;0;0;0;0;0;0;0;0;0;0;0;0;0;0;0;0;0;0;0;0;0;0;0;0;0;0;0;0;0;0;0;0;0;0;0;0;0;0;0;0;0;0;0;0;0;0;0;0;0;0;0;0;0;0;0;0;0;0;0;0;0;0;0;0;0;0;
0;0;0;0;0;0;0;0;0;0;0;0;0;0;0;0;420;0;0;0;0;0;0;0;0;0;0;0;0;0;0;0;0;0;0;0;420;420;420;0;0;0;0;0;0;0;0;0;0;0;0;0;0;0;0;0;0;0;0;0;0;0;0;0;0;0;0;0;0;0;0;0;0;0;0;0;0;0;0;0;0;0;0;0;0;0;0;0;0;0;0;0;0;0;0;0;0;0;0;0;
0;0;0;0;0;0;0;0;420;420;420;0;0;0;0;0;0;426;426;0;0;0;0;0;0;0;0;0;0;0;0;0;0;0;0;0;0;0;0;0;0;420;420;0;0;0;0;0;0;414;414;0;0;0;0;0;0;0;0;0;0;0;0;0;0;0;0;0;0;0;0;0;0;0;0;0;0;0;0;0;0;0;0;0;0;0;0;0;0;0;0;0;0;0;0;0;0;0;0;0;
424;0;0;0;424;424;424;424;424;0;0;0;0;0;0;0;424;0;0;0;0;0;0;0;0;0;0;0;0;0;0;0;424;0;0;0;424;424;424;424;424;0;0;0;0;0;0;0;424;0;0;0;0;0;0;0;0;0;0;0;0;0;0;0;0;0;0;0;0;0;0;0;0;0;0;0;0;0;0;0;0;0;0;0;0;0;0;0;0;0;0;0;0;0;0;0;0;0;0;0;
0;416;416;0;0;0;0;0;0;420;420;0;0;0;0;0;0;420;0;0;0;0;0;0;0;0;0;0;0;0;0;0;0;416;416;0;0;0;0;0;0;0;0;0;0;0;0;0;0;420;0;0;0;0;0;0;0;0;0;0;0;0;0;0;0;0;0;0;0;0;0;0;0;0;0;0;0;0;0;0;0;0;0;0;0;0;0;0;0;0;0;0;0;0;0;0;0;0;0;0;
0;420;420;420;420;420;420;420;0;420;420;420;420;420;420;420;0;420;420;420;420;420;420;420;0;420;420;420;420;420;420;420;0;420;420;420;420;420;420;420;420;0;420;420;420;420;420;420;420;0;420;420;420;420;420;420;0;0;0;0;0;0;0;0;0;0;0;0;0;0;0;0;0;0;0;0;0;0;0;0;0;0;0;0;0;0;0;0;0;0;0;0;0;0;0;0;0;0;0;0;
0;424;424;0;424;424;424;424;0;424;424;0;0;0;0;0;0;0;0;424;0;424;0;424;424;416;416;0;0;0;0;0;0;424;424;0;424;424;424;424;0;424;424;0;0;0;0;0;0;0;0;424;0;424;0;424;0;0;0;0;0;0;0;0;0;0;0;0;0;0;0;0;0;0;0;0;0;0;0;0;0;0;0;0;0;0;0;0;0;0;0;0;0;0;0;0;0;0;0;0;
0;0;0;0;0;426;0;0;0;416;416;0;0;426;0;0;0;420;420;0;0;0;0;0;0;0;0;0;0;426;0;0;0;0;0;0;0;426;0;0;0;416;416;0;0;426;0;0;1154;1154;1154;420;0;426;0;0;0;0;0;0;0;0;0;0;0;0;0;0;0;0;0;0;0;0;0;0;0;0;0;0;0;0;0;0;0;0;0;0;0;0;0;0;0;0;0;0;0;0;0;0;
0;420;420;0;0;426;0;0;0;0;0;0;0;426;0;0;0;0;0;0;0;0;0;0;0;420;420;0;0;426;0;0;0;420;420;0;0;426;0;0;0;0;0;0;0;426;1154;1154;1154;0;1154;1154;1154;426;0;0;0;0;0;0;0;0;0;0;0;0;0;0;0;0;0;0;0;0;0;0;0;0;0;0;0;0;0;0;0;0;0;0;0;0;0;0;0;0;0;0;0;0;0;0;
0;0;0;0;0;0;0;0;0;420;420;0;0;0;0;0;0;420;420;420;0;420;0;420;0;0;0;0;0;0;0;0;0;0;0;0;0;0;0;0;0;420;420;0;0;0;1154;0;0;420;420;0;1154;420;0;420;0;0;0;0;0;0;0;0;0;0;0;0;0;0;0;0;0;0;0;0;0;0;0;0;0;0;0;0;0;0;0;0;0;0;0;0;0;0;0;0;0;0;0;0;
0;424;424;0;0;0;0;0;0;426;426;0;0;0;0;0;0;0;426;0;0;0;0;0;0;424;424;0;0;0;0;0;0;424;424;0;0;0;0;0;0;426;426;0;0;0;1154;0;0;426;426;0;1154;0;0;0;0;0;0;0;0;0;0;0;0;0;0;0;0;0;0;0;0;0;0;0;0;0;0;0;0;0;0;0;0;0;0;0;0;0;0;0;0;0;0;0;0;0;0;0;
0;426;426;0;0;0;0;0;0;420;420;0;0;0;0;0;0;426;426;0;0;0;0;0;0;426;0;0;0;0;0;0;0;426;426;0;0;0;0;0;0;420;420;0;0;0;1154;0;0;0;0;0;1154;0;0;0;0;0;0;0;0;0;0;0;0;0;0;0;0;0;0;0;0;0;0;0;0;0;0;0;0;0;0;0;0;0;0;0;0;0;0;0;0;0;0;0;0;0;0;0;
0;0;0;0;0;0;0;0;0;0;0;0;0;0;0;0;0;420;420;0;0;0;0;0;0;420;420;0;0;0;0;0;0;0;0;0;0;0;0;0;0;0;0;0;0;0;1154;1154;0;0;0;1154;1154;0;0;0;0;0;0;0;0;0;0;0;0;0;0;0;0;0;0;0;0;0;0;0;0;0;0;0;0;0;0;0;0;0;0;0;0;0;0;0;0;0;0;0;0;0;0;0;
0;0;0;0;0;0;0;0;0;0;0;0;0;0;0;0;0;0;0;0;0;0;0;0;0;0;0;0;0;0;0;0;0;0;0;0;0;0;0;0;0;0;0;0;0;0;0;1154;1154;0;1154;1154;0;0;0;0;0;0;0;0;0;0;0;3082;0;0;0;0;0;0;0;0;0;0;0;0;0;0;0;0;0;0;0;0;0;0;0;0;0;0;0;0;0;0;0;0;0;0;0;0;
0;0;0;0;0;0;0;0;0;0;0;0;0;0;0;0;0;0;0;0;0;0;0;0;0;0;0;0;0;0;0;0;0;0;0;0;0;0;0;0;0;0;0;0;0;0;0;0;0;0;0;0;0;0;0;0;0;0;0;0;0;0;0;0;0;0;0;0;0;0;0;0;0;0;0;0;0;0;0;0;0;0;0;0;0;0;0;0;0;0;0;0;0;0;0;0;0;0;0;0;
0;0;0;0;0;0;0;0;0;0;0;0;0;0;0;0;0;0;0;0;0;0;0;0;0;0;0;0;0;0;0;0;0;0;0;0;0;0;0;0;0;0;0;0;0;0;0;0;0;0;0;0;0;0;0;0;0;0;0;0;0;0;0;0;0;0;0;0;0;0;0;0;0;0;0;0;0;0;0;0;0;0;0;0;0;0;0;0;0;0;0;0;0;0;0;0;0;0;0;0;
0;0;0;0;0;0;0;0;0;0;0;0;0;0;0;0;0;0;0;0;0;0;0;0;0;0;0;0;0;0;0;0;0;0;0;0;0;0;0;0;0;0;1154;1154;1154;1154;1154;1154;0;0;0;1154;1154;1154;1154;1154;1154;1154;0;0;0;0;0;0;0;0;0;0;0;0;0;0;0;0;0;0;0;0;0;0;0;0;0;0;0;0;0;0;0;0;0;0;0;0;0;0;0;0;0;0;
0;0;0;0;0;0;0;0;0;0;0;0;0;0;0;0;0;0;0;0;0;0;0;0;0;0;0;0;0;0;0;0;0;0;0;0;0;0;0;0;0;0;1154;1154;1154;1154;1154;1154;3556;0;3556;1154;1154;1154;1154;1154;1154;1154;0;0;0;0;0;0;0;0;0;0;0;0;0;0;0;0;0;0;0;0;0;0;0;0;0;0;0;0;0;0;0;0;0;0;0;0;0;0;0;0;0;0;
0;0;0;0;0;0;0;0;0;0;0;0;0;0;0;0;0;0;0;0;0;0;0;0;0;0;0;0;0;0;0;0;0;0;0;0;0;0;0;0;0;0;0;0;0;0;0;0;3556;0;3556;3004;0;0;0;0;0;0;0;0;0;0;0;0;0;0;0;0;0;0;0;0;0;0;0;0;0;0;0;0;0;0;0;0;0;0;0;0;0;0;0;0;0;0;0;0;0;0;0;0;
0;0;0;0;0;0;0;0;0;0;0;0;0;0;0;0;0;0;0;0;0;0;0;0;0;0;0;0;0;0;0;0;0;0;0;0;0;0;0;0;0;0;0;0;0;0;0;0;0;0;0;0;0;0;0;0;0;0;0;0;0;0;0;0;0;0;0;0;0;0;0;0;0;0;0;0;0;0;0;0;0;0;0;0;0;0;0;0;0;0;0;0;0;0;0;0;0;0;0;0;
0;0;0;0;0;0;0;0;0;0;0;0;0;0;0;0;0;0;0;0;0;0;0;0;0;0;0;0;0;0;0;0;0;0;0;0;0;0;0;0;0;0;0;3004;3004;3004;3004;3004;3004;3004;3004;3004;3004;3004;3004;3004;3004;0;0;0;0;0;0;0;0;0;0;0;0;0;0;0;0;0;0;0;0;0;0;0;0;0;0;0;0;0;0;0;0;0;0;0;0;0;0;0;0;0;0;0;
0;0;0;0;0;0;0;0;0;0;0;0;0;0;0;0;0;0;0;0;0;0;0;0;0;0;0;0;0;0;0;0;0;0;0;0;0;0;0;0;0;0;3004;3004;3004;3004;3004;3004;3004;3004;3004;3004;3004;3004;3004;3004;3004;0;0;0;0;0;0;0;0;0;0;0;0;0;0;0;0;0;0;0;0;0;0;0;0;0;0;0;0;0;0;0;0;0;0;0;0;0;0;0;0;0;0;0;
3004;3004;3004;3004;3004;3004;3004;3004;3004;3004;3004;3004;3004;3004;3004;3004;3004;3004;3004;3004;3004;3004;3004;3004;3004;3004;3004;3004;3004;3004;3004;3004;3004;3004;3004;3004;3004;3004;3004;3004;3004;3004;3004;3004;3004;3004;3004;3004;3004;3004;3004;3004;3004;3004;3004;3004;3004;3004;3004;3004;3004;3004;3004;3004;3004;3004;3004;3004;3004;3004;3004;3004;3004;3004;3004;3004;3004;3004;3004;3004;3004;3004;3004;3004;3004;3004;3004;3004;3004;3004;3004;3004;3004;3004;3004;3004;3004;3004;3004;3004;
3004;3004;3004;3004;3004;3004;3004;3004;3004;3004;3004;3004;3004;3004;3004;3004;3004;3004;3004;3004;3004;3004;3004;3004;3004;3004;3004;3004;3004;3004;3004;3004;3004;3004;3004;3004;3004;3004;3004;3004;3004;3004;3004;3004;3004;3004;3004;3004;3004;3004;3004;3004;3004;3004;3004;3004;3004;3004;3004;3004;3004;3004;3004;3004;3004;3004;3004;3004;3004;3004;3004;3004;3004;3004;3004;3004;3004;3004;3004;3004;3004;3004;3004;3004;3004;3004;3004;3004;3004;3004;3004;3004;3004;3004;3004;3004;3004;3004;3004;3004;
3004;3004;3004;3004;3004;3004;3004;3004;3004;3004;3004;3004;3004;3004;3004;3004;3004;3004;3004;3004;3004;3004;3004;3004;3004;3004;3004;3004;3004;3004;3004;3004;3004;3004;3004;3004;3004;3004;3004;3004;3004;3004;3004;3004;3004;3004;3004;3004;3004;3004;3004;3004;3004;3004;3004;3004;3004;3004;3004;0;3004;3004;3004;3004;3004;3004;3004;3004;3004;3004;3004;3004;3004;3004;3004;3004;3004;3004;3004;3004;3004;3004;3004;3004;3004;3004;3004;3004;3004;3004;3004;3004;3004;3004;3004;3004;3004;3004;3004;3004;
14;14;14;14;14;14;14;14;14;14;14;14;14;14;14;14;14;14;14;14;14;14;14;14;14;14;14;14;14;14;14;14;14;14;14;14;14;14;14;14;14;14;14;14;14;14;14;14;14;14;14;14;14;14;14;14;14;14;14;14;14;14;14;14;14;14;14;14;14;14;14;14;14;14;14;14;14;14;14;14;14;14;14;14;14;14;14;14;14;14;14;14;14;14;14;14;14;14;14;14;
14;14;14;14;14;14;14;14;14;14;14;14;14;14;14;14;14;14;14;14;14;14;14;14;14;14;14;14;14;14;14;14;14;14;14;14;14;14;14;14;14;14;14;14;14;14;14;14;14;14;14;14;14;14;14;14;14;14;14;14;14;14;14;14;14;14;14;14;14;14;14;14;14;14;14;14;14;14;14;14;14;14;14;14;14;14;14;14;14;14;14;14;14;14;14;14;14;14;14;14;
14;14;14;14;14;14;14;14;14;14;14;14;14;14;14;14;14;14;14;14;14;14;14;14;14;14;14;14;14;14;14;14;14;14;14;14;14;14;14;14;14;14;14;14;14;14;14;14;14;14;14;14;14;14;14;14;14;14;14;14;14;14;14;14;14;14;14;14;14;14;14;14;14;14;14;14;14;14;14;14;14;14;14;14;14;14;14;14;14;14;14;14;14;14;14;14;14;14;14;14;
14;14;14;14;14;14;14;14;14;14;14;14;14;14;14;14;14;14;14;14;14;14;14;14;14;14;14;14;14;14;14;14;14;14;14;14;14;14;14;14;14;14;14;14;14;14;14;14;14;14;14;14;14;14;14;14;14;14;14;14;14;14;14;14;14;14;14;14;14;14;14;14;14;14;14;14;14;14;14;14;14;14;14;14;14;14;14;14;14;14;14;14;14;14;14;14;14;14;14;14;
14;14;14;14;14;14;14;14;14;14;14;14;14;14;14;14;14;14;14;14;14;14;14;14;14;14;14;14;14;14;14;14;14;14;14;14;14;14;14;14;14;14;14;14;14;14;14;14;14;14;14;14;14;14;14;14;14;14;14;14;14;14;14;14;14;14;14;14;14;14;14;14;14;14;14;14;14;14;14;14;14;14;14;14;14;14;14;14;14;14;14;14;14;14;14;14;14;14;14;14;
14;14;14;14;14;14;14;14;14;14;14;14;14;14;14;14;14;14;14;14;14;14;14;14;14;14;14;14;14;14;14;14;14;14;14;14;14;14;14;14;14;14;14;14;14;14;14;14;14;14;14;14;14;14;14;14;14;14;14;14;14;14;14;14;14;14;14;14;14;14;14;14;14;14;14;14;14;14;14;14;14;14;14;14;14;14;14;14;14;14;14;14;14;14;14;14;14;14;14;14;
