0;0;0;0;0;0;0;0;0;0;0;0;0;0;0;0;0;0;0;0;0;0;0;0;0;0;0;0;0;0;0;0;0;0;0;0;0;0;0;0;0;0;0;0;0;0;0;0;0;0;0;0;0;0;0;0;0;0;0;0;0;0;0;0;0;0;0;0;0;0;0;0;0;0;0;0;0;0;0;0;0;0;0;0;0;0;0;0;0;0;0;0;0;0;0;0;0;0;0;0;
0;0;0;0;0;0;0;0;0;0;0;0;0;0;0;0;0;0;0;0;0;0;0;0;0;0;0;0;0;0;0;0;0;0;0;0;0;0;0;0;0;0;0;0;0;0;0;0;0;0;0;0;0;0;0;0;0;0;0;0;0;0;0;0;0;0;0;0;0;0;0;0;0;0;0;0;0;0;0;0;0;0;0;0;0;0;0;0;0;0;0;0;0;0;0;0;0;0;0;0;
0;0;0;0;0;0;0;0;0;0;0;0;0;0;0;0;0;0;0;0;0;0;0;0;0;0;0;0;0;0;0;0;0;0;0;0;0;0;0;0;0;0;0;0;0;0;0;0;0;0;0;0;0;0;0;0;0;0;0;0;0;0;0;0;0;0;0;0;0;0;0;0;0;0;0;0;0;0;0;0;0;0;0;0;0;0;0;0;0;0;0;0;0;0;0;0;0;0;0;0;
0;0;0;0;0;0;0;0;0;0;0;0;0;0;0;0;0;0;0;0;0;0;0;0;0;0;0;0;0;0;0;0;0;0;0;0;0;0;0;0;0;0;0;0;0;0;0;0;0;0;0;0;0;0;0;0;0;0;0;0;0;0;0;0;0;0;0;0;0;0;0;0;0;0;0;0;0;0;0;0;0;0;0;0;0;0;0;0;0;0;0;0;0;0;0;0;0;0;0;0;
0;0;0;0;0;0;0;0;0;0;0;0;0;0;0;0;0;0;0;0;0;0;0;0;0;0;0;0;0;0;0;0;0;0;0;0;0;0;0;0;0;0;0;0;0;0;0;0;0;0;0;0;0;0;0;0;0;0;0;0;0;0;0;0;0;0;0;0;0;0;0;0;0;0;0;0;0;0;0;0;0;0;0;0;0;0;0;0;0;0;0;0;0;0;0;0;0;0;0;0;
0;0;0;0;0;0;0;0;0;0;0;0;0;0;0;0;0;0;0;0;0;0;0;0;0;0;0;0;0;0;0;0;0;0;0;0;0;0;0;0;0;0;0;0;0;0;0;0;0;0;0;0;0;0;0;0;0;0;0;0;0;0;0;0;0;0;0;0;0;0;0;0;0;0;0;0;0;0;0;0;0;0;0;0;0;0;0;0;0;0;0;0;0;0;0;0;0;0;0;0;
0;0;0;0;0;0;0;0;0;0;0;0;0;0;0;0;0;0;0;0;0;0;0;0;0;0;0;0;0;0;0;0;0;0;0;0;0;0;0;0;0;0;0;0;0;0;0;0;0;0;0;0;0;0;0;0;0;0;0;0;0;0;0;0;0;0;0;0;0;0;0;0;0;0;0;0;0;0;0;0;0;0;0;0;0;0;0;0;0;0;0;0;0;0;0;0;0;0;0;0;
0;0;0;0;0;0;0;0;0;0;0;0;0;0;0;0;0;0;0;0;0;0;0;0;0;0;0;0;0;0;0;0;0;0;0;0;0;0;0;0;0;0;0;0;0;0;0;0;0;0;0;0;0;0;0;0;0;0;0;0;0;0;0;0;0;0;0;0;0;0;0;0;0;0;0;0;0;0;0;0;0;0;0;0;0;0;0;0;0;0;0;0;0;0;0;0;0;0;0;0;
0;0;0;0;0;0;0;0;0;0;0;0;0;0;0;0;0;0;0;0;0;0;0;0;0;0;0;0;0;0;0;0;0;0;0;0;0;0;0;0;0;0;0;0;0;0;0;0;0;0;0;0;0;0;0;0;0;0;0;0;0;0;0;0;0;0;0;0;0;0;0;0;0;0;0;0;0;0;0;0;0;0;0;0;0;0;0;0;0;0;0;0;0;0;0;0;0;0;0;0;
0;0;0;0;0;0;0;0;0;0;0;0;0;0;0;0;0;0;0;0;0;0;0;0;0;0;0;0;0;0;0;0;0;0;0;0;0;0;0;0;0;0;0;0;0;0;0;0;0;0;0;0;0;0;0;0;0;0;0;0;0;0;0;0;0;0;0;0;0;0;0;0;0;0;0;0;0;0;0;0;0;0;0;0;0;0;0;0;0;0;0;0;0;0;0;0;0;0;0;0;
0;0;0;0;0;0;0;0;0;0;0;0;0;0;0;0;0;0;0;0;0;0;0;0;0;0;0;0;0;0;0;0;0;0;0;0;0;0;0;0;0;0;0;0;0;0;0;0;0;0;0;0;0;0;0;0;0;0;0;0;0;0;0;0;0;0;0;0;0;0;0;0;0;0;0;0;0;0;0;0;0;0;0;0;0;0;0;0;0;0;0;0;0;0;0;0;0;0;0;0;
0;0;0;0;0;0;0;0;0;0;0;0;0;0;0;0;0;0;0;0;0;0;0;0;0;0;0;0;0;0;0;0;0;0;0;0;0;0;0;0;0;0;0;0;0;0;0;0;0;0;0;0;0;0;0;0;0;0;0;0;0;0;0;0;0;0;0;0;0;0;0;0;0;0;0;0;0;0;0;0;0;0;0;0;0;0;0;0;0;0;0;0;0;0;0;0;0;0;0;0;
0;0;0;0;0;0;0;0;0;0;0;0;0;0;0;0;0;0;0;0;0;0;0;0;0;0;0;0;0;0;0;0;0;0;0;0;0;0;0;0;0;0;0;0;0;0;0;0;0;0;0;0;0;0;0;0;0;0;0;0;0;0;0;0;0;0;0;0;0;0;0;0;0;0;0;0;0;0;0;0;0;0;0;0;0;0;0;0;0;0;0;0;0;0;0;0;0;0;0;0;
0;0;0;0;0;0;0;0;0;0;0;0;0;0;0;0;0;0;0;0;0;0;0;0;0;0;0;0;0;0;0;0;0;0;0;0;0;0;0;0;0;0;0;0;0;0;0;0;0;0;0;0;0;0;0;0;0;0;0;0;0;0;0;0;0;0;0;0;0;0;0;0;0;0;0;0;0;0;0;0;0;0;0;0;0;0;0;0;0;0;0;0;0;0;0;0;0;0;0;0;
0;0;0;0;0;0;0;0;0;0;0;0;0;0;0;0;0;0;0;0;0;0;0;0;0;0;0;0;0;0;0;0;0;0;0;0;0;0;0;0;0;0;0;0;0;0;0;0;0;0;0;0;0;0;0;0;0;0;0;0;0;0;0;0;0;0;0;0;0;0;0;0;0;0;0;0;0;0;0;0;0;0;0;0;0;0;0;0;0;0;0;0;0;0;0;0;0;0;0;0;
0;0;0;0;0;0;0;0;0;0;0;0;0;0;0;0;0;0;0;0;0;0;0;0;0;0;0;0;0;0;0;0;0;0;0;0;0;0;0;0;0;0;0;0;0;0;0;0;0;0;0;0;0;0;0;0;0;0;0;0;0;0;0;0;0;0;0;0;0;0;0;0;0;0;0;0;0;0;0;0;0;0;0;0;0;0;0;0;0;0;0;0;0;0;0;0;0;0;0;0;
0;0;0;0;0;0;0;0;0;0;0;0;0;0;0;0;0;0;0;0;0;0;0;0;0;0;0;0;0;0;0;0;0;0;0;0;0;0;0;0;0;0;0;0;0;0;0;0;0;0;0;0;0;0;0;0;0;0;0;0;0;0;0;0;0;0;0;0;0;0;0;0;0;0;0;0;0;0;0;0;0;0;0;0;0;0;0;0;0;0;0;0;0;0;0;0;0;0;0;0;
0;0;0;0;0;0;0;0;0;0;0;0;0;0;0;0;0;0;0;0;0;0;0;0;0;0;0;0;0;0;0;0;0;0;0;0;0;0;0;0;0;0;0;0;0;0;0;0;0;0;0;0;14;14;14;14;14;14;14;14;14;14;14;14;14;14;14;14;14;14;14;14;14;14;14;14;14;14;14;14;14;14;14;14;14;14;0;0;0;0;0;0;0;0;0;0;0;0;0;0;
0;0;0;0;0;0;0;0;0;0;0;0;0;0;0;0;0;0;0;0;0;0;0;0;0;0;0;0;0;0;0;0;0;0;0;0;0;0;0;0;0;0;0;0;0;0;0;0;0;0;0;0;0;0;0;0;0;0;0;0;0;0;0;0;0;0;0;0;0;0;0;0;14;14;14;0;14;0;14;14;0;14;14;14;14;14;14;0;0;0;0;0;0;0;0;0;0;0;0;0;
0;0;0;0;0;0;0;0;0;0;0;0;0;0;0;0;0;0;0;0;0;0;0;0;0;0;0;0;0;0;0;0;0;0;0;0;0;0;0;0;0;0;0;0;0;0;0;0;0;0;0;0;0;0;0;0;0;0;0;0;0;0;0;0;0;0;0;0;0;0;0;0;14;14;14;14;14;14;14;14;14;14;14;14;14;14;14;0;0;0;0;0;0;0;0;0;0;0;0;0;
0;0;0;0;0;14;14;14;0;0;0;0;0;0;0;0;0;0;0;0;0;0;0;0;0;0;0;0;0;0;0;0;0;0;0;0;0;0;0;0;0;0;0;0;0;0;0;0;0;0;0;0;0;0;0;0;0;0;0;0;0;0;0;0;0;0;0;0;0;0;0;0;0;0;0;0;0;0;0;0;0;0;0;0;0;0;0;0;0;0;0;0;0;0;0;0;0;0;0;0;
0;0;0;0;0;0;14;14;0;0;0;0;0;0;0;0;0;0;0;0;0;0;0;0;14;14;14;14;14;14;0;0;0;0;0;0;0;0;0;0;0;14;14;14;14;14;0;0;0;0;0;0;0;0;0;0;0;0;0;0;0;0;0;0;0;0;0;0;0;0;0;0;0;0;0;0;0;0;0;0;0;0;0;0;0;0;0;0;0;0;14;0;0;0;0;0;0;0;0;0;
0;0;0;0;0;14;14;14;0;0;0;0;0;0;0;0;0;0;0;0;0;0;0;0;0;0;0;0;0;14;0;0;0;0;0;0;0;0;0;0;0;14;14;14;14;14;0;0;0;0;0;0;0;0;0;0;0;0;0;0;0;0;0;0;0;0;0;0;0;0;0;0;0;0;0;0;0;0;0;0;0;0;0;0;0;0;0;0;0;0;0;0;0;0;0;0;0;0;0;0;
0;0;0;0;0;14;14;14;0;0;0;0;0;0;0;0;0;0;0;0;0;0;0;0;0;0;0;0;0;0;0;0;0;0;0;0;0;0;0;0;0;0;0;0;0;0;0;0;0;0;0;0;0;0;0;0;0;0;0;0;0;0;0;0;0;0;0;0;0;0;0;0;0;0;0;0;0;0;0;0;0;0;0;0;0;0;0;0;0;0;0;0;0;0;0;0;0;0;0;0;
0;0;0;0;0;0;0;0;0;0;0;0;0;0;0;0;0;104;0;0;14;14;14;14;14;14;14;14;14;14;14;14;14;0;0;0;0;14;0;0;0;14;14;14;14;14;14;14;14;0;0;14;14;14;14;14;14;0;14;14;14;14;14;14;14;14;14;14;14;14;14;14;14;14;14;14;14;14;14;0;0;0;0;0;0;0;0;0;0;0;0;0;0;0;0;0;0;0;0;0;
0;0;0;0;0;14;14;14;14;0;0;0;0;0;0;0;0;0;0;0;0;0;14;14;14;14;14;14;14;14;14;14;14;14;0;14;14;14;0;0;14;14;14;0;0;0;14;14;14;0;0;0;0;0;0;0;0;0;14;14;0;14;14;14;14;0;14;14;14;14;14;14;14;14;14;14;14;14;14;14;14;0;14;14;14;14;0;14;0;0;0;0;0;0;0;0;0;0;0;0;
0;0;0;0;0;0;0;14;14;14;14;14;14;14;0;0;0;0;0;0;0;14;0;0;0;0;0;0;0;0;0;0;0;0;14;0;0;14;0;0;0;0;0;0;0;0;0;0;0;0;0;0;0;0;0;0;0;0;0;0;0;0;0;0;0;0;0;0;0;0;0;0;0;0;0;0;0;0;0;0;0;0;0;0;0;0;0;14;0;0;0;0;14;14;14;14;0;0;14;14;
0;0;0;0;0;0;0;0;14;14;0;0;0;0;0;0;0;0;14;14;14;0;0;0;0;0;0;0;0;0;0;0;0;0;0;0;0;0;0;0;14;14;14;14;14;0;0;0;14;14;14;14;0;0;14;14;0;14;14;14;14;14;14;14;14;14;0;14;14;14;14;14;14;14;14;14;14;14;14;14;14;14;14;14;14;14;14;14;14;14;14;14;14;14;14;14;0;0;14;14;
14;14;0;14;0;14;0;0;14;14;14;0;0;0;14;0;0;0;0;0;14;14;14;0;0;14;14;14;14;14;0;14;14;0;0;0;14;0;0;0;0;0;14;14;14;14;14;14;0;0;0;0;0;14;14;14;14;14;0;14;14;14;14;14;14;14;0;14;14;14;14;14;14;14;14;14;14;14;14;14;14;14;14;14;14;14;14;14;14;14;14;14;14;14;14;14;0;0;0;0;
0;0;0;0;0;0;0;14;14;0;0;14;0;0;0;0;0;0;0;0;0;0;14;0;0;0;0;14;14;14;14;0;14;0;0;14;14;0;0;0;0;0;0;0;0;0;14;14;14;14;14;0;0;0;14;14;14;14;14;14;14;14;14;14;14;14;14;14;14;0;14;14;14;14;14;14;14;14;14;14;14;14;14;14;14;14;14;14;14;14;14;14;14;14;14;14;14;14;14;14;
14;14;14;14;14;0;0;0;14;14;0;14;14;0;0;0;0;0;0;0;0;0;0;0;0;0;0;0;0;0;14;0;0;14;14;0;0;0;0;0;0;0;14;14;14;14;0;0;0;14;14;0;0;0;14;14;14;14;14;14;14;14;14;14;14;14;14;14;14;14;14;14;14;14;14;14;14;14;14;14;14;14;14;14;14;14;14;14;14;14;14;14;14;14;14;14;14;14;14;14;
14;14;14;14;14;14;14;14;14;14;14;14;14;14;0;0;0;0;0;0;0;0;14;0;0;0;0;0;0;0;0;0;0;0;0;14;14;14;14;14;14;14;14;0;0;0;0;14;14;14;14;14;14;0;14;14;14;14;14;14;14;14;14;14;14;14;14;14;14;14;14;14;14;14;14;14;14;14;14;14;14;14;0;0;14;14;14;14;14;14;0;14;14;14;14;14;14;14;0;14;
14;14;14;14;14;14;14;14;0;0;14;14;14;14;0;14;14;14;14;0;0;0;0;0;0;0;0;0;0;14;14;14;14;0;0;14;14;14;14;14;14;0;14;14;14;14;0;0;0;0;0;0;0;0;14;14;14;14;14;14;14;14;14;14;14;14;14;14;14;14;14;14;14;14;14;14;14;14;14;14;14;14;0;14;0;0;14;14;14;14;14;14;0;14;14;14;14;14;14;14;
14;14;14;14;14;14;14;14;14;0;0;0;0;0;14;14;0;14;14;0;0;0;0;0;0;0;0;0;0;14;14;14;14;14;14;14;14;14;14;14;14;14;0;14;14;14;0;0;0;14;14;0;0;0;0;14;14;14;14;14;14;14;14;14;14;14;14;14;14;14;14;14;14;0;14;14;14;14;14;14;0;0;14;0;0;0;0;0;0;14;0;14;14;14;14;14;14;14;14;0;
14;14;14;14;14;14;14;14;14;14;0;0;0;0;14;0;0;0;0;0;0;0;0;0;0;14;14;14;14;14;14;14;14;14;14;14;14;14;14;14;14;14;14;14;14;14;14;14;14;14;14;14;14;14;0;0;14;0;0;0;0;0;0;0;0;0;0;0;0;0;0;0;0;0;0;0;14;14;14;14;14;14;14;14;14;14;14;14;14;14;14;14;14;14;14;14;14;14;14;14;
0;0;0;0;0;0;0;0;0;0;14;0;0;0;0;14;0;0;0;14;14;14;0;0;0;0;0;14;14;14;14;14;14;14;14;14;14;14;14;14;14;14;14;14;14;14;14;14;14;14;14;14;14;14;0;14;14;14;14;14;14;14;14;14;14;14;14;14;14;14;14;14;14;14;14;14;14;14;14;14;14;14;14;14;14;14;14;14;14;14;14;14;14;14;14;14;14;14;14;14;
14;14;14;14;14;14;14;14;14;0;0;14;14;0;14;14;14;14;0;0;14;14;0;0;0;0;0;0;14;14;14;14;14;14;14;14;14;14;14;14;14;14;14;14;14;0;14;14;14;14;14;14;14;14;14;14;14;14;14;14;14;14;14;14;14;14;14;14;14;14;14;14;14;14;14;14;14;14;14;14;14;14;14;14;14;14;14;14;14;14;14;0;14;14;14;14;14;14;14;14;
14;14;14;14;14;14;0;14;14;14;14;14;14;14;0;0;14;0;0;0;0;0;0;0;0;0;0;0;14;14;14;14;14;14;14;14;14;14;14;14;14;14;0;0;14;14;14;0;14;14;14;14;14;0;14;14;14;14;14;14;14;14;0;14;14;14;14;14;14;14;14;14;0;0;0;0;14;14;14;14;14;14;14;14;14;14;14;14;14;14;14;14;14;14;14;14;14;14;14;0;
14;14;14;0;14;14;0;14;14;14;14;14;14;14;14;14;14;14;0;0;14;14;14;14;14;14;14;14;14;14;14;14;14;14;14;14;14;14;14;14;14;14;0;14;14;14;14;14;14;14;14;0;14;14;14;14;14;14;14;14;14;14;14;14;14;14;14;14;14;14;14;14;14;14;0;0;0;14;14;14;14;14;14;14;14;14;14;14;14;14;14;14;14;14;14;14;14;14;14;14;
14;14;14;0;14;14;14;14;14;14;14;14;14;14;14;14;14;14;14;14;14;14;14;14;14;14;14;14;14;14;14;14;14;14;14;0;14;14;14;14;14;14;14;14;14;14;14;14;14;14;14;14;14;14;14;14;14;14;14;14;14;14;14;14;14;14;14;14;14;14;14;14;14;14;14;14;14;14;14;0;0;14;14;14;14;14;14;14;14;14;14;14;14;14;14;14;14;14;14;14;
14;14;14;14;14;14;14;14;14;14;14;0;14;14;14;14;14;14;14;14;14;14;14;14;14;14;14;14;14;14;14;14;14;14;14;14;14;14;0;14;14;14;14;0;0;14;14;14;14;14;14;14;14;14;14;14;0;14;14;14;14;14;14;14;14;14;14;14;14;14;14;14;14;14;14;14;14;0;0;14;0;0;14;14;14;14;14;14;14;14;14;14;14;14;14;14;14;14;14;14;
14;14;14;14;14;14;14;14;14;14;0;0;0;14;0;14;14;14;14;14;14;0;14;14;14;14;14;14;14;14;14;0;14;0;14;0;14;0;14;14;14;14;14;0;14;14;14;14;14;14;14;14;14;14;14;14;14;14;14;14;14;14;14;14;14;14;14;14;14;14;14;14;14;14;14;14;14;14;14;14;14;0;14;14;14;14;14;14;14;14;14;14;14;14;14;14;14;14;14;14;
14;14;14;14;0;0;14;14;14;14;14;14;14;14;0;14;14;14;14;14;14;14;0;0;0;14;0;14;14;0;14;0;14;14;0;14;14;14;14;14;0;0;0;0;14;14;14;14;14;14;14;14;14;14;14;14;0;14;14;14;14;14;14;14;14;14;14;14;14;14;14;14;14;14;14;14;14;14;14;14;14;14;0;14;14;14;14;14;14;14;14;14;14;14;14;14;14;14;14;14;
14;14;0;14;14;14;14;14;14;14;14;14;14;14;0;14;14;14;14;14;14;14;14;0;0;0;0;14;0;14;0;0;14;14;0;14;0;14;14;0;0;0;0;0;0;14;14;14;14;14;14;14;14;14;14;14;14;14;14;14;0;0;0;0;14;14;0;0;0;0;14;14;14;14;14;14;14;14;14;14;14;0;14;0;0;0;0;0;0;0;0;0;0;0;0;0;0;0;0;0;
14;0;0;14;0;14;14;0;0;14;14;0;0;14;0;14;14;14;0;14;14;14;14;14;14;14;14;14;14;14;14;14;14;0;14;14;0;0;0;14;14;14;14;14;14;14;14;14;14;14;14;14;14;14;14;14;14;14;14;14;0;14;14;14;14;14;14;14;14;14;14;14;14;14;14;14;14;14;14;14;14;14;14;0;14;14;14;14;14;14;14;14;14;14;14;14;14;14;14;14;
14;14;0;0;0;14;0;0;14;14;14;14;14;14;14;14;14;14;14;14;14;14;14;14;14;0;14;14;14;14;14;14;14;14;14;14;14;14;14;14;14;14;14;0;14;0;0;0;14;14;0;0;14;14;14;14;14;14;14;0;14;14;14;14;14;14;14;14;14;14;0;0;0;0;14;14;14;14;14;14;14;0;0;0;0;0;0;0;0;0;0;0;0;0;14;14;14;0;14;14;
14;14;0;0;0;0;0;0;0;0;0;0;0;0;0;14;14;14;14;14;14;14;14;14;14;14;14;14;0;0;0;14;14;14;14;14;14;0;14;14;14;14;14;14;14;0;0;0;14;0;0;0;0;14;14;0;14;14;0;0;0;14;14;14;0;14;0;14;14;0;0;0;14;14;14;14;14;0;14;0;14;14;14;14;14;14;14;14;14;14;14;14;14;14;14;14;14;14;14;0;
14;14;0;0;0;0;0;0;0;0;0;0;0;0;0;0;14;14;14;0;14;14;14;14;14;14;14;0;0;0;0;0;0;0;0;0;14;14;14;0;14;14;14;0;0;0;0;0;0;0;0;0;0;0;14;14;14;14;14;0;14;14;14;14;14;14;14;14;14;14;14;14;14;0;14;14;14;0;14;14;14;14;14;14;14;14;14;14;14;14;14;14;14;14;14;14;14;14;14;0;
0;0;0;0;0;0;0;0;0;0;0;0;0;0;0;0;0;0;14;14;0;0;0;0;0;0;0;0;0;0;0;0;0;0;0;0;0;0;0;0;0;14;0;14;14;0;0;14;14;14;0;0;0;0;0;0;0;0;0;0;0;0;0;0;14;0;0;0;0;0;0;0;0;0;0;0;0;0;0;0;0;0;0;0;14;14;14;14;14;14;0;0;14;14;14;14;14;14;14;14;
14;14;14;14;14;14;14;14;14;0;0;0;14;14;14;14;14;14;14;14;0;0;14;14;14;14;14;14;0;0;0;0;0;0;0;0;14;14;0;0;0;14;14;14;14;14;0;14;14;0;0;14;14;14;14;14;14;14;14;14;14;14;14;14;14;14;14;0;14;14;14;14;14;14;14;14;14;14;14;14;14;14;14;14;14;14;14;14;14;14;0;14;14;14;14;14;14;14;14;14;
0;0;0;0;0;0;0;0;0;0;0;0;0;0;0;0;0;0;0;0;0;0;0;0;0;0;0;0;0;0;0;0;0;0;0;0;0;0;14;14;14;14;0;0;14;14;14;14;0;0;0;14;14;0;14;0;14;14;14;0;0;0;0;0;0;0;0;0;0;0;0;0;0;0;0;0;0;0;0;0;14;14;0;14;14;0;0;14;14;14;0;0;0;0;14;14;14;14;14;0;
0;326;0;0;0;0;0;0;0;0;0;0;0;0;0;14;14;14;0;14;0;0;0;0;0;0;0;0;0;0;0;0;0;0;0;0;0;0;14;14;0;0;0;14;14;14;0;0;0;0;14;0;0;0;0;0;0;0;0;0;14;14;14;14;14;14;14;14;14;14;14;14;14;14;14;14;14;14;0;0;0;0;14;14;14;0;0;14;14;14;0;14;0;0;0;0;0;0;0;0;
322;322;0;0;0;0;0;0;0;0;0;0;0;0;0;0;0;0;0;0;0;0;0;0;0;0;0;0;0;0;322;322;322;322;322;0;0;0;0;0;0;0;0;0;0;0;0;0;0;0;0;0;0;0;0;0;0;0;0;0;0;0;0;14;0;0;0;0;0;0;0;0;0;0;0;0;0;0;0;0;0;0;0;0;0;0;14;0;14;14;0;14;14;14;14;14;0;0;0;0;
0;0;0;0;0;0;0;0;0;0;0;0;0;0;0;0;0;0;0;0;0;0;0;0;0;0;0;0;0;0;0;322;322;322;322;0;0;0;0;0;0;0;0;0;0;0;0;0;0;0;0;0;0;0;0;0;0;0;0;0;0;0;0;0;0;0;0;0;0;0;0;0;0;0;0;0;0;0;0;0;0;0;0;0;0;0;0;0;0;0;0;0;0;0;0;0;0;0;0;0;
14;14;14;14;14;14;14;14;14;14;14;14;14;14;14;14;14;14;14;14;14;14;14;14;14;14;14;14;14;14;14;14;14;14;14;14;14;14;14;14;14;14;14;14;14;14;14;14;14;14;14;14;14;14;14;14;14;14;14;14;14;14;14;14;14;14;14;14;14;14;14;14;14;14;14;14;14;14;14;14;14;14;14;14;14;14;14;14;14;14;14;14;14;14;14;14;14;14;14;14;
14;14;14;14;14;14;14;14;14;14;14;14;14;14;14;14;14;14;14;14;14;14;14;14;14;14;14;14;14;14;14;14;14;14;14;14;14;14;14;14;14;14;14;14;14;14;14;14;14;14;14;14;14;14;14;14;14;14;14;14;14;14;14;14;14;14;14;14;14;14;14;14;14;14;14;14;14;14;14;14;14;14;14;14;14;14;14;14;14;14;14;14;14;14;14;14;14;14;14;14;
14;14;14;14;14;14;14;14;14;14;14;14;14;14;14;14;14;14;14;14;14;14;14;14;14;14;14;14;14;14;14;14;14;14;14;14;14;14;14;14;14;14;14;14;14;14;14;14;14;14;14;14;14;14;14;14;14;14;14;14;14;14;14;14;14;14;14;14;14;14;14;14;14;14;14;14;14;14;14;14;14;14;14;14;14;14;14;14;14;14;14;14;14;14;14;14;14;14;14;14;
14;14;14;14;14;14;14;14;14;14;14;14;14;14;14;14;14;14;14;14;14;14;14;14;14;14;14;14;14;14;14;14;14;14;14;14;14;14;14;14;14;14;14;14;14;14;14;14;14;14;14;14;14;14;14;14;14;14;14;14;14;14;14;14;14;14;14;14;14;14;14;14;14;14;14;14;14;14;14;14;14;14;14;14;14;14;14;14;14;14;14;14;14;14;14;14;14;14;14;14;
14;14;14;14;14;14;14;14;14;14;14;14;14;14;14;14;14;14;14;14;14;14;14;14;14;14;14;14;14;14;14;14;14;14;14;14;14;14;14;14;14;14;14;14;14;14;14;14;14;14;14;14;14;14;14;14;14;14;14;14;14;14;14;14;14;14;14;14;14;14;14;14;14;14;14;14;14;14;14;14;14;14;14;14;14;14;14;14;14;14;14;14;14;14;14;14;14;14;14;14;
14;14;14;14;14;14;14;14;14;14;14;14;14;14;14;14;14;14;14;14;14;14;14;14;14;14;14;14;14;14;14;14;14;14;14;14;14;14;14;14;14;14;14;14;14;14;14;14;14;14;14;14;14;14;14;14;14;14;14;14;14;14;14;14;14;14;14;14;14;14;14;14;14;14;14;14;14;14;14;14;14;14;14;14;14;14;14;14;14;14;14;14;14;14;14;14;14;14;14;14;
