0;0;0;0;0;0;0;0;0;0;0;0;0;0;0;0;0;0;0;0;0;0;0;0;0;0;0;0;0;0;0;0;0;0;0;0;0;0;0;0;0;0;0;0;0;0;0;0;0;0;0;0;0;0;0;0;0;0;0;0;0;0;0;0;0;0;0;0;0;0;0;0;0;0;0;0;0;0;422;0;0;0;0;0;0;0;0;0;0;0;0;0;0;0;0;0;0;0;0;0;
0;0;0;0;0;0;0;0;0;0;0;0;0;0;420;0;0;0;0;0;0;0;420;0;0;0;0;0;0;0;0;0;0;0;0;0;0;0;0;0;0;0;0;0;0;0;420;0;0;0;0;0;0;0;420;0;0;0;0;0;0;0;0;0;0;0;0;0;0;0;0;420;0;0;0;0;0;0;0;0;0;0;0;0;0;0;0;0;0;0;0;0;0;0;0;0;0;0;0;0;
0;0;420;0;0;420;0;0;420;0;0;0;0;420;0;420;0;420;0;0;0;420;0;420;0;420;0;0;0;0;0;0;0;0;420;0;0;420;0;0;420;0;0;0;0;420;0;420;0;420;0;0;0;420;0;420;0;420;0;0;0;0;0;0;0;0;0;0;0;0;0;0;0;0;0;0;420;0;420;0;0;0;0;0;0;0;0;0;0;0;0;0;0;0;0;0;0;0;0;0;
0;420;0;0;420;0;0;420;0;0;0;0;0;0;0;0;420;0;0;0;0;0;0;0;420;0;0;0;420;0;0;0;0;420;0;0;420;414;0;420;0;0;0;0;0;0;420;0;420;0;0;0;0;0;0;0;420;0;0;0;420;0;0;0;0;420;0;0;0;0;0;420;0;0;0;0;0;0;0;0;0;0;0;420;0;0;0;0;0;0;0;0;0;0;0;0;0;420;0;0;
0;416;0;0;416;416;0;0;0;0;0;0;0;0;0;0;0;0;0;0;0;0;0;0;0;0;0;0;0;0;0;0;0;416;420;0;416;420;0;0;420;0;0;0;0;420;0;420;0;420;0;0;0;0;420;0;0;0;0;0;0;0;0;0;0;0;0;0;0;0;0;0;0;0;0;0;0;0;420;0;0;0;0;0;0;0;0;0;0;0;0;0;0;0;0;0;0;0;0;0;
0;0;0;0;0;420;0;0;420;0;0;0;0;0;420;0;0;0;0;420;0;420;0;420;0;420;0;420;420;0;0;0;0;0;0;0;0;0;0;0;0;0;0;0;0;0;0;0;420;0;0;420;0;420;0;420;0;420;0;420;420;0;0;0;0;0;0;0;0;0;0;420;0;0;0;0;420;0;0;0;0;0;0;420;0;420;0;0;0;0;0;0;0;0;0;0;0;0;0;0;
0;420;0;0;420;0;0;420;0;414;0;0;414;420;0;420;0;420;0;0;0;0;0;0;420;0;0;0;0;0;0;0;0;420;0;0;420;420;0;420;420;0;0;0;0;420;0;420;0;0;0;0;0;0;0;0;420;0;0;0;0;0;0;0;0;420;0;0;0;0;420;0;0;0;0;0;0;0;0;0;0;0;0;0;0;0;0;0;0;0;0;0;0;0;0;0;0;420;0;0;
0;0;0;0;0;0;0;0;0;0;0;0;0;416;0;0;424;424;0;424;424;424;0;424;0;418;0;0;424;424;0;424;0;0;0;0;0;0;0;0;0;0;0;0;0;0;0;0;0;424;0;424;424;0;0;424;0;424;0;424;424;0;0;0;0;0;0;0;0;0;0;0;0;0;0;0;0;0;0;0;0;424;0;0;424;424;0;0;0;0;0;0;424;424;0;424;0;0;0;0;
0;420;0;0;420;420;0;420;0;0;0;0;0;0;0;0;0;416;0;0;416;416;0;0;0;0;0;0;416;416;0;0;0;420;0;420;420;0;0;420;420;0;0;0;0;0;0;0;0;0;0;0;0;0;0;0;0;0;0;0;0;0;0;0;0;420;0;420;0;420;420;0;420;0;0;0;0;0;0;0;0;0;0;0;0;0;0;0;0;0;0;0;0;0;0;0;0;420;0;420;
0;0;0;0;0;426;0;0;420;420;0;0;420;426;0;420;0;0;0;0;0;0;0;0;0;0;0;0;0;426;0;0;0;0;0;0;0;426;0;0;0;420;0;0;420;426;0;420;0;0;0;0;0;426;0;0;0;0;0;0;0;426;0;0;0;0;0;0;0;426;0;0;0;420;0;0;420;426;420;420;0;0;0;0;0;426;0;0;0;0;0;0;0;426;0;0;0;0;0;0;
0;420;0;420;420;420;0;420;0;0;0;0;0;0;0;0;0;420;0;420;0;420;0;420;0;420;0;420;0;420;0;420;0;420;0;0;0;0;0;0;0;0;0;0;0;0;0;0;0;420;0;420;420;0;420;420;0;420;0;420;0;0;420;420;0;420;0;420;0;420;420;0;420;0;0;0;0;0;0;0;0;420;0;420;420;0;420;420;0;420;0;420;420;0;0;420;420;420;0;0;
0;0;0;0;0;0;0;0;0;420;0;420;0;420;0;420;0;426;0;0;0;0;0;0;0;426;0;0;0;0;0;0;0;0;0;0;0;0;0;0;0;420;0;420;420;0;420;420;0;426;0;0;0;0;0;0;0;0;0;0;0;0;0;0;0;0;0;0;0;0;0;0;0;420;0;420;420;0;420;420;420;426;0;0;0;0;0;0;0;426;0;0;0;0;0;0;0;0;0;0;
0;426;0;0;426;426;0;0;0;426;0;0;426;426;0;0;0;420;0;0;426;426;0;0;0;420;0;0;426;426;0;0;0;0;0;0;426;426;0;0;0;426;0;0;426;426;0;0;0;420;0;0;426;426;0;0;0;426;0;0;426;426;0;0;0;0;0;0;0;0;0;0;0;426;0;0;426;426;0;0;0;420;0;0;0;0;0;0;0;420;0;0;426;426;0;0;0;426;0;0;
0;426;0;0;0;0;0;0;0;420;0;0;0;0;0;0;0;0;0;0;0;0;0;0;0;0;0;0;0;0;0;0;0;0;0;0;0;0;0;0;0;420;0;0;0;0;0;0;0;0;0;0;0;0;0;0;0;0;0;0;0;0;0;0;0;0;0;0;0;0;0;0;0;420;0;0;0;0;0;0;0;0;0;0;0;0;0;0;0;0;0;0;0;0;0;0;0;0;0;0;
0;0;0;0;0;0;0;0;0;0;422;0;0;0;0;0;0;0;0;0;0;0;0;0;0;0;0;0;0;0;0;0;0;0;0;0;0;0;0;0;0;0;0;0;0;0;0;0;0;0;0;0;0;0;0;0;0;0;0;0;0;0;0;0;0;0;0;0;0;0;0;0;0;0;0;0;0;0;0;0;0;0;0;0;0;0;0;0;0;0;0;0;0;0;0;0;0;0;0;0;
0;0;0;0;420;0;0;0;0;0;0;0;0;0;0;0;0;0;0;0;0;0;0;0;0;0;0;0;0;0;0;0;0;0;0;0;0;0;0;0;0;0;0;0;0;0;0;0;0;0;0;0;0;420;0;0;0;0;420;420;0;0;0;0;0;0;420;420;0;0;0;0;0;0;0;0;0;0;0;0;0;0;0;0;0;420;0;0;0;0;420;420;0;0;0;0;0;0;0;0;
0;0;0;0;0;0;0;0;420;0;420;0;0;0;0;0;0;0;0;0;0;0;0;0;0;0;0;0;0;0;0;0;0;0;0;0;0;0;0;0;0;0;0;0;0;0;0;0;0;420;0;420;0;0;0;0;0;420;0;0;0;0;0;0;0;420;0;0;0;0;0;0;0;0;0;0;0;0;0;0;0;420;0;420;0;0;0;0;0;420;0;0;0;0;0;0;0;0;0;0;
0;0;0;0;0;0;0;0;0;0;0;0;0;0;420;0;0;0;0;0;0;0;0;0;0;426;426;426;426;426;0;0;0;0;0;0;0;0;0;0;0;0;0;420;0;420;0;0;420;0;420;0;0;420;0;0;0;0;0;420;0;0;0;0;0;0;0;420;0;0;0;0;0;0;0;0;0;420;0;0;420;0;420;0;0;0;0;0;0;0;0;0;0;0;0;0;0;0;0;0;
0;0;0;0;420;0;0;0;420;0;420;0;0;0;0;0;0;0;0;0;0;0;0;0;0;0;426;426;426;426;0;0;0;0;0;0;0;0;0;0;0;0;0;0;0;0;0;0;0;0;0;0;0;0;0;0;0;0;0;0;0;0;0;0;0;0;0;0;0;0;0;0;0;0;0;0;0;0;0;0;0;0;0;0;0;0;0;0;0;420;420;420;0;0;0;0;0;0;0;0;
0;0;0;0;0;0;0;0;0;0;0;0;0;0;420;0;0;420;0;0;0;0;0;0;0;0;0;0;0;0;0;0;0;0;0;0;0;0;0;0;0;0;0;0;0;0;0;0;0;0;0;0;0;0;0;0;0;0;420;0;420;420;0;0;0;0;0;0;420;420;0;0;0;0;0;0;0;420;0;0;0;0;0;0;0;420;0;0;0;0;0;0;420;420;0;0;0;0;0;0;
0;420;0;420;420;0;0;0;420;0;0;0;0;0;0;0;0;0;0;0;0;0;0;0;0;0;0;0;0;0;0;0;0;0;0;0;0;0;0;0;0;0;0;0;0;0;0;0;0;420;0;420;0;420;0;0;0;420;0;0;0;0;0;420;0;0;0;420;0;0;0;420;0;0;0;0;0;0;0;0;0;420;0;420;0;0;0;0;0;420;0;0;0;0;0;420;0;0;0;0;
0;0;0;0;0;0;0;0;0;0;0;0;0;424;0;0;424;0;424;0;424;424;0;0;424;0;424;424;0;0;0;0;0;0;0;0;0;0;0;0;0;0;0;0;0;424;0;0;424;0;424;0;0;0;0;0;0;0;0;0;0;0;0;0;0;0;0;0;0;0;0;0;0;0;0;0;0;424;0;0;424;0;424;0;0;0;0;0;0;0;0;0;0;0;0;0;0;0;0;0;
0;420;0;420;0;0;0;0;0;0;0;0;0;0;0;0;0;0;0;0;0;0;0;0;0;0;0;0;0;0;0;0;0;0;0;0;0;0;0;0;0;0;0;0;0;0;0;0;0;0;0;0;0;420;0;0;420;0;0;0;0;0;0;0;0;0;0;0;0;0;0;0;0;0;0;0;0;0;0;0;0;0;0;0;0;0;0;0;0;0;0;0;420;420;0;0;0;0;0;0;
0;426;0;0;0;420;0;0;420;426;0;420;420;0;0;0;0;426;0;0;0;0;0;0;0;426;426;426;426;0;0;0;0;0;0;0;0;0;0;0;0;0;0;0;0;0;0;0;0;0;0;0;0;0;0;0;0;0;0;0;0;420;0;420;0;0;0;0;0;420;0;420;0;0;0;0;0;0;0;0;0;0;0;0;0;0;0;0;0;0;0;0;0;0;0;420;0;0;0;0;
0;420;0;420;0;0;0;0;0;0;0;0;0;420;0;420;420;0;0;420;420;0;0;420;0;0;420;420;0;0;0;0;0;0;0;0;0;0;0;0;0;0;0;0;0;420;0;0;420;0;0;0;0;420;420;420;420;420;420;420;420;0;0;0;0;0;0;0;0;0;0;0;0;0;0;0;0;0;0;0;0;0;0;0;0;420;420;420;420;420;420;420;420;0;0;0;0;0;0;0;
0;0;0;0;0;420;0;420;420;0;420;420;0;0;0;0;0;0;0;0;0;426;0;0;0;0;0;0;0;0;0;0;426;426;0;426;0;426;2796;0;426;426;0;426;0;426;0;0;426;426;0;426;0;426;0;0;426;426;0;426;0;420;420;420;420;420;420;420;420;420;420;420;420;420;420;420;420;426;0;0;426;426;0;426;0;426;0;0;426;426;0;426;0;420;420;420;420;420;420;420;
426;426;0;0;0;426;0;0;426;426;0;0;0;420;0;0;426;426;420;0;0;420;0;0;426;426;0;0;0;426;0;0;426;426;0;426;0;426;2796;0;426;426;0;426;0;420;420;420;420;420;420;420;420;420;0;0;0;0;0;2796;0;426;0;0;426;426;0;426;0;426;0;0;426;426;0;426;0;420;420;420;420;420;420;420;420;0;0;0;0;0;0;0;0;426;0;0;426;426;0;426;
0;0;0;0;0;420;0;0;0;0;0;0;0;0;0;0;0;0;0;0;0;0;0;0;0;0;0;0;0;426;0;0;0;0;0;0;0;0;2796;0;0;0;0;0;0;0;0;0;0;0;0;0;0;0;0;0;0;0;0;2796;0;420;0;0;0;2796;0;0;0;0;0;0;0;0;0;0;0;0;0;0;0;0;0;0;0;0;0;0;0;0;0;0;0;0;0;0;0;0;0;0;
0;0;0;0;0;0;0;0;0;0;0;0;0;422;0;0;0;0;0;0;0;422;0;0;0;0;0;0;0;0;0;0;0;0;0;0;0;0;2796;0;0;0;0;0;0;422;0;0;0;0;0;0;0;422;0;0;0;0;0;2796;0;0;0;0;0;2796;0;0;0;0;0;0;0;0;0;0;0;0;0;0;0;0;0;0;0;0;0;0;0;0;0;0;0;0;0;0;0;0;0;0;
0;0;0;0;0;420;0;0;0;0;0;0;0;0;0;0;0;0;0;0;0;0;0;0;0;0;0;0;0;0;0;0;0;0;420;0;0;0;2796;0;0;0;0;0;0;0;0;0;0;0;0;0;0;0;0;0;0;0;0;2796;420;2796;2796;2796;420;2796;0;0;0;0;0;0;0;0;0;0;0;0;0;0;0;0;0;0;0;0;0;0;0;0;0;0;0;0;0;0;0;0;0;0;
0;420;420;420;0;0;0;0;0;0;0;0;0;0;0;0;0;0;0;0;0;0;0;0;0;0;0;0;0;420;0;0;0;420;0;420;0;420;2796;556;556;556;556;556;556;556;556;556;556;556;556;556;556;556;556;556;556;420;556;2796;0;420;2796;0;0;420;0;0;0;0;0;0;0;0;0;0;0;0;0;0;0;0;0;0;0;0;0;0;0;0;0;0;0;0;0;0;0;0;0;0;
420;0;0;0;0;0;0;420;0;0;420;420;420;420;0;0;0;0;420;420;420;420;0;0;420;420;0;420;0;0;0;0;420;0;420;0;420;0;2796;0;0;420;0;420;420;420;0;0;420;420;420;420;420;420;0;0;420;0;0;2796;420;0;2796;0;420;0;0;0;0;0;0;412;0;0;0;0;0;0;0;0;0;0;0;0;0;0;0;0;0;0;0;0;0;0;0;0;0;0;0;0;
0;0;420;420;0;0;0;0;0;0;0;0;0;0;0;0;0;0;0;0;0;0;0;0;0;0;0;0;0;420;0;0;0;0;0;0;0;0;2796;0;0;0;0;0;0;0;0;0;0;0;0;0;0;0;0;0;0;420;0;2796;2796;420;2796;2796;2796;420;0;0;0;0;0;0;0;0;0;0;0;0;0;0;0;0;0;0;0;0;0;0;0;0;0;0;0;0;0;0;0;0;0;0;
420;420;0;0;0;420;0;0;0;0;420;420;420;420;0;0;0;0;0;0;0;0;0;0;0;0;0;0;0;0;0;0;0;0;0;0;0;0;2796;0;0;420;0;420;420;0;0;0;420;420;0;0;0;0;0;0;0;0;0;2796;1606;2796;1606;2796;1606;426;0;0;0;0;0;0;0;0;0;0;0;0;0;0;0;0;0;0;0;0;0;0;0;0;0;0;0;0;0;0;0;0;0;0;
0;0;0;420;0;0;0;420;0;0;0;0;0;0;0;0;0;0;420;420;420;420;0;0;420;420;420;420;420;0;0;0;420;420;420;420;420;420;2796;0;0;0;0;0;0;420;0;0;0;0;420;420;420;420;0;0;0;420;0;2796;2796;420;2796;2796;2796;420;0;0;0;0;0;0;0;0;0;0;0;0;0;0;0;0;0;0;0;0;0;0;0;0;0;0;0;0;0;0;0;0;0;0;
0;0;0;0;0;0;0;0;0;0;0;0;0;0;0;0;0;0;0;0;0;0;0;0;0;0;0;0;0;0;0;0;0;0;0;0;0;0;2796;0;0;424;0;424;424;0;0;0;0;0;0;0;0;0;0;0;0;0;0;2796;1606;2796;1606;2796;1606;2796;0;0;0;0;0;0;0;0;0;0;0;0;0;0;0;0;0;0;0;0;0;0;0;0;0;0;0;0;0;0;0;0;0;0;
0;0;0;0;0;0;0;420;0;0;0;0;0;0;0;0;0;0;0;0;0;0;0;0;0;0;0;0;0;0;0;0;0;0;0;0;0;0;2796;556;556;556;556;556;556;556;556;556;556;556;556;556;556;556;556;556;556;556;556;2796;2796;2796;2796;2796;2796;2796;0;0;0;0;0;0;0;0;1154;0;1154;0;1154;0;0;1154;0;1154;0;1154;0;0;0;0;0;0;0;0;0;0;0;0;0;0;
420;420;0;420;0;426;426;426;426;0;0;0;0;0;0;0;0;0;0;0;0;0;0;0;0;0;0;0;0;0;0;0;0;0;0;0;0;0;2796;0;0;0;0;0;0;0;0;0;0;0;0;0;0;0;0;0;2796;2796;0;2796;1606;2796;1606;2796;1606;2796;0;0;0;0;0;0;0;0;1154;0;1154;0;1154;0;0;1154;0;1154;0;1154;0;0;0;0;0;0;0;0;0;0;0;0;0;0;
0;0;0;0;0;426;426;426;426;0;0;0;0;0;0;0;0;420;420;420;420;420;420;420;420;0;0;0;0;0;0;0;0;0;0;0;0;0;2796;0;0;0;0;0;0;0;0;0;0;420;420;420;420;420;420;420;420;0;1158;2796;2796;2796;2796;2796;2796;426;0;0;0;0;0;0;0;0;1154;0;1154;0;1154;0;0;1154;0;1154;0;1154;0;0;0;0;0;0;0;0;0;0;0;0;0;0;
420;420;420;420;420;420;420;420;420;426;0;0;426;426;0;426;0;426;0;0;426;426;0;426;0;420;420;420;420;420;420;420;420;420;420;420;420;420;420;420;420;426;0;0;426;426;0;426;0;426;0;0;426;426;0;426;0;420;420;420;420;420;420;420;420;420;420;0;0;0;0;0;0;0;1154;0;1154;0;0;0;0;0;0;1154;0;1154;0;0;0;0;0;0;0;0;0;0;0;0;0;0;
0;426;0;0;426;426;426;426;426;420;420;420;420;420;420;420;420;0;0;0;0;0;0;0;0;426;0;0;426;426;0;426;0;426;0;0;426;426;2796;426;0;420;420;420;420;420;420;420;420;0;0;0;0;0;0;0;0;426;1158;2796;426;426;0;426;0;426;0;0;0;0;0;0;0;0;1154;0;0;0;0;0;0;0;0;0;0;1154;0;0;0;0;0;0;0;0;0;0;0;0;0;0;
0;0;0;0;0;0;0;0;0;0;0;0;0;0;0;0;0;0;0;0;0;0;0;0;0;0;0;0;0;0;0;0;0;0;0;0;0;0;2796;0;0;0;0;0;0;0;0;0;0;0;0;0;0;0;0;2796;2796;2796;0;2796;0;0;0;2796;0;2796;0;0;0;0;0;0;0;0;0;0;0;0;0;0;0;0;0;0;0;0;0;0;0;0;0;0;0;0;0;0;0;0;0;0;
0;0;0;0;0;0;0;0;0;0;0;0;0;0;0;0;0;0;0;0;0;0;0;0;0;0;0;0;0;0;0;0;0;0;0;0;0;0;2796;556;556;556;556;556;556;556;556;556;556;556;556;556;556;556;556;556;556;556;556;2796;2796;2796;2796;2796;0;2796;0;0;0;0;0;0;0;0;0;0;0;0;0;0;0;0;0;0;0;0;0;0;0;0;0;0;0;0;0;682;682;682;682;682;
0;0;0;0;0;0;0;0;0;0;0;0;0;0;0;0;0;0;0;0;0;0;0;0;0;0;0;0;0;0;0;0;0;0;0;0;0;0;2796;0;0;0;0;0;0;0;0;0;0;0;0;0;0;0;0;0;0;0;0;2796;556;1606;1606;2796;0;2796;556;0;0;0;0;0;0;0;0;0;0;0;0;0;0;0;0;0;0;0;0;0;0;0;0;0;0;0;0;682;682;682;682;682;
0;0;0;0;0;0;0;0;0;0;0;0;0;0;0;0;0;0;0;0;0;0;0;0;0;0;0;0;0;0;0;0;0;0;0;0;0;0;2796;0;0;0;0;0;0;0;0;0;0;0;0;0;0;0;0;0;0;0;0;2796;2796;2796;2796;2796;2796;2796;556;0;0;0;0;0;0;0;0;0;0;0;0;0;0;0;0;0;0;0;0;0;0;0;0;0;0;0;0;682;682;682;682;682;
0;0;0;0;0;0;0;0;0;0;0;0;0;0;0;0;0;0;0;0;0;0;0;0;0;0;0;0;0;0;0;0;0;0;0;0;0;0;2796;0;0;0;0;0;0;0;0;0;0;0;0;0;0;0;0;0;0;0;0;2796;2796;2796;2796;2796;2796;2796;556;0;0;0;0;0;0;0;0;0;0;0;0;0;0;0;0;0;0;0;0;0;0;0;0;0;0;0;0;682;682;682;682;682;
0;0;0;0;0;0;0;0;0;0;0;0;0;0;0;0;0;0;0;0;0;0;0;0;0;0;0;0;0;0;0;0;0;0;0;0;0;0;2796;0;0;0;0;0;0;0;0;0;0;0;0;0;0;0;0;0;0;0;0;2796;2796;2796;2796;2796;2796;2796;556;0;0;0;0;0;0;0;0;0;0;0;0;0;0;0;0;0;0;0;0;0;0;0;0;0;0;0;0;682;682;682;682;682;
0;0;0;0;0;0;0;0;0;0;0;0;0;0;0;0;0;0;0;0;0;0;0;0;0;0;0;0;0;0;0;0;0;0;0;0;0;0;2796;2796;2796;2796;2796;2796;2796;2796;2796;2796;2796;2796;2796;2796;2796;2796;2796;2796;2796;2796;2796;2796;2796;2796;2796;2796;2796;2796;556;0;0;0;0;0;0;0;0;0;0;0;0;0;0;0;0;0;0;0;0;0;0;0;0;0;0;0;0;682;682;682;682;682;
0;0;0;0;0;0;0;0;0;0;0;0;0;0;0;0;0;0;0;0;0;0;0;0;0;0;0;0;0;0;0;0;0;0;0;0;0;0;2796;1156;556;556;556;1156;1156;556;1156;1156;556;1156;1156;556;556;1156;556;1156;1156;556;1156;2796;2796;2796;2796;2796;2796;2796;556;0;0;0;0;0;0;0;0;0;0;0;0;0;0;0;0;0;0;0;0;0;0;0;0;0;0;0;0;682;682;682;682;682;
0;0;0;0;0;0;0;0;0;0;0;0;0;0;0;0;0;0;0;0;0;0;0;0;0;0;0;0;0;0;0;0;0;0;0;0;0;0;2796;1156;556;1156;1156;556;1156;556;1156;1156;556;1156;556;1156;1156;1156;556;1156;1156;556;1156;2796;2796;2796;2796;2796;0;2796;556;0;0;0;0;0;0;0;0;0;0;0;0;0;0;0;0;0;0;0;0;0;0;0;0;0;0;0;0;682;682;682;682;682;
0;0;0;0;0;0;0;0;0;0;0;0;0;0;0;0;0;0;0;0;0;0;0;0;0;0;0;0;0;0;0;0;0;0;0;0;0;0;2796;1156;556;556;556;1156;1156;556;1156;1156;556;1156;1156;1156;556;1156;556;556;556;556;1156;2796;2796;0;2796;0;2796;2796;556;0;0;0;0;0;0;0;0;0;0;0;0;0;0;0;0;0;0;0;0;0;0;0;0;0;0;0;0;682;682;682;682;682;
0;0;0;0;0;0;0;0;0;0;0;0;0;0;0;0;0;0;0;0;0;0;0;0;0;0;0;0;0;0;0;0;0;0;0;0;0;0;2796;1156;556;1156;1156;1156;1156;1156;556;556;1156;1156;556;556;1156;1156;556;1156;1156;556;1156;2796;2796;2796;2796;2796;2796;2796;556;0;0;0;0;0;0;0;0;0;0;0;0;0;0;0;0;0;0;0;0;0;0;0;0;0;0;0;0;682;682;682;682;682;
0;0;0;0;0;0;0;0;0;0;0;0;0;0;0;0;0;0;0;0;0;0;0;0;0;0;0;0;0;0;0;0;0;0;0;0;0;0;2796;2796;2796;2796;2796;2796;2796;2796;2796;2796;2796;2796;2796;2796;2796;2796;2796;2796;2796;2796;2796;2796;2796;2796;2796;2796;2796;2796;556;0;0;0;0;0;0;0;0;0;0;0;0;0;0;0;0;0;0;0;0;0;0;0;0;0;0;0;0;682;682;682;682;682;
0;0;0;0;0;0;0;0;0;0;0;0;0;0;0;0;0;0;0;0;0;0;0;0;0;0;0;0;0;0;0;0;0;0;0;0;0;0;2796;2796;2796;2796;2796;2796;2796;2796;2796;2796;2796;2796;2796;2796;2796;2796;2796;2796;2796;2796;2796;2796;2796;2796;2796;2796;2796;2796;0;0;0;0;0;0;0;0;0;0;0;0;0;0;0;0;0;0;0;0;0;0;0;0;0;0;0;0;0;682;682;682;682;682;
14;14;14;14;14;14;14;14;14;14;14;14;14;14;14;14;14;14;14;14;14;14;14;14;14;14;14;14;14;14;14;14;14;14;14;14;14;14;14;14;14;14;14;14;14;14;14;14;14;14;14;14;14;14;14;14;14;14;14;14;14;14;14;14;14;14;14;14;14;14;14;14;14;14;14;14;14;14;14;14;14;14;14;14;14;14;14;14;14;14;14;14;14;14;14;14;14;14;14;14;
14;14;14;14;14;14;14;14;14;14;14;14;14;14;14;14;14;14;14;14;14;14;14;14;14;14;14;14;14;14;14;14;14;14;14;14;14;14;14;14;14;14;14;14;14;14;14;14;14;14;14;14;14;14;14;14;14;14;14;14;14;14;14;14;14;14;14;14;14;14;14;14;14;14;14;14;14;14;14;14;14;14;14;14;14;14;14;14;14;14;14;14;14;14;14;14;14;14;14;14;
14;14;14;14;14;14;14;14;14;14;14;14;14;14;14;14;14;14;14;14;14;14;14;14;14;14;14;14;14;14;14;14;14;14;14;14;14;14;14;14;14;14;14;14;14;14;14;14;14;14;14;14;14;14;14;14;14;14;14;14;14;14;14;14;14;14;14;14;14;14;14;14;14;14;14;14;14;14;14;14;14;14;14;14;14;14;14;14;14;14;14;14;14;14;14;14;14;14;14;14;
14;14;14;14;14;14;14;14;14;14;14;14;14;14;14;14;14;14;14;14;14;14;14;14;14;14;14;14;14;14;14;14;14;14;14;14;14;14;14;14;14;14;14;14;14;14;14;14;14;14;14;14;14;14;14;14;14;14;14;14;14;14;14;14;14;14;14;14;14;14;14;14;14;14;14;14;14;14;14;14;14;14;14;14;14;14;14;14;14;14;14;14;14;14;14;14;14;14;14;14;
14;14;14;14;14;14;14;14;14;14;14;14;14;14;14;14;14;14;14;14;14;14;14;14;14;14;14;14;14;14;14;14;14;14;14;14;14;14;14;14;14;14;14;14;14;14;14;14;14;14;14;14;14;14;14;14;14;14;14;14;14;14;14;14;14;14;14;14;14;14;14;14;14;14;14;14;14;14;14;14;14;14;14;14;14;14;14;14;14;14;14;14;14;14;14;14;14;14;14;14;
566;14;14;14;14;14;14;14;14;14;14;14;14;14;14;14;14;14;14;14;14;14;14;14;14;14;14;14;14;14;14;14;14;14;14;14;14;14;14;14;14;14;14;14;14;14;14;14;14;14;14;14;14;14;14;14;14;14;14;14;14;14;14;14;14;14;14;14;14;14;14;14;14;14;14;14;14;14;14;14;14;14;14;14;14;14;14;14;14;14;14;14;14;14;14;14;14;14;14;14;
