0;0;0;0;0;0;0;0;0;0;0;0;0;0;0;0;0;0;0;0;0;0;0;0;0;0;0;0;0;0;0;0;0;0;0;0;0;0;0;0;0;0;0;0;0;0;0;0;0;0;0;0;0;0;0;0;0;0;0;0;422;0;0;0;0;0;0;0;0;0;0;0;0;0;0;0;0;0;0;0;0;0;0;0;0;0;0;0;0;0;0;0;0;0;0;0;0;0;0;0;
0;0;0;0;0;0;0;420;0;0;0;0;0;0;0;0;0;0;0;0;0;0;0;420;0;0;0;0;0;0;0;0;0;0;0;0;0;0;0;420;0;0;0;0;0;0;0;0;0;0;0;0;0;0;0;420;0;420;0;0;0;420;0;0;0;0;0;0;0;0;0;0;0;0;0;0;0;0;420;0;420;0;0;0;0;0;0;0;0;0;0;0;0;0;0;0;0;0;0;0;
426;426;426;426;426;426;420;0;0;0;0;0;0;0;0;0;0;0;0;0;0;0;420;0;0;0;0;0;0;0;0;0;0;0;0;0;0;0;420;0;0;0;0;0;0;0;0;0;0;0;0;0;0;0;420;0;0;0;0;0;0;0;0;0;426;426;426;426;426;0;0;0;0;0;0;0;0;0;0;0;0;0;0;0;0;0;0;0;426;0;0;0;0;0;0;0;426;0;0;0;
0;0;420;420;420;420;0;0;0;0;0;0;0;0;0;0;0;0;420;420;420;420;0;420;0;0;0;0;0;0;0;0;0;0;420;420;420;420;0;0;0;0;0;0;0;0;0;0;0;0;420;420;420;420;0;420;0;420;0;0;420;420;0;0;426;426;426;426;420;0;0;0;426;0;0;0;420;420;0;0;0;0;0;0;0;0;0;0;426;0;0;426;0;0;420;426;0;0;0;0;
0;0;0;0;0;0;0;0;0;0;0;0;0;0;0;0;0;0;0;0;0;0;0;0;0;0;0;0;0;0;0;0;0;0;0;0;0;0;0;0;0;0;0;0;0;0;0;0;0;0;0;0;0;0;420;0;0;0;0;0;0;0;0;0;426;0;426;0;0;0;0;0;426;0;0;0;0;0;0;426;0;0;0;0;420;0;420;0;420;0;0;426;420;0;0;0;420;0;0;0;
0;0;420;420;420;0;0;420;0;420;0;0;0;0;0;0;0;0;420;420;420;420;420;0;0;420;0;0;0;0;0;0;0;0;420;420;420;420;420;420;0;420;0;0;0;0;0;0;0;0;420;420;420;420;0;0;0;420;0;0;420;420;0;0;0;0;426;0;420;0;0;0;420;0;0;0;0;0;0;0;0;0;0;0;0;0;0;0;0;0;0;420;426;0;0;0;0;0;420;0;
0;0;0;0;0;0;420;0;0;0;0;0;420;0;0;0;0;0;0;0;0;0;0;0;0;0;0;0;420;0;0;0;0;0;0;0;0;0;0;0;0;0;0;0;420;0;0;0;0;0;0;0;0;0;0;0;0;420;0;0;420;420;0;0;0;0;0;0;0;0;0;0;0;0;0;0;0;0;0;0;0;0;0;0;0;0;0;0;0;0;0;0;0;0;0;0;0;0;0;0;
0;0;424;424;424;424;424;424;0;424;0;0;424;0;0;0;0;0;424;424;424;424;0;0;0;0;0;0;0;0;0;0;0;0;424;424;424;424;424;424;0;424;0;0;424;0;0;0;0;0;0;0;0;0;0;0;0;0;0;0;0;0;0;0;0;0;0;0;424;0;0;0;424;0;0;0;0;0;0;0;0;0;0;0;0;0;0;0;0;0;0;0;0;0;0;0;0;0;0;0;
0;0;0;0;0;0;0;0;0;0;0;0;0;420;0;0;0;0;0;0;0;420;0;0;0;420;0;0;420;420;0;0;0;0;0;0;0;0;0;0;0;0;0;0;0;420;0;420;420;0;420;420;0;420;420;0;0;0;0;0;0;0;0;0;0;0;0;0;0;0;0;0;0;0;0;0;420;420;0;420;420;0;0;0;0;0;0;0;0;0;0;0;420;420;0;420;420;0;0;0;
0;0;0;0;0;0;0;0;0;426;0;0;0;0;0;0;0;426;0;0;0;0;0;0;0;426;0;0;0;0;0;0;0;426;0;0;0;0;0;0;0;426;0;0;0;0;0;0;0;426;0;0;0;0;0;0;0;426;0;0;0;420;420;0;420;420;420;0;0;0;0;0;426;0;0;0;0;0;0;0;426;0;0;0;420;420;0;420;420;420;0;0;0;0;0;0;0;0;0;0;
0;0;420;420;426;0;0;0;426;420;0;0;420;420;0;0;0;420;0;0;0;420;0;0;426;420;0;0;420;420;0;0;426;0;0;0;0;420;420;420;426;420;0;0;420;420;420;0;426;0;420;0;0;420;0;0;0;426;0;0;0;0;0;0;0;0;0;0;420;420;0;420;420;420;0;0;420;420;0;420;420;0;0;0;0;0;0;0;0;0;0;0;420;420;420;0;0;0;0;0;
426;426;0;0;426;426;0;0;0;0;0;0;426;426;0;0;0;0;0;0;0;426;0;0;0;0;0;0;420;420;0;0;0;0;0;0;0;426;0;0;0;0;0;0;426;426;0;0;0;0;0;0;0;426;0;0;0;0;0;0;0;420;0;0;420;420;0;0;0;0;0;0;0;0;0;0;0;0;0;0;0;0;0;0;420;0;420;420;420;0;0;0;0;0;0;0;420;0;0;0;
426;420;426;426;420;420;0;0;0;420;0;420;0;0;0;0;0;0;0;0;0;420;420;0;0;420;0;0;420;426;0;0;0;0;0;0;0;420;420;0;0;0;0;0;0;0;0;0;0;0;0;0;0;420;0;0;0;420;0;0;426;426;0;0;0;0;0;0;420;0;0;420;420;0;0;426;426;0;0;0;0;0;0;0;0;0;0;0;0;0;0;420;420;0;420;0;0;0;420;0;
0;0;0;0;0;0;0;0;0;0;0;0;0;420;420;0;420;420;420;0;0;0;0;0;0;0;0;0;0;420;420;0;420;420;420;0;0;0;0;0;0;0;0;0;0;420;420;0;0;420;0;0;0;0;0;0;0;0;0;0;0;420;420;0;0;420;0;0;426;0;0;0;0;0;0;0;420;0;420;0;0;0;0;0;420;0;420;420;0;0;0;0;0;0;0;0;0;0;0;0;
0;0;0;0;0;0;0;0;0;0;0;0;0;0;0;0;0;0;0;0;0;0;0;0;0;0;0;0;0;0;0;0;0;0;0;0;0;0;0;0;0;422;0;0;0;0;0;0;0;0;0;0;0;0;0;0;0;422;0;0;0;0;0;0;0;0;0;0;0;0;0;0;0;422;0;0;0;0;0;0;0;0;0;0;0;0;0;0;0;0;0;0;0;0;0;0;0;0;0;0;
0;0;0;0;0;0;0;0;0;0;0;0;420;420;0;0;0;0;0;0;0;0;0;0;0;0;0;0;0;0;0;0;0;0;0;0;0;0;0;0;0;420;0;0;0;0;0;0;0;0;0;0;0;0;0;0;0;0;0;0;420;0;0;0;0;0;0;0;0;0;0;0;0;0;0;0;420;0;0;0;0;0;0;0;0;0;0;0;0;0;0;0;0;0;0;0;0;0;0;0;
0;0;0;0;0;0;0;0;0;0;0;0;0;0;0;0;0;0;0;0;0;426;0;0;0;0;0;0;0;0;0;0;0;0;0;0;0;0;0;0;0;0;0;0;0;0;0;420;420;0;0;0;0;0;0;0;0;420;0;0;0;0;0;420;420;0;0;0;0;0;0;0;0;420;0;0;0;0;0;420;0;0;0;0;0;0;0;0;0;0;0;0;0;0;0;0;0;0;0;0;
0;420;0;0;0;0;0;0;0;420;420;0;426;420;420;0;0;0;0;0;426;0;0;0;0;0;0;420;426;0;0;0;0;0;0;0;0;0;0;0;0;420;0;0;0;0;0;0;0;0;0;420;0;0;0;0;0;0;0;0;0;0;0;0;0;0;0;0;420;0;0;0;0;0;0;0;420;0;0;0;0;426;0;0;426;0;0;426;0;426;426;426;0;0;0;0;0;0;0;0;
0;0;0;0;0;0;0;0;0;0;0;0;0;0;0;0;0;420;0;420;0;420;0;0;0;420;0;0;0;420;0;0;0;0;0;0;0;0;0;0;0;0;0;0;0;0;0;0;0;0;0;0;0;0;0;0;0;420;0;0;420;0;0;420;420;0;0;0;0;0;0;0;0;0;0;0;0;0;0;0;0;0;0;0;0;0;0;0;0;0;0;0;0;0;0;0;0;0;0;0;
0;0;0;0;0;420;0;0;0;0;0;0;0;0;0;0;0;0;0;0;0;0;0;0;420;420;0;420;0;420;0;420;0;0;0;0;0;0;0;0;0;420;0;420;420;0;0;420;0;0;0;0;0;0;0;0;0;0;0;0;0;0;0;0;0;0;0;0;420;0;0;0;0;420;0;0;420;0;0;420;0;0;0;0;0;0;0;0;0;0;0;0;0;0;0;0;0;0;0;0;
0;0;0;0;0;0;0;0;0;420;420;0;420;0;420;0;0;420;0;420;420;420;0;0;420;0;0;0;0;0;0;0;0;0;0;0;0;0;0;0;0;420;0;0;0;0;0;0;420;0;0;420;0;0;0;0;0;420;0;0;420;0;0;420;420;0;0;0;0;0;0;0;0;0;0;0;0;0;0;0;0;0;0;0;0;0;0;0;0;0;0;0;0;0;0;0;0;0;0;0;
0;424;0;424;0;424;0;0;0;424;0;0;0;0;0;0;0;0;0;0;0;0;0;0;0;0;0;0;0;0;0;0;0;424;0;0;424;0;0;424;0;0;0;0;0;0;0;0;0;0;0;0;0;0;0;0;0;0;0;0;0;0;0;0;0;424;0;424;424;0;0;424;0;0;0;0;0;0;0;0;0;0;0;0;0;0;0;0;0;0;0;0;0;0;0;0;0;0;0;0;
0;0;0;0;0;0;0;0;0;0;420;0;420;420;420;0;0;0;0;0;0;0;0;0;420;420;0;420;420;420;0;420;0;0;0;0;0;0;0;0;0;420;420;0;420;420;0;420;0;0;0;0;0;0;0;0;0;420;0;0;420;0;0;420;420;0;0;0;0;0;0;0;0;420;0;0;420;0;0;420;0;0;0;0;0;0;0;0;0;0;0;0;0;0;0;0;0;0;0;0;
0;0;0;0;0;426;0;0;0;0;0;0;0;426;0;0;0;420;0;420;0;420;0;0;0;0;0;0;0;426;0;0;0;0;0;0;0;426;0;0;0;0;0;0;0;426;0;0;0;0;0;0;420;426;0;420;0;0;0;0;0;426;0;0;0;0;0;0;0;426;0;0;0;0;0;0;0;426;0;0;0;420;0;0;420;426;0;420;0;0;426;0;0;0;0;0;0;0;0;0;
0;420;0;0;420;426;0;0;0;420;420;420;420;426;0;0;0;0;0;0;0;0;0;0;0;0;0;420;420;0;0;0;0;420;0;0;420;0;420;420;0;420;0;0;420;0;0;420;0;0;0;0;0;0;0;0;0;420;0;0;420;0;0;420;0;420;0;0;420;0;0;420;0;420;0;0;420;0;0;420;0;426;0;0;426;0;0;426;0;0;420;0;0;0;0;0;0;0;0;0;
0;426;0;0;0;0;0;0;0;0;0;0;0;0;0;0;0;420;0;420;420;0;0;0;0;420;0;0;0;0;0;0;0;426;0;0;426;0;0;426;0;426;0;0;426;0;0;426;0;420;0;0;420;0;0;420;0;426;0;0;426;0;0;426;0;426;0;0;426;0;0;426;0;426;0;0;426;0;0;426;0;420;0;0;420;0;0;420;426;426;0;0;0;0;0;0;0;0;0;0;
0;420;0;420;420;420;0;0;0;426;0;0;0;0;0;0;0;426;0;0;0;0;0;0;420;0;0;0;420;0;0;0;0;420;0;0;420;0;0;420;0;0;0;0;0;0;0;0;0;426;0;0;426;0;0;426;0;420;0;0;420;0;0;420;0;420;0;0;420;0;0;420;0;420;0;0;420;0;0;420;0;426;0;0;426;0;0;426;426;426;426;426;0;0;0;0;0;0;0;0;
0;0;0;0;0;0;0;0;0;420;420;0;0;0;0;0;0;420;0;0;420;0;0;0;0;0;0;0;0;0;0;0;0;0;0;0;0;0;0;0;0;420;0;0;420;0;0;420;0;420;0;0;420;0;0;420;0;0;0;0;0;0;0;0;0;0;0;0;0;0;0;0;0;0;0;0;0;0;0;0;0;420;0;0;420;0;0;420;0;0;0;0;0;0;0;0;0;0;0;0;
0;0;0;0;0;0;0;0;0;0;0;0;0;0;0;0;0;0;0;0;0;0;0;0;0;0;0;0;0;0;0;0;0;0;0;0;0;0;0;0;0;0;0;0;0;0;0;0;0;0;0;0;0;0;0;0;0;0;0;0;0;0;0;0;0;0;0;0;0;0;0;0;0;0;0;0;0;0;0;0;0;0;0;0;0;0;0;0;0;0;0;0;0;0;0;0;0;0;0;0;
0;0;0;0;0;0;0;0;0;0;0;0;0;0;0;0;0;0;0;0;0;0;0;0;0;0;0;0;0;0;0;0;0;0;0;0;0;0;0;0;0;0;0;0;0;0;0;0;0;0;0;0;0;0;0;0;0;0;0;0;0;0;0;0;0;0;0;0;0;0;0;0;0;0;0;0;0;0;0;0;0;0;0;0;0;0;0;0;0;0;0;0;0;0;0;0;0;0;0;0;
0;0;0;0;0;0;0;0;0;0;0;0;0;0;0;0;0;0;0;0;0;0;0;0;0;0;0;0;0;0;0;0;0;0;0;0;0;0;0;0;0;0;0;0;0;0;0;0;0;0;0;0;0;0;0;0;0;0;0;0;0;0;0;0;0;0;0;0;0;0;0;0;0;0;0;0;0;0;0;0;0;0;0;0;0;0;0;0;0;0;0;0;0;0;0;0;0;0;0;0;
0;0;0;0;0;0;0;0;0;0;0;0;0;0;0;0;0;0;0;0;0;0;0;0;0;0;0;0;0;0;0;0;0;0;0;0;0;0;0;0;0;0;0;0;0;0;0;0;0;0;0;0;0;0;0;0;0;0;0;0;0;0;0;0;0;0;0;0;0;0;0;0;0;0;0;0;0;0;0;0;0;0;0;0;0;0;0;0;0;0;0;0;0;0;0;0;0;0;0;0;
0;0;0;0;0;0;0;0;0;0;0;0;0;0;0;0;0;0;0;0;0;0;0;0;0;0;0;0;0;0;0;0;0;0;0;0;0;0;0;0;0;0;0;0;0;0;0;0;0;0;0;0;0;0;0;0;0;0;0;0;0;0;0;0;0;0;0;0;0;0;0;0;0;0;0;0;0;0;0;0;0;0;0;0;0;0;0;0;0;0;0;0;0;0;0;0;0;0;0;0;
0;0;0;0;0;0;0;0;0;0;0;0;0;0;0;0;0;0;0;0;0;0;0;0;0;0;0;0;0;0;0;0;0;0;0;0;0;0;0;0;0;0;0;0;0;0;0;0;0;0;0;0;0;0;0;0;0;0;0;0;0;0;0;0;0;0;0;0;0;0;0;0;0;0;0;0;0;0;0;0;0;0;0;0;0;0;0;0;0;0;0;0;0;0;0;0;0;0;0;0;
0;0;0;0;0;0;0;0;0;0;0;0;0;0;0;0;0;0;0;0;0;0;0;0;0;0;0;0;0;0;0;0;0;0;0;0;0;0;0;0;0;0;0;0;0;0;0;0;0;0;0;0;0;0;0;0;0;0;0;0;0;0;0;0;0;0;0;0;0;0;0;0;0;0;0;0;0;0;0;0;0;0;0;0;0;0;0;0;0;0;0;0;0;0;0;0;0;0;0;0;
0;0;0;0;0;0;0;0;0;0;0;0;0;0;0;0;0;0;0;0;0;0;0;0;0;0;0;0;0;0;0;0;0;0;0;0;0;0;0;0;0;0;0;0;0;0;0;0;0;0;0;0;0;0;0;0;0;0;0;0;0;0;0;0;0;0;0;0;0;0;0;0;0;0;0;0;0;0;0;0;0;0;0;0;0;0;0;0;0;0;0;0;0;0;0;0;0;0;0;0;
0;0;0;0;0;0;0;0;0;0;0;0;0;0;0;0;0;0;0;0;0;0;0;0;0;0;0;0;0;0;0;0;0;0;0;0;0;0;0;0;0;0;0;0;0;0;0;0;0;0;0;0;0;0;0;0;0;0;0;0;0;0;0;0;0;0;0;0;0;0;0;0;0;0;0;0;0;0;0;0;0;0;0;0;0;0;0;0;0;0;0;0;0;0;0;0;0;0;0;0;
0;0;0;0;0;0;0;0;0;0;2270;2270;2270;2270;2270;2270;2270;2270;2270;2270;2270;2270;2270;2270;2270;2270;2270;2270;2270;2270;2270;2270;2270;2270;2270;2270;2270;2270;2270;2270;2270;2270;2270;2270;2270;2270;2270;2270;2270;2270;2270;2270;2270;2270;2270;2270;2270;2270;2270;2270;2270;2270;2270;0;0;0;0;0;0;0;0;0;0;0;0;0;0;0;0;0;0;0;0;0;0;0;0;0;0;0;0;0;0;0;0;0;0;0;0;0;
0;0;0;0;0;0;0;0;0;0;2270;2270;2270;2270;2270;2270;2270;2270;2270;2270;2270;2270;2270;2270;2270;2270;2270;2270;2270;2270;2270;2270;2270;2270;2270;2270;2270;2270;2270;2270;2270;2270;2270;2270;2270;2270;2270;2270;2270;2270;2270;2270;2270;2270;2270;2270;2270;2270;2270;2270;2270;2270;2270;0;0;0;0;0;0;0;0;0;0;0;0;0;0;0;0;0;0;0;0;0;0;0;0;0;0;0;0;0;0;0;0;0;0;0;0;0;
0;0;0;0;0;0;0;0;0;0;2270;2270;2270;2270;2270;2270;2270;2270;2270;2270;2270;2270;2270;2270;2270;2270;2270;2270;2270;2270;2270;2270;2270;2270;2270;2270;2270;2270;2270;2270;2270;2270;2270;2270;2270;2270;2270;2270;2270;2270;2270;2270;2270;2270;2270;2270;2270;2270;2270;2270;2270;2270;2270;0;0;0;0;0;0;0;0;0;0;0;0;0;0;0;0;0;0;0;0;0;0;0;0;0;0;0;0;0;0;0;0;0;0;0;0;0;
0;0;0;0;0;0;0;0;0;0;2270;2270;2270;2270;2270;2270;2270;2270;2270;2270;2270;2270;2270;2270;2270;2270;2270;2270;2270;2270;2270;2270;2270;2270;2270;2270;2270;2270;2270;2270;2270;2270;2270;2270;2270;2270;2270;2270;2270;2270;2270;2270;2270;2270;2270;2270;2270;2270;2270;2270;2270;2270;2270;0;0;0;0;0;0;0;0;0;0;0;0;0;0;0;0;0;0;0;0;0;0;0;0;0;0;0;0;0;0;0;0;0;0;0;0;0;
0;0;0;0;0;0;0;0;0;0;2270;2270;2270;2270;2270;2270;2270;2270;2270;2270;2270;2270;2270;2270;2270;2270;2270;2270;2270;2270;2270;2270;2270;2270;2270;2270;2270;2270;2270;2270;2270;2270;2270;2270;2270;2270;2270;2270;2270;2270;2270;2270;2270;2270;2270;2270;2270;2270;2270;2270;2270;2270;2270;0;0;0;0;0;0;0;0;0;0;0;0;0;0;0;0;0;0;0;0;0;0;0;0;0;0;0;0;0;0;0;0;0;0;0;0;0;
0;0;0;0;0;0;0;0;0;0;2270;2270;2270;2270;2270;2270;2270;2270;2270;2270;2270;2270;2270;2270;2270;2270;2270;2270;2270;2270;2270;2270;2270;2270;2270;2270;2270;2270;2270;2270;2270;2270;2270;2270;2270;2270;2270;2270;2270;2270;2270;2270;2270;2270;2270;2270;2270;2270;2270;2270;2270;2270;2270;0;0;0;0;0;0;0;0;0;0;0;0;0;0;0;0;0;0;0;0;0;0;0;0;0;0;0;0;0;0;0;0;0;0;0;0;0;
0;0;0;0;0;0;0;0;0;0;2270;2270;2270;2270;2270;2270;2270;2270;2270;2270;2270;2270;2270;2270;2270;2270;2270;2270;2270;2270;2270;2270;2270;2270;2270;2270;2270;2270;2270;2270;2270;2270;2270;2270;2270;2270;2270;2270;2270;2270;2270;2270;2270;2270;2270;2270;2270;2270;2270;2270;2270;2270;2270;0;0;0;0;0;0;0;0;0;0;0;0;0;0;0;0;0;0;0;0;0;0;0;0;0;0;0;0;0;0;0;0;0;0;0;0;0;
0;0;0;0;0;0;0;0;0;0;2270;2270;2270;2270;2270;2270;2270;2270;2270;2270;2270;2270;2270;2270;2270;2270;2270;2270;2270;2270;2270;2270;2270;2270;2270;0;0;0;2270;2270;2270;2270;2270;2270;2270;2270;2270;2270;2270;2270;2270;2270;2270;2270;2270;2270;2270;2270;2270;2270;2270;2270;2270;0;0;0;0;0;0;0;0;0;0;0;0;0;0;0;0;0;0;0;0;0;0;0;0;0;0;0;0;0;0;0;0;0;0;0;0;0;
0;0;0;0;0;0;0;0;0;0;2270;2270;2270;2270;2270;2270;2270;2270;2270;2270;2270;2270;2270;2270;2270;2270;2270;2270;2270;2270;2270;2270;2270;2270;0;0;0;0;0;2270;2270;2270;2270;2270;2270;2270;2270;2270;2270;2270;2270;2270;2270;2270;2270;2270;2270;2270;2270;2270;2270;2270;2270;0;0;0;0;0;0;0;0;0;0;0;0;0;0;0;0;0;0;0;0;0;0;0;0;0;0;0;0;0;0;0;0;0;0;0;0;0;
0;0;0;0;0;0;0;0;0;0;2270;2270;2270;2270;2270;2270;2270;2270;2270;2270;2270;2270;2270;2270;2270;2270;2270;2270;2270;2270;2270;2270;2270;0;0;2270;0;56;0;0;2270;2270;2270;2270;2270;2270;2270;2270;2270;2270;2270;2270;2270;2270;2270;2270;2270;2270;2270;2270;2270;2270;2270;0;0;0;0;0;0;0;0;0;0;0;0;0;0;0;0;0;0;0;0;0;0;0;0;0;0;0;0;0;0;0;0;0;0;0;0;0;
0;0;0;0;0;0;0;0;0;0;2270;2270;2270;2270;2270;2270;2270;2270;2270;2270;2270;2270;2270;2270;2270;2270;2270;2270;2270;2270;2270;2270;2270;0;0;2270;0;56;0;0;2270;2270;2270;2270;2270;2270;2270;2270;2270;2270;2270;2270;2270;2270;2270;2270;2270;2270;2270;2270;2270;2270;2270;0;0;0;0;0;0;0;0;0;0;0;0;0;0;0;0;0;0;0;0;0;0;0;0;0;0;0;0;0;0;0;0;0;0;0;0;0;
0;0;0;0;0;0;0;0;0;0;2270;2270;2270;2270;2270;2270;2270;2270;2270;2270;2270;2270;2270;2270;2270;2270;2270;2270;2270;2270;2270;2270;2270;0;568;568;568;568;568;0;2270;2270;2270;2270;2270;2270;2270;2270;2270;2270;2270;2270;2270;2270;2270;2270;2270;2270;2270;2270;2270;2270;2270;0;0;0;0;0;0;0;0;0;0;0;0;0;0;0;0;0;0;0;0;0;0;0;0;0;0;0;0;0;0;0;0;0;0;0;0;0;
0;0;0;0;0;0;0;0;0;0;2270;2270;2270;2270;2270;2270;2270;2270;2270;2270;2270;2270;2270;2270;2270;2270;2270;2270;2270;2270;2270;2270;2270;568;568;568;0;568;568;568;2270;2270;2270;2270;2270;2270;2270;2270;2270;2270;2270;2270;2270;2270;2270;2270;2270;2270;2270;2270;2270;2270;2270;0;0;0;0;0;0;0;0;0;0;0;0;0;0;0;0;0;0;0;0;0;0;0;0;0;0;0;0;0;0;0;0;0;0;0;0;0;
0;0;0;0;0;0;0;0;0;0;2270;2270;2270;2270;2270;2270;2270;2270;2270;2270;2270;2270;2270;2270;2270;2270;0;2270;2270;2270;2270;2270;0;0;0;0;0;0;0;0;0;2270;2270;2270;2270;2270;2270;2270;2270;2270;2270;2270;2270;2270;2270;2270;2270;2270;2270;2270;2270;2270;2270;0;0;0;0;0;0;0;0;0;0;0;0;0;0;0;0;0;0;0;0;0;0;0;0;0;0;0;0;0;0;0;0;0;0;0;0;0;
0;0;0;0;0;0;0;0;0;2270;2270;2270;2270;2270;2270;2270;2270;2270;2270;2270;2270;2270;2270;2270;2270;2270;2270;2270;2270;2270;2270;2270;0;0;0;0;0;0;0;0;0;2270;2270;2270;2270;2270;2270;2270;2270;2270;2270;2270;2270;2270;2270;2270;2270;2270;2270;2270;2270;2270;2270;2270;2270;0;0;0;0;0;0;0;0;0;0;0;0;0;0;0;0;0;0;0;0;0;0;0;0;0;0;0;0;0;0;0;0;0;0;0;
0;0;0;0;0;0;0;0;0;2270;0;0;0;0;0;0;0;0;0;0;0;0;0;0;0;0;0;0;0;0;0;0;0;0;0;0;0;0;0;0;0;0;0;0;0;0;0;0;0;0;0;0;0;0;0;0;0;0;0;0;0;0;0;0;0;0;0;0;0;0;0;0;0;0;0;0;0;0;0;0;0;0;0;0;0;0;0;0;0;0;0;0;0;0;0;0;0;0;0;0;
0;0;0;0;0;0;0;0;0;0;0;0;0;0;0;0;0;0;0;0;0;0;0;0;0;0;0;0;0;0;0;0;0;0;0;0;0;0;0;0;0;0;0;0;0;0;0;0;0;0;0;0;0;0;0;0;0;0;0;0;0;0;0;0;0;0;0;0;0;0;0;0;0;0;0;0;0;0;0;0;0;0;0;0;0;0;0;0;0;0;0;0;0;0;0;0;0;0;0;0;
14;14;14;14;14;14;14;14;14;14;14;14;14;14;14;14;14;14;14;14;14;14;14;14;14;14;14;14;14;14;14;14;14;14;14;14;14;14;14;14;14;14;14;14;14;14;14;14;14;14;14;14;14;14;14;14;14;14;14;14;14;14;14;14;14;14;14;14;14;14;14;14;14;14;14;14;14;14;14;14;14;14;14;14;14;14;14;14;14;14;14;14;14;14;14;14;14;14;14;14;
14;14;14;14;14;14;14;14;14;14;14;14;14;14;14;14;14;14;14;14;14;14;14;14;14;14;14;14;14;14;14;14;14;14;14;14;14;14;14;14;14;14;14;14;14;14;14;14;14;14;14;14;14;14;14;14;14;14;14;14;14;14;14;14;14;14;14;14;14;14;14;14;14;14;14;14;14;14;14;14;14;14;14;14;14;14;14;14;14;14;14;14;14;14;14;14;14;14;14;14;
14;14;14;14;14;14;14;14;14;14;14;14;14;14;14;14;14;14;14;14;14;14;14;14;14;14;14;14;14;14;14;14;14;14;14;14;14;14;14;14;14;14;14;14;14;14;14;14;14;14;14;14;14;14;14;14;14;14;14;14;14;14;14;14;14;14;14;14;14;14;14;14;14;14;14;14;14;14;14;14;14;14;14;14;14;14;14;14;14;14;14;14;14;14;14;14;14;14;14;14;
14;14;14;14;14;14;14;14;14;14;14;14;14;14;14;14;14;14;14;14;14;14;14;14;14;14;14;14;14;14;14;14;14;14;14;14;14;14;14;14;14;14;14;14;14;14;14;14;14;14;14;14;14;14;14;14;14;14;14;14;14;14;14;14;14;14;14;14;14;14;14;14;14;14;14;14;14;14;14;14;14;14;14;14;14;14;14;14;14;14;14;14;14;14;14;14;14;14;14;14;
14;14;14;14;14;14;14;14;14;14;14;14;14;14;14;14;14;14;14;14;14;14;14;14;14;14;14;14;14;14;14;14;14;14;14;14;14;14;14;14;14;14;14;14;14;14;14;14;14;14;14;14;14;14;14;14;14;14;14;14;14;14;14;14;14;14;14;14;14;14;14;14;14;14;14;14;14;14;14;14;14;14;14;14;14;14;14;14;14;14;14;14;14;14;14;14;14;14;14;14;
566;14;14;14;14;14;14;14;14;14;14;14;14;14;14;14;14;14;14;14;14;14;14;14;14;14;14;14;14;14;14;14;14;14;14;14;14;14;14;14;14;14;14;14;14;14;14;14;14;14;14;14;14;14;14;14;14;14;14;14;14;14;14;14;14;14;14;14;14;14;14;14;14;14;14;14;14;14;14;14;14;14;14;14;14;14;14;14;14;14;14;14;14;14;14;14;14;14;14;14;
