0;0;0;0;0;0;0;0;0;0;0;0;0;0;0;0;0;0;0;0;0;0;0;0;0;0;0;0;0;0;0;0;0;0;0;0;0;0;0;0;0;0;0;0;0;0;0;0;0;0;0;0;0;0;422;0;0;0;0;0;0;0;0;0;0;0;0;0;0;0;0;0;0;0;0;0;0;0;0;0;0;0;0;0;0;0;0;0;0;0;0;0;422;0;0;0;0;0;0;0;
0;0;0;0;0;0;0;0;0;0;0;0;0;0;0;0;0;0;0;0;0;0;0;0;0;0;0;0;0;0;0;0;0;0;0;0;420;0;0;0;0;0;0;0;420;0;0;0;0;0;0;0;0;420;0;0;420;0;0;0;0;0;0;0;0;0;0;0;420;420;420;420;420;0;0;0;420;0;0;0;0;0;0;0;0;0;0;0;0;0;0;0;0;0;420;0;0;0;0;0;
0;0;0;0;426;0;0;426;0;426;0;0;426;0;0;0;0;0;0;0;426;0;0;426;0;426;0;0;426;0;0;0;0;0;0;420;426;420;0;426;0;426;0;420;426;0;420;0;0;0;0;0;420;0;0;426;0;426;0;420;426;0;420;0;0;0;0;0;426;0;0;0;0;420;0;420;426;0;420;0;0;0;0;0;420;420;420;0;420;0;0;0;426;0;0;0;0;0;0;0;
426;0;0;0;420;420;426;0;426;0;426;0;420;420;0;0;426;0;0;0;420;420;426;0;426;0;426;0;420;0;0;420;426;0;420;0;0;0;426;0;426;0;426;0;0;0;0;0;426;0;0;420;0;0;0;0;426;426;426;426;420;426;426;426;426;0;0;0;0;0;0;0;0;0;420;0;0;0;0;0;0;0;0;420;0;0;0;0;0;0;0;0;0;0;0;0;0;0;0;0;
422;0;0;0;0;0;420;0;0;0;0;0;0;0;420;0;0;0;0;0;0;0;420;0;0;0;0;0;0;0;420;0;0;0;0;0;0;0;422;0;0;0;0;0;0;0;0;0;422;0;0;0;0;0;0;0;0;0;0;0;0;0;0;0;426;0;426;0;426;0;426;0;426;0;426;0;426;0;426;0;426;0;426;0;426;0;426;0;426;0;426;0;426;0;426;0;426;0;426;0;
426;0;0;0;0;0;0;0;0;0;0;0;0;0;0;0;426;0;0;0;0;0;0;0;0;0;0;0;0;0;0;0;426;0;0;0;0;0;0;0;0;0;0;0;0;0;0;0;426;0;0;0;0;0;0;0;0;0;0;0;0;0;0;0;0;0;0;0;0;0;0;0;0;0;0;0;0;0;0;0;0;0;0;0;0;0;0;0;0;0;0;0;0;0;0;0;420;0;420;420;
426;0;420;420;0;0;0;0;0;0;420;420;0;0;0;0;0;0;420;420;0;0;0;0;0;420;420;420;0;0;0;0;0;0;0;0;0;0;0;0;0;0;0;0;0;0;0;0;0;0;0;0;0;0;0;0;0;0;0;0;0;0;0;0;420;0;420;420;0;420;420;420;420;0;420;420;0;420;420;420;420;0;420;420;0;420;420;420;420;0;420;420;0;420;420;420;0;0;0;0;
0;0;0;0;0;0;0;0;0;0;0;0;0;0;420;0;0;0;0;0;0;0;0;0;0;0;0;0;0;0;0;0;0;0;0;0;0;0;0;0;0;0;0;0;0;0;0;0;424;0;0;424;0;0;424;0;424;0;0;424;0;0;424;0;0;0;0;0;0;0;0;0;0;0;0;0;0;0;0;0;0;0;0;0;0;0;0;0;0;0;0;0;0;0;0;0;0;0;0;0;
420;0;0;420;0;0;420;0;420;0;0;420;0;0;0;0;0;0;0;0;0;0;0;0;0;0;0;0;0;0;0;0;420;0;0;420;0;0;420;0;420;0;0;420;0;0;420;0;0;0;0;0;0;0;0;0;0;0;0;0;0;0;0;0;420;0;420;420;0;420;420;420;420;0;420;420;0;420;420;420;0;0;0;0;0;0;0;0;0;0;0;0;0;0;0;0;420;0;420;420;
0;0;0;0;0;0;0;0;0;0;0;0;0;0;420;0;420;0;0;420;0;0;420;0;420;0;0;420;0;0;420;0;0;0;0;0;0;0;0;0;0;0;0;0;0;0;0;0;0;0;0;0;426;0;0;0;0;0;0;0;0;0;0;0;0;0;0;0;0;0;0;0;0;0;0;0;0;0;0;0;420;0;420;420;426;420;420;420;420;0;420;420;0;420;420;420;0;0;0;0;
420;0;0;420;0;0;420;0;420;0;0;420;0;0;0;0;0;0;0;0;0;0;0;0;0;0;0;0;0;0;0;0;420;0;0;420;0;0;420;0;420;0;0;420;0;0;420;0;424;0;0;420;0;0;420;0;420;0;0;420;426;0;420;0;420;0;420;420;0;420;420;420;420;0;420;420;0;420;420;420;0;0;0;0;0;0;0;0;0;0;0;0;0;0;0;0;420;0;420;420;
0;0;0;0;0;0;0;0;0;0;0;0;0;0;0;0;420;0;0;420;0;0;420;0;420;0;0;420;0;0;420;0;0;0;0;0;0;0;0;0;0;0;0;0;0;0;0;0;0;0;0;0;0;0;0;0;0;0;0;0;0;0;0;0;0;0;0;0;0;0;0;0;0;0;0;0;0;0;0;0;420;0;420;420;0;420;420;420;420;0;420;420;0;420;420;420;0;0;0;0;
0;0;0;0;0;0;0;0;0;0;0;0;0;0;0;0;0;0;0;0;0;0;0;0;0;0;0;0;0;0;0;0;420;0;420;420;0;420;420;420;420;0;420;420;0;420;420;420;420;0;0;0;0;420;420;420;420;0;420;420;0;420;420;420;0;0;0;0;0;0;0;0;0;0;0;0;0;0;0;0;0;0;0;0;0;0;0;0;0;0;0;0;0;0;0;0;0;0;0;0;
420;0;420;420;0;420;420;420;420;0;420;420;0;420;420;420;420;0;420;420;0;420;420;420;420;0;420;420;0;420;420;420;0;0;0;0;0;0;0;0;0;0;0;0;0;0;0;0;0;0;0;0;0;0;0;0;0;0;0;0;0;0;0;0;0;0;0;0;0;0;0;0;0;0;0;0;0;0;0;0;0;0;0;0;0;0;0;0;0;0;0;0;0;0;0;0;0;0;0;0;
0;0;0;0;0;0;0;0;0;0;0;0;0;0;0;0;0;0;0;0;0;0;0;0;0;422;0;0;0;0;0;0;0;0;0;0;0;0;0;0;0;0;0;422;0;0;0;0;0;0;0;0;0;0;0;0;424;0;0;0;0;0;0;0;0;0;0;0;0;0;0;0;0;0;0;0;0;0;0;0;0;0;0;0;0;0;0;0;0;422;0;0;0;0;0;0;0;0;0;0;
420;420;420;420;420;0;0;0;420;0;0;0;0;0;0;0;0;0;420;0;0;0;420;0;420;0;420;0;0;0;0;0;420;420;420;420;420;0;0;0;420;0;0;0;0;0;0;0;0;0;0;0;0;0;0;0;0;0;0;0;0;0;0;0;420;420;420;420;420;0;0;0;420;0;0;0;0;0;0;0;0;0;420;0;0;0;420;0;420;0;420;0;0;0;0;0;0;0;0;0;
420;0;0;0;0;420;0;420;426;0;0;0;0;0;0;0;426;420;0;0;0;420;0;0;426;0;0;420;0;0;0;0;426;0;0;0;0;420;0;420;426;420;420;0;420;0;0;0;420;420;420;420;420;0;0;0;426;0;0;0;0;0;0;0;426;0;0;0;0;420;0;420;426;0;420;0;0;0;426;0;426;420;0;0;0;420;0;420;0;0;0;420;0;0;0;0;0;0;0;0;
0;0;0;0;0;0;420;0;0;0;0;0;0;0;0;0;420;0;0;0;420;0;0;0;0;0;0;0;420;0;0;0;0;0;0;0;0;0;420;0;0;0;0;0;0;0;0;420;0;0;0;0;0;0;0;0;0;0;0;0;0;0;0;0;0;0;0;0;0;0;420;0;0;0;0;0;0;0;0;0;420;0;0;0;420;0;0;0;0;0;0;0;0;0;0;0;0;0;0;0;
426;0;426;0;426;0;426;0;426;0;426;0;426;0;426;0;426;0;426;0;426;426;426;426;426;426;426;426;426;0;426;0;426;0;426;0;426;0;426;0;426;0;426;0;426;0;426;0;426;0;426;0;426;0;426;0;426;0;426;0;426;0;426;0;426;0;426;0;426;0;426;0;426;0;426;0;426;0;426;0;426;0;426;0;426;426;426;426;426;426;426;426;0;0;0;0;0;0;0;0;
0;420;420;420;420;0;420;420;0;420;420;420;0;0;0;0;0;0;0;0;0;0;0;0;0;0;0;0;0;0;0;0;0;0;0;0;0;0;0;0;0;0;0;0;0;0;0;0;0;0;0;0;0;0;0;0;0;0;0;0;420;0;420;420;0;420;420;420;420;0;420;420;0;420;420;420;420;0;420;420;0;420;420;420;420;0;420;420;0;420;420;420;0;0;0;0;0;0;0;0;
0;0;0;0;0;0;0;0;0;0;0;0;0;0;0;0;0;0;0;0;0;0;0;0;0;0;0;0;420;0;420;420;0;420;420;420;420;0;420;420;0;420;420;420;420;0;420;420;0;420;420;420;420;0;420;420;0;420;420;420;0;0;0;0;0;0;0;0;0;0;0;0;0;0;0;0;0;0;0;0;0;0;0;0;0;0;0;0;0;0;0;0;0;0;0;0;0;0;0;0;
0;0;0;0;0;0;0;0;0;0;0;0;424;0;424;424;0;424;424;424;424;0;424;424;0;424;424;424;0;0;0;0;0;0;0;0;0;0;0;0;0;0;0;0;0;0;0;0;0;0;0;0;0;0;0;0;0;0;0;0;0;0;0;0;0;0;0;0;0;0;0;0;0;0;0;0;424;0;424;424;0;424;424;424;424;0;424;424;0;424;424;424;0;0;0;0;0;0;0;0;
0;420;420;420;420;0;420;420;0;420;420;420;0;0;0;0;0;0;0;0;0;0;0;0;0;0;0;0;420;0;420;420;0;420;420;420;420;0;420;420;0;420;420;420;0;0;0;0;0;0;0;0;0;0;0;0;0;0;0;0;420;0;420;420;0;420;420;420;420;0;0;0;0;420;420;420;0;0;0;0;0;0;0;0;0;0;0;0;0;0;0;0;0;0;0;0;0;0;0;0;
0;0;0;0;0;0;0;0;0;0;0;0;0;0;0;0;0;0;0;0;0;0;0;0;0;0;0;0;0;0;0;0;0;0;0;0;0;0;0;0;0;0;0;0;420;0;420;420;426;420;420;420;420;0;0;0;0;420;420;420;0;0;0;0;0;0;0;0;0;0;0;0;0;0;0;0;0;0;0;0;0;0;0;0;0;0;0;0;0;0;0;0;0;0;0;0;0;0;0;0;
0;420;420;420;420;0;420;420;0;420;420;420;420;0;420;420;0;420;420;420;420;0;420;420;0;420;420;420;420;0;420;420;0;420;420;420;420;0;420;420;0;420;420;420;0;0;0;0;0;0;0;0;0;0;0;0;0;0;0;0;420;0;420;420;0;420;420;420;420;0;0;0;0;420;420;420;420;0;420;420;0;420;420;420;420;0;420;420;0;420;420;420;0;0;0;0;0;0;0;0;
0;0;0;0;0;0;0;0;0;0;0;0;0;0;0;0;0;0;0;0;0;0;0;0;0;0;0;0;0;0;0;0;0;0;0;0;0;0;0;0;0;0;0;0;420;0;420;420;0;420;420;420;420;0;0;0;0;420;420;420;0;0;0;0;0;0;0;0;0;0;0;0;0;0;0;0;0;0;0;0;0;0;0;0;0;0;0;0;0;0;0;0;0;0;0;0;0;0;0;0;
0;0;0;0;0;0;0;0;0;0;0;0;420;0;420;420;0;420;420;420;420;0;420;420;0;420;420;420;0;0;0;0;0;0;0;0;0;0;0;0;0;0;0;0;0;0;0;0;0;0;0;0;0;0;0;0;0;0;0;0;0;0;0;0;0;0;0;0;0;0;0;0;0;0;0;0;0;0;0;0;0;0;0;0;0;0;0;0;0;0;0;0;0;0;0;0;0;0;0;0;
0;0;0;0;0;0;0;0;0;0;0;0;0;0;0;0;0;0;0;0;0;0;0;0;0;0;0;0;0;0;0;0;0;0;0;0;0;0;0;0;0;0;0;0;0;0;0;0;0;0;0;0;0;0;0;0;0;0;0;0;0;0;0;0;0;0;0;0;0;0;0;0;0;0;0;0;0;0;0;0;0;0;0;0;0;0;0;0;0;0;0;0;0;0;0;0;0;0;0;0;
0;0;0;0;0;0;0;0;0;0;0;0;0;0;0;0;0;0;0;0;0;0;0;0;0;0;0;0;0;0;0;0;0;0;0;0;0;0;0;0;0;0;0;0;0;0;0;0;0;0;0;0;0;0;0;0;0;0;0;0;0;0;0;0;0;0;0;0;0;0;0;0;0;0;0;0;0;0;0;0;0;0;0;0;0;0;0;0;0;0;0;0;0;0;0;0;0;0;0;0;
0;0;0;0;0;0;0;0;0;0;0;0;0;0;0;0;0;0;0;0;0;0;0;0;0;0;0;0;0;0;0;0;0;0;0;0;0;0;0;0;0;0;0;0;0;0;0;0;0;0;0;0;0;0;0;0;0;0;0;0;0;0;0;0;0;0;0;0;0;0;0;0;0;0;0;0;0;0;0;0;0;0;0;0;0;0;0;0;0;0;0;0;0;0;0;0;0;0;0;0;
0;0;0;0;0;0;0;0;0;0;0;0;0;0;0;0;0;0;0;0;0;0;0;0;0;0;0;0;0;0;0;0;0;0;0;0;0;0;0;0;0;0;0;0;0;0;0;0;0;0;0;0;0;0;0;0;0;0;0;0;0;0;0;0;0;0;0;0;0;0;0;0;0;0;0;0;0;0;0;0;0;0;0;0;0;0;0;0;0;0;0;0;0;0;0;0;0;0;0;0;
0;0;0;0;0;0;0;0;0;0;0;0;0;0;0;0;0;0;0;0;0;0;0;0;0;0;2504;2506;2498;2496;2508;2500;2504;2506;2498;2496;2508;2500;2504;2506;2498;2500;2496;2508;2504;2506;2498;2500;2496;2508;2504;2506;2498;2500;2496;2508;2504;2506;2498;2500;2496;2508;2504;2506;2498;2500;2496;2508;2504;2506;2498;0;0;0;0;0;0;0;0;0;0;0;0;0;0;0;0;0;0;0;0;0;0;0;0;0;0;0;0;0;
0;0;0;0;0;0;0;0;0;0;0;0;0;0;0;0;0;0;0;0;0;0;0;0;0;0;2496;2508;2500;2504;2506;2496;2496;2508;2500;2504;2506;2500;2496;2508;2500;2504;2506;2496;2508;2508;0;0;0;0;0;2496;2504;2506;2498;2500;2496;2508;2504;2506;2498;2500;2496;2508;2504;2506;2498;2500;2496;2508;2504;0;0;0;0;0;0;0;0;0;0;0;0;0;0;0;0;0;0;0;0;0;0;0;0;0;0;0;0;0;
0;0;0;0;0;0;0;0;0;0;0;0;0;0;0;0;0;0;0;0;0;0;0;0;0;0;2506;2500;2496;2508;2500;2504;2506;2500;2496;2508;2500;2504;2506;2500;2496;2508;2500;2504;2506;2498;2500;2496;2508;2504;2506;2498;2500;2496;2508;2504;2506;2498;2500;2496;2508;2504;2506;2498;2500;2496;2508;2504;2506;2498;2500;0;0;0;0;0;0;0;0;0;0;0;0;0;0;0;0;0;0;0;0;0;0;0;0;0;0;0;0;0;
0;0;0;0;0;0;0;0;0;0;0;0;0;0;0;0;0;0;0;0;0;0;0;0;0;2500;2500;2504;0;0;0;0;0;0;0;0;0;0;0;0;0;0;0;0;0;2498;2500;2496;2508;2496;2504;2506;0;0;0;0;0;0;0;0;0;0;0;0;0;0;0;0;0;2498;2500;2496;0;0;0;0;0;0;0;0;0;0;0;0;0;0;0;0;0;0;0;0;0;0;0;0;0;0;0;0;
0;0;0;0;0;0;0;0;0;0;0;0;0;0;0;0;0;0;0;0;0;0;0;0;2500;2504;2506;2498;2500;2496;2508;2504;2506;2498;2500;2496;2508;2504;2506;2498;2500;2508;2508;2504;2506;2498;2500;2496;2508;2504;2506;2498;2500;2496;2508;2504;2506;2498;2500;2496;2508;2504;2506;2498;2500;2496;2508;2504;2506;2498;2500;2496;2508;0;0;0;0;0;0;0;0;0;0;0;0;0;0;0;0;0;0;0;0;0;0;0;0;0;0;0;
0;0;0;0;0;0;0;0;0;0;0;0;0;0;0;0;0;0;0;0;0;0;0;2504;2506;2498;2500;2496;2508;2504;2506;2498;2500;2496;2508;2504;2506;2498;2500;2496;2508;2504;2506;2498;2500;2496;2508;2498;564;2498;2504;2506;2498;2500;2500;2496;2504;2506;2498;2500;2496;2508;2504;2506;2498;2500;2496;2508;2504;2506;2498;2500;2496;2508;0;0;0;0;0;0;0;0;0;0;0;0;0;0;0;0;0;0;0;0;0;0;0;0;0;0;
0;0;0;0;0;0;0;0;0;0;0;0;0;0;0;0;0;0;0;0;0;0;2504;2506;2498;2500;2496;2508;2504;2506;2498;2500;2496;2508;2504;2506;2498;2500;2496;2508;2504;2506;2498;2500;2496;2508;0;0;0;0;0;2504;2506;2498;2500;2496;2508;2504;2506;2498;2500;2496;2508;2504;2506;2498;2500;2496;2508;2504;2506;2498;2500;2496;2508;0;0;0;0;0;0;0;0;0;0;0;0;0;0;0;0;0;0;0;0;0;0;0;0;0;
0;0;0;0;0;0;0;0;0;0;0;0;0;0;0;0;0;0;0;0;0;2504;2506;2498;0;0;0;0;0;0;0;0;0;0;0;0;0;0;0;0;0;2500;2496;2508;2504;0;0;0;0;0;0;0;2506;2498;2500;2508;0;0;0;0;0;0;0;0;0;0;0;0;0;0;0;0;0;2496;2504;2506;0;0;0;0;0;0;0;0;0;0;0;0;0;0;0;0;0;0;0;0;0;0;0;0;
0;0;0;0;0;0;0;0;0;0;0;0;0;0;0;0;0;0;0;0;0;2498;2500;2508;2508;2504;2506;2498;2500;2508;2508;2504;2506;2498;2500;2508;2508;2504;2506;2498;2500;2496;2508;2504;0;0;0;0;0;0;0;0;0;2506;2498;2508;2500;2508;2504;2506;2498;2500;2496;2508;2504;2506;2498;2500;2496;2508;2504;2506;2498;2500;2496;2508;0;0;0;0;0;0;0;0;0;0;0;0;0;0;0;0;0;0;0;0;0;0;0;0;
0;0;0;0;0;0;0;0;0;0;0;0;0;0;0;0;0;0;0;0;0;2504;2506;2498;2500;2508;2508;2504;2506;2498;2500;2508;2508;2504;2506;2498;2500;2508;2508;2504;2506;2498;2498;2496;2508;2506;0;2496;0;2496;0;2506;2504;2502;2498;2500;2496;2500;2504;2506;2498;2500;2496;2508;2504;2506;2498;2500;2496;2508;2504;2506;2498;2500;2496;2508;0;0;0;0;0;0;0;0;0;0;0;0;0;0;0;0;0;0;0;0;0;0;0;0;
0;0;0;0;0;0;0;0;0;0;0;0;0;0;0;0;0;0;0;0;0;2504;2506;2498;2500;2508;2508;2504;2506;2498;2500;2508;2508;2504;2506;2498;2500;2508;2508;2504;2506;2498;2500;2508;0;0;0;0;0;0;0;0;0;2500;2504;2506;2498;2500;2496;2508;2504;2506;2498;2500;2496;2508;2504;2506;2498;2500;2496;2508;2504;2506;2498;2500;0;0;0;0;0;0;0;0;0;0;0;0;0;0;0;0;0;0;0;0;0;0;0;0;
0;0;0;0;0;0;0;0;0;0;0;0;0;0;0;0;0;0;0;0;0;2508;2508;2504;0;0;0;0;0;0;0;0;0;0;0;0;0;0;0;0;0;2506;2498;2500;2508;0;0;0;0;0;0;0;2500;2504;2496;2498;0;0;0;0;0;0;0;0;0;0;0;0;0;0;0;0;0;2508;2508;2508;0;0;0;0;0;0;0;0;0;0;0;0;0;0;0;0;0;0;0;0;0;0;0;0;
0;0;0;0;0;0;0;0;0;0;0;0;0;0;0;0;0;0;0;0;0;0;2504;2506;2498;2500;2502;2502;2504;2506;2498;2500;2508;2508;2504;2506;2498;2500;2508;2508;2504;2506;2498;2500;2508;2508;0;0;0;0;0;2504;2498;2500;2500;2508;2500;2504;2506;2498;2500;2508;2500;2504;2506;2498;2500;2508;2508;2504;2506;2498;2500;2508;2508;0;0;0;0;0;0;0;0;0;0;0;0;0;0;0;0;0;0;0;0;0;0;0;0;0;
0;0;0;0;0;0;0;0;0;0;0;0;0;0;0;0;0;0;0;0;0;0;0;2504;2506;2498;2500;2502;2502;2504;2506;2498;2500;2508;2508;2504;2506;2498;2500;2508;2508;2504;2506;2498;2500;2508;2508;2498;564;2498;2504;2498;2500;2508;2508;2500;2504;2506;2498;2500;2508;2500;2504;2506;2498;2500;2508;2500;2504;2506;2498;2500;2508;2508;0;0;0;0;0;0;0;0;0;0;0;0;0;0;0;0;0;0;0;0;0;0;0;0;0;0;
0;0;0;0;0;0;0;0;0;0;0;0;0;0;0;0;0;0;0;0;0;0;0;0;2504;2506;2498;2500;2502;2502;2504;2506;2498;2500;2508;2508;2504;2506;2498;2500;2508;2508;2504;2506;2498;2500;2508;2508;2504;2506;2498;2500;2508;2500;2504;2506;2498;2500;2508;2500;2504;2506;2498;2500;2508;2500;2504;2506;2498;2500;2508;2508;2504;0;0;0;0;0;0;0;0;0;0;0;0;0;0;0;0;0;0;0;0;0;0;0;0;0;0;0;
0;0;0;0;0;0;0;0;0;0;0;0;0;0;0;0;0;0;0;0;0;0;0;0;0;2506;2498;2500;0;0;0;0;0;0;0;0;0;0;0;0;0;0;0;0;0;2508;2508;2504;2506;2498;2500;2508;0;0;0;0;0;0;0;0;0;0;0;0;0;0;0;0;0;2508;2504;2506;0;0;0;0;0;0;0;0;0;0;0;0;0;0;0;0;0;0;0;0;0;0;0;0;0;0;0;0;
0;0;0;0;0;0;0;0;0;0;0;0;0;0;0;0;0;0;0;0;0;0;0;0;0;0;2502;2502;2502;2500;2504;2506;2498;2500;2502;2500;2504;2506;2498;2500;2502;2500;2504;2506;2498;2500;2508;2508;2504;2506;2500;2508;2508;2508;2504;2506;2500;2508;2508;2508;2504;2506;2500;2508;2508;2508;2504;2500;2508;2508;2508;0;0;0;0;0;0;0;0;0;0;0;0;0;0;0;0;0;0;0;0;0;0;0;0;0;0;0;0;0;
0;0;0;0;0;0;0;0;0;0;0;0;0;0;0;0;0;0;0;0;0;0;0;0;0;0;2500;2504;2506;2500;2502;2502;2502;2504;2506;2500;2502;2506;2502;2504;2506;2500;2502;2506;2502;2504;0;0;0;0;0;2506;2500;2508;2508;2508;2504;2506;2500;2508;2508;2508;2504;2500;2508;2508;2508;2508;2504;2500;2508;0;0;0;0;0;0;0;0;0;0;0;0;0;0;0;0;0;0;0;0;0;0;0;0;0;0;0;0;0;
0;0;0;0;0;0;0;0;0;0;0;0;0;0;0;0;0;0;0;0;0;0;0;0;0;0;2502;2502;2500;2504;2506;2500;2502;2506;2502;2504;2506;2500;2502;2500;2502;2502;2500;2502;2506;2502;2502;2500;2502;2504;2500;2508;2508;2500;2508;2508;2508;2508;2508;2508;2500;2508;2508;2508;2508;2500;2508;2508;2508;2508;2500;0;0;0;0;0;0;0;0;0;0;0;0;0;0;0;0;0;0;0;0;0;0;0;0;0;0;0;0;0;
0;0;0;0;0;0;0;0;0;0;0;0;0;0;0;0;0;0;0;0;0;0;0;0;0;0;0;0;0;0;0;0;0;0;0;0;0;0;0;0;0;0;0;0;0;0;0;0;0;0;0;0;0;0;0;0;0;0;0;0;0;0;0;0;0;0;0;0;0;0;0;0;0;0;0;0;0;0;0;0;0;0;0;0;0;0;0;0;0;0;0;0;0;0;0;0;0;0;0;0;
0;0;0;0;0;0;0;0;0;0;0;0;0;0;0;0;0;0;0;0;0;0;0;0;0;0;0;0;0;0;0;0;0;0;0;0;0;0;0;0;0;0;0;0;0;0;0;0;0;0;0;0;0;0;0;0;0;0;0;0;0;0;0;0;0;0;0;0;0;0;0;0;0;0;0;0;0;0;0;0;0;0;0;0;0;0;0;0;0;0;0;0;0;0;0;0;0;0;0;0;
0;0;0;0;0;0;0;0;0;0;0;0;0;0;0;0;0;0;0;0;0;0;0;0;0;0;0;0;0;0;0;0;0;0;0;0;0;0;0;0;0;0;0;0;0;0;0;0;0;0;0;0;0;0;0;0;0;0;0;0;0;0;0;0;0;0;0;0;0;0;0;0;0;0;0;0;0;0;0;0;0;0;0;0;0;0;0;0;0;0;0;0;0;0;0;0;0;0;0;0;
0;0;0;0;0;0;0;0;0;0;0;0;0;0;0;0;0;0;0;0;0;0;0;0;0;0;0;0;0;0;0;0;0;0;0;0;0;0;0;0;0;0;0;0;0;0;0;0;0;0;0;0;0;0;0;0;0;0;0;0;0;0;0;0;0;0;0;0;0;0;0;0;0;0;0;0;0;0;0;0;0;0;0;0;0;0;0;0;0;0;0;0;0;0;0;0;0;0;0;0;
14;14;14;14;14;14;14;14;14;14;14;14;14;14;14;14;14;14;14;14;14;14;14;14;14;14;14;14;14;14;14;14;14;14;14;14;14;14;14;14;14;14;14;14;14;14;14;14;14;14;14;14;14;14;14;14;14;14;14;14;14;14;14;14;14;14;14;14;14;14;14;14;14;14;14;14;14;14;14;14;14;14;14;14;14;14;14;14;14;14;14;14;14;14;14;14;14;14;14;14;
14;14;14;14;14;14;14;14;14;14;14;14;14;14;14;14;14;14;14;14;14;14;14;14;14;14;14;14;14;14;14;14;14;14;14;14;14;14;14;14;14;14;14;14;14;14;14;14;14;14;14;14;14;14;14;14;14;14;14;14;14;14;14;14;14;14;14;14;14;14;14;14;14;14;14;14;14;14;14;14;14;14;14;14;14;14;14;14;14;14;14;14;14;14;14;14;14;14;14;14;
14;14;14;14;14;14;14;14;14;14;14;14;14;14;14;14;14;14;14;14;14;14;14;14;14;14;14;14;14;14;14;14;14;14;14;14;14;14;14;14;14;14;14;14;14;14;14;14;14;14;14;14;14;14;14;14;14;14;14;14;14;14;14;14;14;14;14;14;14;14;14;14;14;14;14;14;14;14;14;14;14;14;14;14;14;14;14;14;14;14;14;14;14;14;14;14;14;14;14;14;
14;14;14;14;14;14;14;14;14;14;14;14;14;14;14;14;14;14;14;14;14;14;14;14;14;14;14;14;14;14;14;14;14;14;14;14;14;14;14;14;14;14;14;14;14;14;14;14;14;14;14;14;14;14;14;14;14;14;14;14;14;14;14;14;14;14;14;14;14;14;14;14;14;14;14;14;14;14;14;14;14;14;14;14;14;14;14;14;14;14;14;14;14;14;14;14;14;14;14;14;
14;14;14;14;14;14;14;14;14;14;14;14;14;14;14;14;14;14;14;14;14;14;14;14;14;14;14;14;14;14;14;14;14;14;14;14;14;14;14;14;14;14;14;14;14;14;14;14;14;14;14;14;14;14;14;14;14;14;14;14;14;14;14;14;14;14;14;14;14;14;14;14;14;14;14;14;14;14;14;14;14;14;14;14;14;14;14;14;14;14;14;14;14;14;14;14;14;14;14;14;
566;14;14;14;14;14;14;14;14;14;14;14;14;14;14;14;14;14;14;14;14;14;14;14;14;14;14;14;14;14;14;14;14;14;14;14;14;14;14;14;14;14;14;14;14;14;14;14;14;14;14;14;14;14;14;14;14;14;14;14;14;14;14;14;14;14;14;14;14;14;14;14;14;14;14;14;14;14;14;14;14;14;14;14;14;14;14;14;14;14;14;14;14;14;14;14;14;14;14;14;
