0;0;0;0;0;0;0;0;0;0;0;0;0;0;0;0;0;0;0;0;0;0;0;0;0;0;0;0;0;0;0;0;0;0;0;0;0;0;0;0;0;0;0;0;0;0;0;0;0;0;0;0;0;0;0;0;0;0;0;0;0;0;0;0;0;0;0;0;0;0;0;0;0;0;0;0;0;0;0;0;0;0;0;0;0;0;0;0;0;0;0;0;0;0;0;0;0;0;0;0;
0;0;0;0;0;0;0;0;0;0;0;0;418;0;0;0;0;0;0;0;0;0;0;0;0;0;0;0;0;0;0;0;0;0;0;0;0;0;0;0;0;0;0;0;418;0;0;0;0;0;0;0;0;0;0;0;0;0;0;0;0;0;0;0;0;0;0;0;0;0;0;0;0;0;0;0;418;0;0;0;0;0;0;0;0;0;0;0;0;0;0;0;0;0;0;0;0;0;0;0;
0;0;0;0;0;0;0;0;0;0;0;0;0;0;0;0;0;0;0;0;0;0;0;0;0;0;0;0;0;0;0;0;0;0;0;0;0;0;0;0;0;0;0;0;0;0;0;0;0;0;0;0;0;0;0;0;0;0;0;0;0;0;0;0;0;0;0;0;0;0;0;0;0;0;0;0;0;0;0;0;0;0;0;0;0;0;0;0;0;0;0;0;0;0;0;0;0;0;0;0;
0;0;0;0;0;0;414;0;0;0;0;0;0;0;0;0;0;0;0;0;0;0;0;0;0;0;0;0;0;0;0;0;0;0;0;0;0;0;414;0;0;0;0;0;0;0;0;0;0;0;0;0;0;0;0;0;0;0;0;0;0;0;0;0;0;0;0;0;0;0;414;0;0;0;0;0;0;0;0;0;0;0;0;0;0;0;0;0;0;0;0;0;0;0;0;0;0;0;0;0;
0;0;0;0;0;0;0;0;0;0;0;0;0;0;0;0;0;0;0;0;0;0;418;0;0;0;0;0;0;0;0;0;0;0;0;0;0;0;0;0;0;0;0;0;0;0;0;0;0;0;0;0;0;0;418;0;0;0;0;0;0;0;0;0;0;0;0;0;0;0;0;0;0;0;0;0;0;0;0;0;0;0;0;0;0;0;418;0;0;0;0;0;0;0;0;0;0;0;0;0;
0;0;0;0;0;0;0;0;0;0;0;0;0;0;0;0;0;0;0;0;0;0;0;0;0;0;0;0;418;0;0;0;0;0;0;0;0;0;0;0;0;0;0;0;0;0;0;0;0;0;0;0;0;0;0;0;0;0;0;0;418;0;0;0;0;0;0;0;0;0;0;0;0;0;0;0;0;0;0;0;0;0;0;0;0;0;0;0;0;0;0;0;418;0;0;0;0;0;0;0;
0;0;0;0;0;0;420;0;0;0;0;0;420;0;0;0;0;0;0;0;0;0;0;0;0;0;0;0;0;0;0;0;0;0;0;0;420;420;0;0;420;420;0;0;420;420;0;0;0;0;0;0;0;0;0;0;420;0;0;0;0;0;0;0;0;0;0;0;420;0;420;0;0;0;0;0;420;0;0;0;0;0;0;0;0;0;0;0;0;0;0;0;0;0;0;0;0;0;0;0;
0;0;0;0;0;424;0;0;0;0;0;0;0;0;0;0;0;0;0;0;424;0;424;0;0;0;0;0;0;0;0;0;0;0;0;0;0;0;0;0;0;0;0;0;0;0;0;0;424;424;0;0;0;424;424;0;0;424;0;0;0;0;0;0;0;0;0;0;0;0;0;0;424;0;0;0;0;0;0;0;0;0;424;424;424;0;424;0;0;0;424;0;0;0;0;0;0;0;0;0;
0;0;0;0;412;0;424;0;0;0;0;0;424;0;0;0;0;0;0;0;0;0;0;0;0;0;0;0;424;0;0;0;0;0;424;0;0;0;424;0;0;0;0;0;424;0;0;0;0;0;0;0;424;0;0;0;0;0;0;0;424;0;0;0;424;0;424;0;0;0;424;0;0;424;0;0;424;0;0;0;0;0;0;0;0;0;0;0;0;0;0;0;424;0;0;0;424;0;424;0;
0;0;0;0;0;0;0;0;0;0;426;0;0;0;0;0;0;0;426;0;0;0;420;0;0;0;426;0;0;0;0;0;0;0;426;0;0;0;0;0;0;0;426;0;0;0;0;0;0;0;426;0;0;0;420;0;0;0;426;0;0;0;0;0;0;0;426;0;0;0;0;0;0;0;426;0;0;0;0;0;0;0;426;0;0;0;420;0;0;0;426;0;0;0;0;0;0;0;426;0;
0;0;0;0;0;0;420;0;0;0;0;0;0;0;0;0;0;0;0;0;0;0;0;0;0;0;0;0;0;0;0;0;0;0;0;0;0;0;420;0;0;0;0;0;0;0;0;0;0;0;0;0;0;0;0;0;0;0;0;0;420;0;0;0;0;0;0;0;0;0;420;0;0;0;420;0;0;0;0;0;0;0;0;0;0;0;0;0;0;0;0;0;420;0;0;0;0;0;0;0;
0;0;0;0;0;0;0;0;0;0;0;0;424;0;0;0;0;0;0;0;0;0;424;0;0;0;0;0;0;0;0;0;0;0;0;0;0;0;0;0;0;0;0;0;424;0;0;0;0;0;0;0;0;0;424;0;0;0;0;0;0;0;0;0;0;0;0;0;0;0;0;0;0;0;0;0;424;0;0;0;0;0;0;0;0;0;424;0;0;0;0;0;0;0;0;0;0;0;0;0;
0;0;0;0;0;0;0;0;0;0;0;0;0;0;0;0;0;0;0;0;0;0;0;0;0;0;0;0;424;0;0;0;0;0;0;0;0;0;0;0;0;0;0;0;0;0;0;0;0;0;0;0;0;0;0;0;0;0;0;0;424;0;0;0;0;0;0;0;0;0;0;0;0;0;0;0;0;0;0;0;0;0;0;0;0;0;0;0;0;0;0;0;424;0;0;0;0;0;0;0;
0;0;0;0;0;0;420;0;0;0;0;0;0;0;0;0;0;0;0;0;0;0;0;0;0;0;0;0;0;0;0;0;0;0;0;0;0;0;420;0;0;0;0;0;0;0;0;0;0;0;0;0;0;0;0;0;0;0;0;0;0;0;0;0;0;0;0;0;0;0;420;0;0;0;0;0;420;0;0;0;0;0;0;0;0;0;0;0;0;0;0;0;0;0;0;0;0;0;0;0;
0;0;0;0;0;0;0;0;0;0;0;0;0;0;0;0;0;0;0;0;0;0;0;0;0;0;0;0;0;0;0;0;0;0;0;0;0;0;0;0;0;0;0;0;0;0;0;0;0;0;0;0;0;0;0;0;0;0;0;0;0;0;0;0;0;0;0;0;0;0;0;0;0;0;0;0;0;0;0;0;0;0;0;0;0;0;0;0;0;0;0;0;0;0;0;0;0;0;0;0;
0;0;0;0;0;0;0;0;418;0;0;0;0;0;0;0;0;0;0;0;0;0;0;0;0;0;0;0;0;0;0;0;0;0;0;0;0;0;0;0;0;0;0;0;0;0;0;0;0;0;0;0;0;0;0;0;0;0;0;0;0;0;0;0;0;0;0;0;0;0;0;0;0;0;0;0;0;0;0;0;0;0;0;0;0;0;0;0;0;0;0;0;0;0;0;0;0;0;0;0;
0;0;0;0;0;0;0;0;0;0;0;0;0;0;0;0;0;0;0;0;0;0;0;0;0;0;0;0;0;0;0;0;0;0;0;0;0;0;0;0;0;0;0;0;0;0;0;0;0;0;0;0;0;0;0;0;0;0;0;0;0;0;0;0;0;0;0;0;0;0;0;0;0;0;0;0;0;0;0;0;0;0;0;0;0;0;0;0;0;0;0;0;0;0;0;0;0;0;0;0;
0;0;414;0;0;0;0;0;0;0;0;0;0;0;0;0;0;0;0;0;0;0;0;0;0;0;0;0;0;0;0;0;0;0;414;0;0;0;0;0;0;0;0;0;0;0;0;0;0;0;0;0;0;0;0;0;0;0;0;0;0;0;0;0;0;0;414;0;0;0;0;0;0;0;0;0;0;0;0;0;0;0;0;0;0;0;0;0;0;0;0;0;0;0;0;0;0;0;420;0;
0;0;0;0;0;0;0;0;0;0;0;0;0;0;0;0;0;0;418;0;0;0;0;0;0;0;0;0;0;0;0;0;0;0;0;0;0;0;0;0;418;0;0;0;0;0;0;0;424;424;424;0;0;0;0;0;0;0;0;0;0;0;0;0;0;0;0;0;0;0;0;0;0;0;0;0;0;0;0;0;0;0;0;0;0;0;0;0;0;0;0;0;0;0;0;0;0;0;416;0;
0;0;0;0;0;0;0;0;0;0;0;0;0;0;0;0;0;0;0;0;0;0;0;0;418;0;0;0;0;0;0;0;0;0;0;0;0;0;0;0;0;0;0;0;0;0;0;0;0;0;0;0;0;0;0;0;424;0;0;0;0;0;0;0;0;0;0;0;0;0;0;0;416;0;0;0;0;0;0;0;0;0;0;0;0;0;0;0;0;0;0;0;0;0;0;0;0;0;0;0;
420;420;0;0;420;420;0;0;420;420;0;0;0;0;0;0;0;0;0;0;420;0;0;0;0;0;0;0;0;0;0;0;420;0;420;0;0;0;0;0;0;0;0;0;0;0;0;0;0;0;420;0;0;0;420;0;416;420;0;0;0;0;0;0;0;0;420;0;0;420;0;0;0;0;0;0;0;0;416;0;0;0;0;0;0;0;0;0;0;0;0;0;0;0;0;0;0;0;426;0;
0;0;0;0;0;0;0;0;0;0;0;0;424;424;0;0;424;0;424;0;0;424;0;0;0;0;0;0;0;0;0;0;0;0;0;0;0;0;424;0;424;0;0;0;0;0;0;0;0;0;416;0;0;0;0;0;0;0;424;0;0;0;0;0;424;0;0;0;0;0;0;0;424;0;0;424;0;0;0;0;0;0;0;0;0;0;0;0;0;0;0;0;0;0;0;0;0;0;0;0;
0;0;424;0;0;0;0;0;424;0;0;0;0;0;0;0;0;0;0;0;0;0;0;424;424;0;0;0;424;0;424;0;0;0;424;0;0;0;0;0;0;0;0;0;0;0;422;0;0;0;0;0;0;0;0;0;424;0;0;424;0;0;0;0;0;0;424;0;0;0;0;0;0;0;0;0;0;0;424;0;0;0;0;0;424;0;424;0;424;0;424;0;424;0;424;0;424;0;424;0;
0;0;0;0;0;0;426;0;0;0;0;0;0;0;426;0;0;0;420;0;0;0;426;0;0;0;0;0;0;0;426;0;0;0;0;0;0;0;426;0;420;3556;3556;0;0;0;426;0;0;0;420;0;3556;3556;426;0;0;0;0;0;0;0;426;0;0;0;0;0;0;0;426;0;420;0;0;0;0;0;426;0;0;0;426;0;0;0;426;0;0;0;426;0;0;0;426;0;0;0;426;0;
0;0;420;0;0;0;0;0;0;0;0;0;0;0;0;0;0;0;0;0;0;0;0;412;420;0;0;0;0;0;0;0;0;0;420;0;0;0;0;0;0;0;0;0;0;0;0;0;0;0;412;0;0;0;0;0;420;0;0;0;0;0;0;0;0;0;420;0;0;0;0;0;0;0;0;0;0;0;420;0;0;0;0;0;420;0;420;0;420;0;420;0;420;0;420;0;420;0;420;0;
0;0;0;0;0;0;0;0;424;0;0;0;0;0;0;0;0;0;424;0;0;0;0;0;0;0;0;0;0;0;0;0;0;0;0;0;0;0;0;0;424;0;0;0;0;0;0;0;0;0;424;0;0;0;0;0;0;0;0;0;0;0;0;0;0;0;0;0;0;0;0;0;424;0;0;0;0;0;0;0;0;0;0;0;0;0;0;0;0;0;0;0;0;0;0;0;0;0;0;0;
0;0;0;0;0;0;0;0;0;0;0;0;0;0;0;0;0;0;0;0;0;0;0;0;424;0;0;0;0;0;0;0;0;0;0;0;0;0;0;0;0;0;0;0;0;0;0;0;0;0;0;0;0;0;0;0;424;0;0;0;0;0;0;0;0;0;0;0;0;0;0;0;0;0;0;0;0;0;424;0;0;0;0;0;424;0;424;0;424;0;424;0;424;0;424;0;424;0;0;0;
0;0;420;0;0;0;0;0;0;0;0;0;0;0;0;0;0;0;0;0;0;0;0;0;0;0;0;0;0;0;0;0;0;0;420;0;0;0;0;0;0;0;0;0;0;0;0;0;0;0;420;0;0;0;0;0;0;0;0;0;0;0;0;0;0;0;420;0;0;0;0;0;0;0;0;0;0;0;0;0;0;0;0;0;0;0;0;0;0;0;0;0;0;0;0;0;0;0;420;0;
0;0;0;0;0;0;424;0;424;0;424;0;0;0;0;0;0;0;0;0;0;0;0;0;0;0;0;0;0;0;0;0;0;0;0;0;0;0;424;0;424;422;424;0;0;424;0;0;424;0;0;0;0;0;0;0;0;0;0;0;422;0;422;0;0;0;0;0;0;0;0;0;0;0;0;0;0;0;0;0;0;0;0;0;0;0;0;0;0;0;0;0;0;0;0;0;0;0;0;0;
0;0;424;0;424;0;0;0;0;0;0;0;0;0;0;0;0;0;0;0;424;0;0;0;0;0;0;0;0;0;0;0;0;0;424;0;424;0;0;0;0;0;0;0;0;0;0;0;0;0;0;0;424;0;0;0;424;0;424;0;0;0;0;0;0;0;0;0;424;0;0;0;424;0;0;0;424;424;424;0;0;0;0;0;0;0;0;0;0;0;0;0;0;0;0;0;0;0;0;0;
0;0;0;0;0;0;0;0;0;0;0;0;0;0;416;0;0;0;0;0;0;0;0;0;0;0;426;0;0;0;0;0;0;0;0;0;0;0;0;0;0;0;0;0;0;0;416;0;0;0;0;0;0;0;0;0;0;0;426;0;0;0;0;0;0;0;0;0;0;0;0;0;0;0;0;0;0;0;416;0;420;0;0;0;0;0;0;0;0;0;426;0;0;0;422;0;0;0;422;0;
420;414;0;0;0;0;0;0;0;0;0;0;0;0;0;0;0;0;0;0;0;0;0;0;420;0;0;0;420;420;420;0;420;0;0;0;0;0;0;0;0;0;0;0;0;0;0;0;0;0;0;0;0;0;0;0;0;0;0;0;0;0;414;0;0;414;0;0;0;0;0;0;0;0;0;0;0;0;0;0;0;0;420;0;0;0;0;0;0;0;0;0;0;420;414;0;0;414;0;0;
0;0;0;0;0;0;0;0;0;0;0;0;0;0;0;0;0;0;0;0;0;0;0;0;0;0;0;0;0;0;416;0;0;416;0;0;0;0;0;0;0;0;0;0;0;0;0;0;0;0;0;0;0;0;0;0;0;0;0;0;0;0;0;0;0;0;0;0;0;0;0;0;0;0;0;0;0;0;424;0;0;424;0;0;424;0;0;424;424;0;424;0;418;0;0;0;0;0;0;0;
0;0;0;0;424;0;0;0;0;0;0;0;0;0;0;0;0;0;0;0;416;0;0;0;0;0;416;0;416;0;0;0;0;0;0;0;0;0;0;0;0;0;0;0;0;0;0;0;0;0;0;0;416;0;0;0;0;0;416;0;416;0;0;0;0;0;0;0;418;0;0;424;0;0;424;0;424;0;0;0;0;0;0;0;416;0;0;0;0;0;416;0;422;0;0;0;0;0;0;0;
0;0;0;0;416;0;0;0;0;0;416;0;416;0;420;0;0;0;0;0;0;0;0;0;0;0;0;0;0;0;426;0;0;0;0;0;0;0;0;0;0;0;416;0;416;0;0;0;0;0;0;0;0;0;0;0;0;0;0;0;0;0;426;0;0;420;0;0;422;0;0;0;0;0;416;0;416;0;420;0;0;420;0;0;0;0;0;0;0;0;0;0;0;0;420;0;0;420;0;0;
0;0;0;0;0;0;0;0;0;0;0;0;0;0;0;0;0;0;0;0;424;0;0;424;0;0;424;0;424;0;0;0;0;0;0;0;0;0;0;0;0;0;0;0;0;0;0;0;0;0;0;0;424;0;0;424;0;0;424;0;424;0;0;0;0;0;0;0;0;0;0;0;0;0;0;0;0;0;0;0;0;0;0;0;424;0;0;424;0;0;424;0;0;0;0;0;0;0;0;0;
0;424;0;0;424;0;0;424;0;0;424;0;424;0;424;0;0;424;0;0;0;0;0;0;0;0;0;0;0;0;424;0;0;424;0;0;424;0;0;424;0;0;424;0;424;0;424;0;0;424;0;0;0;0;0;0;0;0;0;0;0;0;424;0;0;424;0;0;424;0;0;424;0;0;424;0;424;0;424;0;0;424;0;0;0;0;0;0;0;0;0;0;422;0;424;0;0;424;0;0;
0;0;426;0;0;0;426;0;0;0;426;0;0;0;426;0;0;0;426;0;420;0;426;420;0;0;420;0;420;0;426;0;0;0;426;0;0;0;426;0;0;0;426;0;0;0;426;0;0;0;426;0;420;0;426;420;0;0;420;0;420;0;426;0;0;0;426;0;0;0;426;0;0;0;426;0;0;0;426;0;0;0;426;0;420;0;426;420;0;0;420;0;420;0;426;0;0;0;426;0;
0;420;0;0;420;0;0;420;0;0;420;0;420;0;0;0;0;0;0;0;0;0;0;0;0;0;0;0;0;0;420;0;0;420;0;0;420;0;0;420;0;0;420;0;420;0;0;0;0;0;0;0;0;0;0;0;0;0;0;0;0;0;420;0;0;420;0;0;420;0;0;420;0;0;420;0;420;0;0;0;0;0;0;0;0;0;0;0;0;0;0;0;0;0;420;0;0;420;0;0;
0;0;0;0;0;0;0;0;0;0;0;0;0;0;424;0;0;424;0;0;424;0;0;424;0;0;424;0;424;0;0;0;0;0;0;0;0;0;0;0;0;0;0;0;0;0;424;0;0;424;0;0;424;0;0;424;0;0;424;0;424;0;0;0;0;0;0;0;0;0;0;0;0;0;0;0;0;0;424;0;0;424;0;0;424;0;0;424;0;0;0;0;0;0;0;0;0;0;0;0;
0;0;0;0;424;0;0;424;0;0;424;0;424;0;0;0;0;0;0;0;0;0;0;0;0;0;0;0;0;0;0;0;0;0;0;0;424;0;0;424;0;0;424;0;424;0;0;0;0;0;0;0;0;0;0;0;0;0;0;0;0;0;0;0;0;0;0;0;424;0;0;424;0;0;424;0;424;0;0;0;0;0;0;0;0;0;0;0;0;0;422;0;422;0;0;0;0;0;0;0;
0;420;0;0;0;0;0;0;0;0;0;0;0;0;420;0;0;420;0;0;0;0;0;0;0;0;0;0;0;0;420;0;0;420;0;0;0;0;0;0;0;0;0;0;0;0;420;0;0;420;0;0;0;0;0;0;0;0;0;0;0;0;420;0;0;420;0;0;0;0;0;0;0;0;0;0;0;0;420;0;0;420;0;0;0;0;0;0;0;0;0;0;0;0;426;0;0;0;0;0;
0;0;0;0;0;0;0;0;0;0;0;0;0;0;0;0;0;0;0;0;0;0;0;0;0;0;0;0;0;0;0;0;0;0;0;0;0;0;0;0;0;0;0;0;0;0;0;0;0;0;0;0;0;0;0;0;0;0;0;0;0;0;0;0;0;0;0;0;0;0;0;0;0;0;0;0;0;0;0;0;0;0;0;0;0;0;0;0;0;0;0;0;0;0;0;0;0;0;0;0;
0;0;0;0;424;0;0;0;0;0;424;0;0;0;0;0;0;0;0;0;0;0;0;0;0;0;0;0;0;0;0;0;0;0;0;0;0;0;0;0;0;0;0;0;0;0;0;0;0;0;0;0;0;0;0;0;0;0;0;0;0;0;0;0;0;0;0;0;0;0;0;0;0;0;0;0;0;0;0;0;0;0;0;0;0;0;0;0;0;0;0;0;0;0;0;0;0;0;0;0;
0;0;0;0;0;0;0;0;0;0;416;0;420;416;0;0;426;0;0;0;426;0;426;0;426;0;0;0;0;0;0;0;416;0;0;0;0;0;0;0;0;0;0;0;0;0;0;0;0;0;0;0;0;0;0;0;0;0;0;0;0;0;0;0;0;0;0;0;0;0;0;0;0;0;0;0;0;0;0;0;0;0;0;0;0;0;0;0;0;0;0;0;0;0;0;0;0;0;0;0;
0;0;0;0;0;0;0;0;0;0;0;0;0;0;420;0;0;0;0;0;0;0;420;0;0;0;420;0;0;0;0;0;0;0;0;0;0;0;0;0;0;0;0;0;0;0;0;0;0;0;0;0;0;0;0;0;0;0;0;0;0;0;0;0;0;0;0;0;0;0;0;0;0;0;0;0;0;0;0;0;0;0;0;0;0;0;0;0;0;0;0;0;0;0;0;0;0;0;0;0;
0;0;0;0;0;0;0;0;0;0;0;0;0;0;0;0;424;0;0;424;424;0;0;0;0;0;416;0;0;0;0;0;424;0;0;0;0;0;0;0;0;0;424;0;0;0;0;0;0;0;0;0;0;0;0;0;0;0;0;0;0;0;0;0;0;0;0;0;0;0;0;0;0;0;0;0;0;0;0;0;0;0;0;0;0;0;0;0;0;0;0;0;0;0;0;0;0;0;0;0;
424;0;0;424;0;0;424;0;424;0;0;0;0;0;0;0;416;0;0;416;0;0;416;0;416;0;0;0;0;0;0;0;0;0;0;0;0;0;0;0;0;0;416;0;0;0;0;0;424;0;0;0;0;0;0;0;0;0;0;0;0;0;0;0;0;0;0;0;0;0;0;0;0;0;0;0;0;0;0;0;0;0;0;0;0;0;0;0;0;0;0;0;0;0;0;0;0;0;0;0;
416;0;0;0;0;0;416;0;416;0;420;0;0;420;0;0;0;0;0;0;0;0;0;0;0;0;420;0;0;0;0;0;420;0;0;0;0;0;0;0;0;0;0;0;0;0;0;0;416;0;0;0;0;0;0;0;0;0;0;0;0;0;0;0;0;0;0;0;0;0;0;0;0;0;0;0;0;0;0;0;0;0;0;0;0;0;0;0;0;0;0;0;0;0;0;0;0;0;0;0;
0;0;0;0;0;0;0;0;0;0;0;0;0;0;0;0;424;0;0;424;0;0;424;0;424;424;0;0;0;0;0;0;0;0;0;0;0;0;0;0;0;0;424;0;0;0;0;0;0;0;0;0;0;0;0;0;0;0;0;0;0;0;0;0;0;0;0;0;0;0;0;0;0;0;0;0;0;0;0;0;0;0;0;0;0;0;0;0;0;0;0;0;0;0;0;0;0;0;0;0;
424;0;0;424;0;0;424;0;424;0;424;0;0;424;0;0;0;0;0;0;0;0;0;0;0;0;424;0;0;0;0;0;424;0;0;0;0;0;0;0;0;0;0;0;0;0;0;0;424;0;0;0;0;0;0;0;0;0;0;0;0;0;0;0;0;0;0;0;0;0;0;0;0;0;0;0;0;0;0;0;0;0;0;0;0;0;0;0;0;0;0;0;0;0;0;0;0;0;0;0;
0;0;426;0;0;0;426;0;0;0;426;0;0;0;426;0;420;0;426;420;0;0;420;0;420;0;0;0;0;0;426;0;0;0;0;0;0;0;426;0;0;0;420;0;0;0;426;0;0;0;0;0;0;0;426;0;0;0;0;0;0;0;0;0;0;0;0;0;0;0;0;0;0;0;0;0;0;0;0;0;0;0;0;0;0;0;0;0;0;0;0;0;0;0;0;0;0;0;0;0;
420;0;0;420;0;0;420;0;420;0;0;0;0;0;0;0;0;0;0;0;0;0;0;0;0;0;420;0;0;0;0;0;0;0;0;0;0;0;0;0;0;0;0;0;0;0;0;0;420;0;0;0;0;0;0;0;0;0;0;0;0;0;0;0;0;0;0;0;0;0;0;0;0;0;0;0;0;0;0;0;0;0;0;0;0;0;0;0;0;0;0;0;0;0;0;0;0;0;0;0;
0;0;0;0;0;0;0;0;0;0;424;0;0;424;0;0;424;0;0;424;0;0;424;0;424;0;0;0;0;0;0;0;424;0;0;0;0;0;0;0;0;0;424;0;0;0;0;0;0;0;0;0;0;0;0;0;0;0;0;0;0;0;0;0;0;0;0;0;0;0;0;0;0;0;0;0;0;0;0;0;0;0;0;0;0;0;0;0;0;0;0;0;0;0;0;0;0;0;0;0;
14;14;14;14;14;14;14;14;14;14;14;14;14;14;14;14;14;14;14;14;14;14;14;14;14;14;14;14;14;14;14;14;14;14;14;14;14;14;14;14;14;14;14;14;14;14;14;14;14;14;14;14;14;14;14;14;14;14;14;14;14;14;14;14;14;14;14;14;14;14;14;14;14;14;14;14;14;14;14;14;14;14;14;14;14;14;14;14;14;14;14;14;14;14;14;14;14;14;14;14;
14;14;14;14;14;14;14;14;14;14;14;14;14;14;14;14;14;14;14;14;14;14;14;14;14;14;14;14;14;14;14;14;14;14;14;14;14;14;14;14;14;14;14;14;14;14;14;14;14;14;14;14;14;14;14;14;14;14;14;14;14;14;14;14;14;14;14;14;14;14;14;14;14;14;14;14;14;14;14;14;14;14;14;14;14;14;14;14;14;14;14;14;14;14;14;14;14;14;14;14;
14;14;14;14;14;14;14;14;14;14;14;14;14;14;14;14;14;14;14;14;14;14;14;14;14;14;14;14;14;14;14;14;14;14;14;14;14;14;14;14;14;14;14;14;14;14;14;14;14;14;14;14;14;14;14;14;14;14;14;14;14;14;14;14;14;14;14;14;14;14;14;14;14;14;14;14;14;14;14;14;14;14;14;14;14;14;14;14;14;14;14;14;14;14;14;14;14;14;14;14;
14;14;14;14;14;14;14;14;14;14;14;14;14;14;14;14;14;14;14;14;14;14;14;14;14;14;14;14;14;14;14;14;14;14;14;14;14;14;14;14;14;14;14;14;14;14;14;14;14;14;14;14;14;14;14;14;14;14;14;14;14;14;14;14;14;14;14;14;14;14;14;14;14;14;14;14;14;14;14;14;14;14;14;14;14;14;14;14;14;14;14;14;14;14;14;14;14;14;14;14;
14;14;14;14;14;14;14;14;14;14;14;14;14;14;14;14;14;14;14;14;14;14;14;14;14;14;14;14;14;14;14;14;14;14;14;14;14;14;14;14;14;14;14;14;14;14;14;14;14;14;14;14;14;14;14;14;14;14;14;14;14;14;14;14;14;14;14;14;14;14;14;14;14;14;14;14;14;14;14;14;14;14;14;14;14;14;14;14;14;14;14;14;14;14;14;14;14;14;14;14;
566;14;14;14;14;14;14;14;14;14;14;14;14;14;14;14;14;14;14;14;14;14;14;14;14;14;14;14;14;14;14;14;14;14;14;14;14;14;14;14;14;14;14;14;14;14;14;14;14;14;14;14;14;14;14;14;14;14;14;14;14;14;14;14;14;14;14;14;14;14;14;14;14;14;14;14;14;14;14;14;14;14;14;14;14;14;14;14;14;14;14;14;14;14;14;14;14;14;14;14;
