0;0;0;0;0;0;0;0;0;0;0;0;0;0;0;0;0;0;0;0;0;0;0;0;0;0;0;0;0;0;0;0;0;0;0;0;0;0;0;0;0;0;0;0;0;0;0;0;0;0;0;0;0;0;0;0;0;0;0;0;0;0;0;0;0;0;0;0;0;0;0;0;0;0;0;0;0;0;0;0;0;0;0;0;0;0;0;0;0;0;0;0;0;0;0;0;0;0;0;0;
0;0;0;0;0;0;0;0;0;0;0;0;0;0;0;0;0;0;0;0;0;0;0;0;0;0;0;0;0;0;0;0;0;0;0;0;0;0;0;0;0;0;0;0;0;0;0;0;0;0;0;0;0;0;0;0;0;0;0;0;0;0;0;0;0;0;0;0;0;0;0;0;0;0;0;0;0;0;0;0;0;0;0;0;0;0;0;0;0;0;0;0;0;0;0;0;0;0;0;0;
0;0;0;0;0;0;0;0;0;0;0;0;0;0;0;0;0;0;0;0;0;0;0;0;0;0;0;0;0;0;0;0;0;0;0;0;0;0;0;0;0;0;0;0;0;0;0;0;0;0;0;0;0;0;0;0;0;0;0;0;0;0;0;0;0;0;0;0;0;0;0;426;0;0;0;0;0;0;0;0;0;0;0;0;0;0;0;0;0;0;0;0;0;0;0;0;0;0;0;0;
0;0;0;0;0;0;0;0;0;0;0;0;0;0;0;0;0;0;0;0;0;0;0;0;0;0;0;0;0;0;0;0;0;0;0;0;0;0;0;0;0;0;0;0;0;0;0;0;0;0;0;0;0;0;0;0;0;0;0;0;0;426;426;426;426;0;0;0;0;0;0;0;0;0;0;0;0;0;0;426;0;0;0;0;0;0;0;0;0;0;0;0;0;0;0;426;0;0;0;0;
0;0;0;0;0;0;0;0;0;0;0;0;0;0;0;0;0;0;0;0;0;0;0;0;0;0;0;0;0;0;0;0;0;0;0;0;0;0;0;0;0;0;0;0;0;0;0;0;0;0;0;0;0;0;0;0;0;0;0;0;0;0;0;0;0;426;0;0;0;0;0;0;0;0;0;0;0;0;0;0;0;0;0;0;0;0;0;0;0;0;0;0;0;0;0;0;0;0;0;0;
0;0;0;420;0;0;0;0;0;0;0;0;0;0;0;0;0;0;0;420;0;0;0;0;0;0;0;0;0;0;0;0;0;0;0;420;0;0;0;0;0;0;0;0;0;0;0;0;0;0;0;420;0;0;0;0;0;0;0;0;0;0;426;426;426;414;0;420;0;414;414;0;0;414;0;414;0;414;414;414;414;0;0;420;0;0;0;0;0;0;0;0;0;0;0;0;0;426;0;420;
0;0;0;0;0;0;0;0;0;0;0;0;0;0;0;0;0;0;0;0;0;0;0;0;0;0;0;0;0;0;0;0;0;0;0;0;0;0;0;0;0;0;0;0;0;0;0;0;0;0;0;0;0;0;0;0;0;0;0;0;0;0;0;0;0;426;0;0;0;0;0;0;0;0;0;0;0;0;0;0;0;414;0;414;0;414;414;0;0;414;0;414;0;414;414;414;414;0;0;0;
0;0;0;0;0;0;0;0;0;0;0;0;0;0;0;0;0;0;0;0;0;0;0;0;0;0;0;0;0;0;0;0;0;0;0;0;0;0;0;0;0;0;0;0;0;0;0;0;0;0;0;0;0;0;0;0;0;0;0;0;0;0;0;0;0;0;0;0;0;0;0;0;0;0;0;0;0;0;0;0;0;0;0;0;0;0;0;0;0;0;0;0;0;0;0;0;0;414;0;414;
0;0;0;0;0;420;0;0;0;0;0;0;0;0;0;0;0;0;0;0;0;420;0;0;0;0;0;0;0;0;0;0;0;0;0;0;0;420;0;0;0;0;0;0;0;0;0;0;0;0;0;0;0;420;0;0;0;0;0;0;0;0;0;0;0;0;0;0;0;420;0;0;0;0;0;0;0;0;0;0;0;0;0;0;0;420;0;0;0;0;0;0;0;0;0;0;0;0;0;0;
0;0;0;426;0;0;0;426;422;0;420;426;0;0;0;426;420;0;0;426;0;0;0;426;422;0;420;426;0;0;0;426;420;0;0;426;0;0;0;426;422;0;420;426;0;0;0;426;420;0;0;426;0;0;0;426;422;0;420;426;0;426;426;426;420;0;0;426;0;0;0;0;422;0;420;426;0;0;0;426;420;0;0;426;0;0;0;426;422;0;420;426;0;0;0;426;420;0;0;426;
0;0;0;0;0;0;0;0;0;0;0;0;420;0;0;420;0;0;0;0;0;0;0;0;0;0;0;0;420;0;0;420;426;426;0;0;0;0;0;0;0;0;0;0;420;0;0;420;426;0;0;0;0;0;0;0;0;0;0;0;420;0;0;420;0;0;0;426;0;0;0;0;0;0;0;426;420;0;0;420;0;0;0;426;0;0;0;426;0;0;0;426;420;0;0;420;426;0;0;426;
0;0;0;0;0;0;0;0;0;0;0;0;0;0;0;0;0;0;0;0;0;0;0;0;0;0;0;0;0;0;0;0;0;0;0;0;0;0;0;0;0;0;0;0;0;0;0;0;0;426;0;0;0;426;0;0;0;426;0;426;0;426;426;426;426;426;0;0;0;426;426;0;426;0;426;0;0;426;426;0;0;426;0;0;0;426;426;0;426;0;426;0;0;426;426;0;0;426;0;0;
0;420;420;0;0;0;0;0;0;0;0;0;0;0;420;0;0;0;0;0;0;0;0;0;0;0;0;0;0;0;420;0;0;0;0;0;0;0;0;0;0;0;0;0;0;0;420;0;0;426;0;0;0;426;0;0;0;426;0;426;0;426;420;426;426;420;420;420;0;420;420;0;0;420;0;420;0;420;420;420;420;420;420;0;0;0;0;0;0;0;0;0;0;0;420;0;0;420;420;0;
0;426;0;0;0;0;0;0;0;0;0;0;0;0;0;0;0;420;420;0;0;0;0;0;0;0;0;0;0;0;0;0;0;424;424;0;0;0;0;0;0;0;0;0;0;0;0;0;0;420;420;0;0;0;0;0;0;0;0;0;0;0;0;0;0;0;0;0;0;0;0;0;0;0;0;0;0;0;0;0;0;420;0;420;0;420;420;0;0;420;0;420;0;420;420;420;420;424;0;424;
0;0;0;0;0;0;0;0;0;0;0;0;0;0;0;0;0;0;0;0;0;0;0;0;0;0;0;0;0;0;0;0;0;0;0;0;0;0;0;0;0;0;0;0;0;0;0;0;0;0;0;0;0;0;0;0;0;0;0;0;0;0;0;0;0;0;0;0;0;0;0;0;422;0;0;0;0;0;0;0;0;0;0;0;422;0;0;0;0;0;0;0;0;0;0;0;0;0;0;0;
0;0;0;0;0;0;0;0;0;0;0;0;0;0;0;0;0;0;0;0;0;0;0;0;0;0;0;0;0;0;0;0;0;0;0;0;0;0;0;0;0;0;0;0;0;0;0;0;0;0;0;0;424;0;424;0;0;0;0;0;0;0;0;0;0;0;0;0;424;0;420;0;0;0;420;0;0;420;0;420;0;420;420;420;420;0;0;0;0;0;0;0;0;420;0;420;420;0;420;0;
0;0;0;0;0;0;0;0;0;0;0;0;0;0;0;0;0;0;0;0;0;0;0;0;0;0;0;0;0;0;0;0;0;0;0;0;0;0;0;0;0;0;0;0;0;0;0;0;0;0;420;0;0;0;0;420;0;0;420;0;0;0;0;0;0;0;420;0;0;0;0;0;0;0;0;0;0;0;0;0;0;0;0;0;0;0;0;0;0;426;426;426;426;0;0;0;0;0;0;0;
0;0;0;0;0;0;0;0;0;0;0;0;0;0;0;0;0;0;0;0;0;0;0;0;0;426;426;426;426;420;0;420;420;0;420;0;420;0;0;0;0;0;0;0;0;420;0;420;420;0;0;0;0;0;0;0;0;420;0;0;0;420;0;420;420;0;420;0;420;0;420;0;420;0;420;0;0;0;0;0;0;0;0;0;0;0;0;0;0;0;426;426;426;420;0;420;420;0;420;0;
0;0;0;0;0;0;0;0;0;0;0;0;0;0;0;0;0;0;0;0;0;0;0;0;0;0;426;426;426;0;0;0;0;0;0;0;0;0;0;0;0;0;0;0;0;420;0;420;420;0;420;0;420;0;420;420;0;0;420;0;0;0;0;0;0;0;0;0;0;0;0;0;0;0;0;0;0;420;0;420;0;420;420;420;420;0;0;0;0;0;0;426;426;0;0;0;0;0;0;0;
0;0;0;0;0;0;0;0;0;0;0;0;0;0;0;420;0;0;0;0;0;0;0;0;0;0;0;0;0;414;0;414;420;414;414;0;420;414;420;414;420;414;414;414;414;0;0;0;0;0;0;0;0;0;0;0;420;0;0;420;0;0;0;0;0;0;0;0;0;0;0;0;0;0;0;0;0;0;0;0;0;0;0;0;0;0;0;418;0;418;418;418;418;414;0;414;420;414;414;0;
0;0;0;0;0;0;0;0;0;0;0;0;0;0;0;0;0;0;0;0;0;0;0;416;0;416;416;416;416;0;0;0;0;0;0;0;0;0;0;0;0;0;0;0;0;414;0;414;0;414;414;0;0;414;0;414;0;414;414;414;414;424;0;424;424;424;424;0;424;424;424;424;424;0;424;424;424;420;0;420;0;420;420;420;0;420;0;422;0;422;422;422;422;426;0;0;0;0;0;0;
0;414;414;0;0;414;0;414;0;414;414;414;414;418;0;418;0;418;418;0;0;418;0;0;0;0;0;0;0;0;0;0;0;0;0;0;0;0;0;0;0;0;0;0;0;422;0;422;422;0;422;0;422;0;422;422;0;422;422;0;0;414;0;414;0;414;414;0;0;414;0;414;0;414;414;414;414;418;0;418;0;418;418;0;0;418;0;0;0;0;0;0;0;0;0;0;0;0;0;0;
0;420;0;0;0;0;0;0;0;0;0;0;0;0;0;0;0;420;0;0;0;0;0;0;0;0;0;0;0;420;0;420;420;420;420;0;420;420;0;420;0;420;420;420;420;0;0;0;0;0;0;0;0;0;0;0;0;0;0;0;0;0;0;0;0;0;0;0;0;0;0;0;0;0;0;0;0;420;0;420;0;420;420;0;0;420;0;420;0;420;420;420;420;0;0;420;0;420;0;0;
0;0;0;426;422;0;420;426;0;0;0;426;420;0;0;426;0;0;0;426;422;0;420;426;0;0;0;426;420;0;0;426;0;0;0;426;0;0;0;426;0;0;0;426;0;420;0;426;0;420;420;426;0;420;0;426;0;420;420;426;420;0;0;426;0;0;0;426;0;0;0;426;0;0;0;426;0;0;0;426;0;0;0;426;0;0;0;426;0;0;0;426;0;0;0;426;0;0;0;426;
0;0;0;0;0;0;0;0;420;0;0;420;0;0;0;0;0;0;0;0;0;0;0;0;420;0;0;420;0;420;0;420;0;420;420;0;0;420;0;420;0;420;420;420;420;424;0;424;0;424;424;0;0;424;0;424;0;424;424;424;424;420;0;420;0;420;420;0;0;420;0;420;0;420;420;420;420;424;0;424;0;424;424;0;0;424;0;424;0;424;424;424;424;420;0;420;0;420;420;0;
0;426;426;0;426;0;426;0;0;426;426;0;0;426;0;0;0;426;426;0;426;0;426;0;0;426;426;0;0;426;0;0;0;426;426;0;426;0;426;0;0;426;426;0;0;426;0;0;0;426;426;0;426;0;426;0;0;426;426;0;0;426;0;0;0;426;426;0;426;0;426;0;0;426;426;0;0;426;0;0;0;426;426;0;426;0;426;0;0;426;426;0;0;426;0;0;0;426;426;0;
0;0;0;0;0;0;0;0;0;0;420;0;0;420;420;0;0;0;0;0;0;0;0;0;0;0;420;0;0;420;0;420;0;420;420;0;0;420;0;420;0;420;420;420;420;0;0;0;0;0;0;0;0;0;0;0;0;0;0;0;0;0;0;0;0;0;0;0;0;0;0;0;0;0;0;0;0;0;0;0;0;0;0;0;0;0;0;0;0;0;0;0;0;420;420;420;0;420;420;0;
0;424;424;0;0;424;0;424;0;424;424;424;424;420;0;420;0;420;420;0;0;420;0;422;0;422;422;422;422;426;0;0;0;0;0;0;0;0;0;0;0;0;0;0;0;420;0;420;0;420;420;0;0;420;0;420;0;420;420;420;420;424;0;424;0;424;424;0;0;424;0;424;0;424;424;424;424;420;0;420;0;420;420;0;0;420;0;422;0;422;422;422;422;0;0;0;0;0;0;0;
0;0;0;0;0;0;0;0;0;0;0;0;0;0;992;0;0;0;0;0;422;0;0;0;0;0;0;0;0;0;0;0;0;422;0;0;0;0;0;0;0;0;0;0;0;0;0;0;422;0;0;0;0;0;0;0;0;0;0;0;0;0;0;0;0;0;0;0;0;0;0;0;0;0;0;0;0;0;0;0;0;0;0;0;0;0;0;0;0;422;0;0;0;0;0;0;0;0;0;0;
420;0;0;0;0;0;0;0;0;420;0;420;0;420;420;0;0;0;420;0;0;420;0;0;0;0;0;420;0;0;0;0;0;0;0;0;0;0;0;0;0;0;0;0;0;0;0;0;0;0;0;0;0;0;0;0;0;0;0;0;0;0;0;0;0;0;0;0;0;424;0;0;0;424;0;0;0;0;0;0;0;0;0;0;0;0;0;0;420;0;0;420;0;0;0;0;0;0;0;0;
0;0;420;0;420;0;0;0;0;0;0;0;0;0;0;0;420;0;0;0;0;0;0;420;0;0;0;0;0;420;0;0;0;0;0;420;0;0;0;0;0;0;0;426;0;0;0;426;0;0;0;0;0;426;426;426;0;0;0;0;0;0;0;0;0;0;0;0;420;0;420;0;0;0;420;0;0;420;0;0;0;0;0;0;0;0;422;0;0;0;0;0;422;420;0;0;0;0;0;420;
420;0;0;0;0;0;0;0;0;420;0;420;0;420;420;0;0;0;420;0;420;420;0;0;0;420;0;420;0;0;0;420;0;0;0;0;0;420;0;426;426;0;0;0;0;0;420;0;0;0;0;0;0;426;426;426;426;0;0;0;0;0;0;0;0;420;0;420;0;420;0;420;0;420;0;420;0;0;0;0;0;0;0;0;0;0;0;0;420;420;0;420;0;0;420;0;0;420;0;0;
0;0;0;0;0;0;0;0;0;0;0;0;0;0;0;0;0;0;0;0;0;0;0;0;0;0;0;0;0;0;0;0;0;420;0;0;0;0;0;420;0;0;0;0;420;426;426;0;420;0;0;0;0;426;426;0;0;0;0;0;0;0;0;0;0;0;0;0;0;0;0;0;0;0;0;0;0;420;0;0;0;0;0;0;0;0;420;0;0;0;0;0;0;0;0;0;420;0;0;0;
420;414;420;414;420;414;414;414;414;0;0;420;0;0;0;0;420;0;0;0;420;420;420;420;0;420;0;420;0;420;0;420;0;420;0;420;0;420;0;420;0;0;0;420;0;0;0;0;0;0;0;0;0;0;0;426;426;414;0;414;0;414;414;0;0;414;420;414;420;414;414;414;414;0;420;420;0;0;0;0;0;0;0;0;0;0;0;0;0;0;0;0;0;0;0;420;0;0;0;0;
0;0;0;0;0;0;0;0;0;414;0;414;0;414;414;0;0;414;0;414;0;414;414;414;414;418;0;418;0;418;418;1154;0;418;0;418;0;418;418;418;418;416;0;414;420;414;0;414;414;0;0;414;0;414;414;414;414;0;0;0;0;0;0;0;0;0;0;0;0;0;0;0;0;420;0;420;0;420;420;0;0;0;0;0;0;0;0;0;0;424;0;424;0;424;424;0;0;424;0;424;
0;0;0;0;0;0;0;0;0;422;0;422;0;422;422;0;422;0;422;0;422;422;0;0;0;422;0;422;0;422;0;422;0;422;0;422;0;422;0;422;0;424;0;0;0;0;0;0;422;0;0;0;0;0;0;0;0;424;0;424;0;424;424;0;0;424;0;424;0;424;424;424;424;416;0;416;0;416;416;0;0;416;0;416;0;416;416;416;416;414;0;414;0;414;414;0;0;414;0;414;
0;0;0;0;0;0;0;0;0;0;0;0;0;420;0;0;0;0;0;0;0;0;0;0;0;0;0;0;0;420;0;0;0;0;0;0;0;0;0;0;0;420;0;0;0;0;0;0;0;0;0;420;0;0;0;0;0;0;0;0;0;0;0;0;0;0;0;0;0;0;0;0;0;0;0;0;0;0;0;0;0;0;0;0;0;0;0;0;0;0;0;0;0;0;0;0;0;0;0;0;
422;0;420;426;0;0;0;426;420;0;0;426;0;0;0;426;422;0;420;426;0;0;0;426;420;0;0;426;0;0;0;426;422;0;420;426;0;0;0;426;420;0;0;420;420;420;420;0;422;0;420;426;0;0;0;0;420;0;0;426;0;0;0;426;0;0;0;426;0;0;0;426;0;0;0;426;0;0;0;426;0;0;0;426;0;0;0;426;0;0;0;426;0;0;0;426;0;0;0;426;
0;420;0;420;420;0;0;420;0;0;0;0;0;0;0;0;0;0;0;0;420;0;0;420;426;0;0;0;0;0;0;0;0;0;0;0;420;0;0;420;0;0;0;0;0;0;0;0;0;0;0;0;420;0;0;420;0;420;0;420;0;420;420;0;0;420;0;420;0;420;420;426;426;424;0;424;0;424;424;0;0;424;0;424;0;424;424;424;426;420;0;420;0;420;420;0;0;420;0;420;
426;0;426;0;0;426;426;0;0;426;0;0;0;426;426;0;426;0;426;0;0;426;426;0;0;426;0;0;0;426;426;0;426;0;426;0;0;426;426;0;0;426;0;420;0;420;420;0;426;420;426;420;0;420;0;0;0;426;0;0;0;426;426;0;426;0;426;0;0;426;426;0;0;426;0;0;0;426;426;0;426;0;426;0;0;426;426;0;420;426;0;0;0;426;426;0;426;0;426;0;
0;420;0;420;0;420;420;420;420;420;420;0;0;0;0;0;0;0;0;0;0;0;420;0;0;420;420;420;0;420;420;0;0;420;0;420;0;420;420;420;420;420;420;0;0;0;0;0;0;0;0;0;0;0;420;0;0;420;0;420;0;420;420;0;0;420;0;420;0;420;420;420;420;0;0;0;0;0;0;0;0;0;0;0;0;0;0;0;0;420;0;420;0;420;420;0;0;420;0;420;
0;0;0;0;0;0;0;0;0;420;0;420;0;420;420;0;0;420;0;420;0;420;420;420;420;0;0;0;0;0;0;0;0;0;0;0;0;0;0;0;0;420;0;420;0;420;420;0;0;420;0;422;0;422;422;422;422;426;0;0;0;0;0;0;0;0;0;0;0;0;0;0;0;420;0;420;0;420;420;0;0;420;0;420;0;420;420;420;420;0;0;0;0;0;0;0;0;0;0;0;
0;0;0;422;0;422;0;0;0;0;0;0;0;0;0;0;0;0;0;0;0;0;0;0;0;0;0;0;0;0;0;0;0;0;0;0;0;0;0;0;0;0;0;0;0;422;0;0;0;0;0;0;0;0;0;0;0;0;0;0;0;0;0;0;0;0;0;0;0;0;0;0;0;0;0;0;0;0;0;0;0;0;0;0;0;0;0;0;0;0;0;0;0;0;0;0;0;0;0;0;
0;420;0;0;0;0;0;424;0;420;0;0;0;0;0;0;0;0;0;0;0;0;0;0;0;0;0;420;0;0;0;0;0;0;0;0;0;0;0;0;0;420;0;0;0;0;0;0;0;420;0;0;0;0;0;0;0;0;0;0;0;420;0;0;0;0;0;0;0;0;0;0;0;0;0;0;0;0;0;0;0;0;0;0;0;0;0;0;0;0;0;0;0;0;0;0;0;0;0;0;
0;0;0;426;0;0;0;426;0;0;420;426;420;0;0;426;0;0;0;426;0;0;0;426;0;0;0;426;0;420;0;426;0;0;0;426;0;420;0;426;0;0;0;426;412;0;0;426;412;0;0;426;426;0;0;426;0;0;0;426;0;0;422;420;0;0;0;426;0;0;0;426;0;0;0;426;0;0;0;426;0;0;0;426;426;0;0;0;0;0;0;0;0;0;0;0;0;0;0;0;
0;0;0;0;426;0;0;0;0;0;0;420;0;0;0;0;0;0;0;0;0;0;0;0;0;420;0;0;0;0;0;0;0;420;0;0;0;0;0;0;0;0;0;0;0;0;0;0;0;0;0;0;0;0;0;0;0;0;0;0;0;420;0;0;422;420;424;0;0;0;0;0;0;0;0;0;0;0;0;0;0;0;0;426;426;0;0;0;0;0;0;0;0;0;0;0;0;0;0;0;
0;426;426;0;0;426;0;0;0;426;426;0;418;0;418;0;0;418;418;0;418;0;0;420;0;426;426;0;426;0;426;0;0;426;426;0;0;426;0;0;0;426;426;0;426;412;426;412;0;426;426;0;0;426;0;0;0;426;426;0;426;0;426;0;0;426;426;424;0;426;0;0;0;426;426;0;426;418;426;418;0;418;426;426;426;0;0;0;0;0;0;0;0;0;0;0;0;0;0;0;
0;0;0;0;0;418;0;418;0;418;418;0;422;0;422;0;422;422;422;422;422;420;0;0;0;0;0;0;0;0;0;0;0;0;0;0;0;0;0;0;0;0;0;0;0;0;0;0;0;0;0;0;0;420;0;0;420;420;420;0;420;0;420;0;420;420;420;420;420;418;0;418;0;418;418;0;418;422;0;422;422;422;422;422;422;0;0;0;0;0;0;0;0;0;0;0;0;0;0;0;
0;418;418;418;418;422;0;422;0;422;422;0;0;0;0;0;0;0;0;0;0;426;0;0;0;0;0;0;0;0;0;0;0;0;0;0;0;420;420;420;0;420;0;420;0;420;0;420;0;420;420;420;420;420;0;0;0;0;0;0;0;0;0;0;0;0;0;0;0;422;0;422;0;422;422;0;422;0;0;0;0;0;0;0;0;0;0;0;0;0;0;0;0;0;0;0;0;0;0;0;
0;420;420;420;420;0;0;0;0;0;0;0;0;0;0;0;0;0;0;0;0;424;0;424;0;424;424;0;424;0;424;0;424;424;424;424;424;416;0;416;0;416;0;0;416;422;0;416;0;416;416;416;416;0;0;0;0;0;0;0;0;0;0;0;0;0;0;0;0;0;0;0;0;0;0;0;0;0;0;0;0;0;0;0;0;0;0;0;0;0;0;0;0;0;0;0;0;0;0;0;
0;0;0;0;0;420;0;420;0;420;420;0;420;0;420;0;420;420;420;420;420;0;0;416;0;416;416;420;0;416;0;0;416;416;416;416;416;0;0;0;0;420;0;0;0;0;0;0;0;420;0;0;0;414;0;414;0;414;0;0;414;420;0;414;0;0;414;414;414;414;0;0;0;0;0;0;0;422;0;422;422;422;422;422;422;0;0;0;0;0;0;0;0;0;0;0;0;0;0;0;
0;0;0;0;0;0;0;0;0;0;420;0;0;0;0;0;0;0;0;0;0;0;0;0;0;0;0;0;0;420;0;0;0;0;0;0;0;420;0;0;0;0;0;0;0;0;0;0;0;0;0;0;0;0;0;0;0;0;0;0;0;0;422;426;0;0;0;0;0;0;422;422;0;422;422;0;422;0;0;0;0;0;0;0;0;0;0;0;0;0;0;0;0;0;0;0;0;0;0;0;
0;420;420;420;420;0;0;0;0;0;0;420;0;0;0;0;0;0;0;0;0;0;0;0;0;420;0;0;0;0;0;0;0;420;0;0;0;0;0;0;0;0;0;0;0;0;0;0;0;0;0;0;0;420;0;0;420;0;420;0;0;420;0;0;422;420;420;420;420;420;0;0;0;0;0;0;0;0;0;0;0;0;0;0;0;0;0;0;0;0;0;0;0;0;0;0;0;0;0;0;
0;0;0;0;0;0;0;0;0;0;0;0;426;0;426;0;0;426;426;0;0;0;0;420;0;0;0;0;0;0;0;0;0;0;0;0;0;0;0;0;0;0;0;0;0;0;0;0;0;0;0;0;0;0;0;0;0;0;0;0;0;0;0;0;0;0;420;424;0;0;0;0;0;0;0;0;0;424;0;0;424;424;424;424;424;0;0;0;0;0;0;0;0;0;0;0;0;0;0;0;
14;14;14;14;14;14;14;14;14;14;14;14;14;14;14;14;14;14;14;14;14;14;14;14;14;14;14;14;14;14;14;14;14;14;14;14;14;14;14;14;14;14;14;14;14;14;14;14;14;14;14;14;14;14;14;14;14;14;14;14;14;14;14;14;14;14;14;14;14;14;14;14;14;14;14;14;14;14;14;14;14;14;14;14;14;14;14;14;14;14;14;14;14;14;14;14;14;14;14;14;
14;14;14;14;14;14;14;14;14;14;14;14;14;14;14;14;14;14;14;14;14;14;14;14;14;14;14;14;14;14;14;14;14;14;14;14;14;14;14;14;14;14;14;14;14;14;14;14;14;14;14;14;14;14;14;14;14;14;14;14;14;14;14;14;14;14;14;14;14;14;14;14;14;14;14;14;14;14;14;14;14;14;14;14;14;14;14;14;14;14;14;14;14;14;14;14;14;14;14;14;
14;14;14;14;14;14;14;14;14;14;14;14;14;14;14;14;14;14;14;14;14;14;14;14;14;14;14;14;14;14;14;14;14;14;14;14;14;14;14;14;14;14;14;14;14;14;14;14;14;14;14;14;14;14;14;14;14;14;14;14;14;14;14;14;14;14;14;14;14;14;14;14;14;14;14;14;14;14;14;14;14;14;14;14;14;14;14;14;14;14;14;14;14;14;14;14;14;14;14;14;
14;14;14;14;14;14;14;14;14;14;14;14;14;14;14;14;14;14;14;14;14;14;14;14;14;14;14;14;14;14;14;14;14;14;14;14;14;14;14;14;14;14;14;14;14;14;14;14;14;14;14;14;14;14;14;14;14;14;14;14;14;14;14;14;14;14;14;14;14;14;14;14;14;14;14;14;14;14;14;14;14;14;14;14;14;14;14;14;14;14;14;14;14;14;14;14;14;14;14;14;
14;14;14;14;14;14;14;14;14;14;14;14;14;14;14;14;14;14;14;14;14;14;14;14;14;14;14;14;14;14;14;14;14;14;14;14;14;14;14;14;14;14;14;14;14;14;14;14;14;14;14;14;14;14;14;14;14;14;14;14;14;14;14;14;14;14;14;14;14;14;14;14;14;14;14;14;14;14;14;14;14;14;14;14;14;14;14;14;14;14;14;14;14;14;14;14;14;14;14;14;
14;14;14;14;14;14;14;14;14;14;14;14;14;14;14;14;14;14;14;14;14;14;14;14;14;14;14;14;14;14;14;14;14;14;14;14;14;14;14;14;14;14;14;14;14;14;14;14;14;14;14;14;14;14;14;14;14;14;14;14;14;14;14;14;14;14;14;14;14;14;14;14;14;14;14;14;14;14;14;14;14;14;14;14;14;14;14;14;14;14;14;14;14;14;14;14;14;14;14;14;
