54;54;54;54;54;54;54;54;54;54;54;54;54;54;54;54;54;54;54;54;54;54;54;54;54;54;54;54;54;54;52;52;54;54;54;54;54;54;54;54;54;54;54;54;54;54;54;54;54;54;54;54;54;54;52;52;54;54;54;54;54;54;54;54;54;54;54;54;54;54;54;54;52;52;54;54;54;54;54;54;54;54;54;54;54;54;54;54;54;54;54;54;54;54;54;54;54;54;54;54;
0;0;0;0;0;0;0;0;0;0;0;0;0;0;0;0;0;0;0;0;0;0;0;0;0;0;0;0;0;0;52;52;0;0;0;0;0;0;0;0;0;0;0;0;0;0;0;0;0;0;0;0;0;0;52;52;0;0;0;0;0;0;0;0;0;0;0;0;0;0;0;0;52;52;0;0;0;0;0;0;0;0;0;0;0;0;0;0;0;0;0;0;0;0;0;0;0;0;0;0;
52;52;52;52;52;52;52;52;52;52;52;52;52;52;52;52;52;52;52;52;52;52;52;52;52;52;52;52;52;52;52;52;52;52;52;52;52;52;52;52;52;52;52;52;52;52;52;52;52;52;52;52;52;52;52;52;52;52;52;52;52;0;0;0;0;0;0;0;0;0;0;0;52;52;52;52;52;52;52;52;52;52;52;52;52;52;52;52;52;52;52;52;52;52;52;52;52;52;52;52;
0;0;0;0;0;0;0;0;0;0;0;0;0;0;0;0;0;0;0;0;0;0;0;0;0;0;0;0;0;0;52;52;0;0;0;0;0;0;0;0;0;0;0;0;0;0;0;0;0;0;0;0;0;0;52;52;52;52;52;52;52;52;52;54;54;54;54;650;650;54;54;0;52;52;0;0;0;0;0;0;0;0;0;0;0;0;0;0;0;0;0;0;0;0;0;0;0;0;0;0;
52;52;52;52;52;52;52;52;52;52;52;52;52;52;52;52;52;52;52;52;52;52;52;52;52;52;52;52;52;52;52;52;52;52;52;52;52;52;52;52;52;52;52;52;52;52;52;52;52;52;52;52;52;52;52;52;52;52;52;52;52;52;52;54;54;54;54;54;54;54;54;0;52;52;52;52;52;52;52;52;52;52;52;52;52;52;52;52;52;52;52;52;52;52;52;52;52;52;52;52;
0;0;0;0;0;0;0;0;0;0;0;0;0;0;0;0;0;0;0;0;0;0;0;0;0;0;0;0;0;0;52;52;0;0;0;0;0;0;0;0;0;0;0;0;0;0;0;0;0;0;0;0;0;0;52;52;52;52;52;52;52;52;52;888;888;888;888;888;888;888;888;0;52;52;0;0;0;0;0;0;0;0;0;0;0;0;0;0;0;0;0;0;0;0;0;0;0;0;0;0;
52;52;52;52;52;52;52;52;52;52;52;52;52;52;52;52;52;52;52;52;52;52;52;52;52;52;52;52;52;52;52;52;52;52;52;52;52;52;52;52;52;52;52;52;52;52;52;52;52;52;52;52;52;52;52;52;52;52;52;52;52;52;52;52;58;888;888;888;58;888;888;0;52;52;52;52;52;52;52;52;52;52;52;52;52;52;52;52;52;52;52;52;52;52;52;52;52;52;52;52;
0;0;0;0;0;0;0;0;0;0;0;0;0;0;0;0;0;0;0;0;0;0;0;0;0;0;0;0;0;0;52;52;0;0;0;0;0;0;0;0;0;0;0;0;0;0;0;0;0;0;0;0;0;0;52;52;52;52;52;52;52;52;52;888;888;888;888;888;888;888;888;0;52;52;0;0;0;0;0;0;0;0;0;0;0;0;0;0;0;0;0;0;0;0;0;0;0;0;0;0;
52;52;52;52;52;52;52;52;52;52;52;52;52;52;52;52;52;52;52;52;52;52;52;52;52;52;52;52;52;52;52;52;52;52;52;52;52;52;52;52;52;52;52;52;52;52;52;52;52;52;52;52;52;52;52;52;52;52;52;52;52;52;52;52;52;52;284;284;284;284;284;0;52;52;52;52;52;52;52;52;52;52;52;52;52;52;52;52;52;52;52;52;52;52;52;52;52;52;52;52;
0;0;0;0;0;0;0;0;0;0;0;0;0;0;0;0;0;0;0;0;0;0;0;0;0;0;0;0;0;52;52;52;52;0;0;0;0;0;0;0;0;0;0;0;0;0;0;0;0;0;0;0;0;0;52;52;52;52;52;52;52;54;54;54;52;52;284;54;52;52;52;0;52;52;0;0;0;0;0;0;0;0;0;0;0;0;0;0;0;0;0;0;0;0;0;0;0;0;0;0;
52;52;52;52;52;52;52;52;52;52;52;52;52;52;52;52;52;52;52;52;52;52;52;52;52;52;52;52;52;52;52;52;52;52;52;52;52;52;52;52;52;52;52;52;52;52;52;52;52;52;52;52;52;52;52;52;52;52;52;52;52;52;52;52;52;52;284;284;284;284;284;0;52;52;52;52;52;52;52;52;52;52;52;52;52;52;52;52;52;52;52;52;52;52;52;52;52;52;52;52;
0;0;0;0;0;0;0;0;0;0;0;0;0;0;0;0;0;0;0;0;0;0;0;0;0;0;0;0;52;52;52;52;52;52;0;0;0;0;0;0;0;0;0;0;0;0;0;0;0;0;0;0;0;0;52;52;52;52;52;52;52;52;52;52;52;52;52;198;54;54;198;0;52;52;0;0;0;0;0;0;0;0;0;0;0;0;0;0;0;0;0;0;0;0;0;0;0;0;0;0;
52;52;52;52;52;52;52;52;52;52;52;52;52;52;52;52;52;52;52;52;52;52;52;52;52;52;52;52;52;52;52;52;52;52;52;52;52;52;52;52;52;52;52;52;52;52;52;52;52;52;52;52;52;52;52;52;52;52;52;52;52;52;52;52;52;52;52;198;198;198;198;0;52;52;52;52;52;52;52;52;52;52;52;52;52;52;52;52;52;52;52;52;52;52;52;52;52;52;52;52;
0;0;0;0;0;0;0;0;0;0;0;0;0;0;0;0;0;0;0;0;0;0;0;0;0;0;0;52;52;52;52;52;52;52;52;0;0;0;0;0;0;0;0;0;0;0;0;0;0;0;0;0;0;0;52;52;52;0;0;0;0;0;52;52;52;0;0;52;52;0;0;0;52;52;0;0;0;0;0;0;0;0;0;0;0;0;0;0;0;0;0;0;0;0;0;0;0;0;0;0;
52;52;52;52;52;52;52;52;52;52;52;52;52;52;52;52;52;52;52;52;52;52;52;52;52;52;52;52;52;52;52;52;52;52;52;52;52;52;52;52;52;52;52;52;52;52;52;52;52;52;52;52;52;52;52;52;52;52;52;52;52;52;52;52;52;52;52;52;52;52;52;52;52;52;52;52;52;52;52;52;52;52;52;52;52;52;52;52;52;52;52;52;52;52;52;52;52;52;52;52;
0;0;0;0;0;0;0;0;0;0;0;0;0;0;0;0;0;0;0;0;0;0;0;0;0;0;0;52;52;52;52;52;52;52;52;0;0;0;0;0;0;0;0;0;0;0;0;0;0;0;0;0;0;0;52;52;0;0;0;0;0;0;0;0;0;0;0;52;52;0;0;0;52;52;0;0;0;0;0;0;0;0;0;0;0;0;0;0;0;0;0;0;0;0;0;0;0;0;0;0;
52;52;52;52;52;52;52;52;52;52;52;52;52;52;52;52;52;52;52;52;52;52;52;52;52;52;52;52;52;52;52;52;52;52;52;52;52;52;52;52;52;52;52;52;52;52;52;52;52;52;52;52;52;52;52;52;52;52;52;52;52;52;52;52;52;52;52;52;52;52;52;52;52;52;52;52;52;52;52;52;52;52;52;52;52;52;52;52;52;52;52;52;52;52;52;52;52;52;52;52;
0;0;0;0;0;0;0;0;0;0;0;0;0;0;0;0;0;0;0;0;0;0;0;0;0;0;0;52;52;52;52;52;52;52;52;0;0;0;0;0;0;0;0;0;0;0;0;0;0;0;0;0;0;0;52;52;0;0;0;0;0;0;0;0;0;0;0;52;52;0;0;0;52;52;0;0;0;0;0;0;0;0;0;0;0;0;0;0;0;0;0;0;0;0;0;0;0;0;0;0;
52;52;52;52;52;52;52;52;52;52;52;52;52;52;52;52;52;52;52;52;52;52;52;52;52;52;52;52;52;52;52;52;52;52;52;52;52;52;52;52;52;52;52;52;52;52;52;52;52;52;52;52;52;52;52;52;52;52;52;52;52;52;52;52;52;52;52;52;52;52;52;52;52;52;52;52;52;52;52;52;52;52;52;52;52;52;52;52;52;52;52;52;52;52;52;52;52;52;52;52;
0;0;0;0;0;0;0;0;0;0;0;0;0;0;0;0;0;0;0;0;0;0;0;0;0;0;0;52;52;52;52;52;52;52;52;0;0;0;0;0;0;0;0;0;0;0;0;0;0;0;0;0;0;0;52;52;0;0;0;0;0;0;0;0;0;0;0;52;52;0;0;0;52;52;0;0;0;0;0;0;0;0;0;0;0;0;0;0;0;0;0;0;0;0;0;0;0;0;0;0;
52;52;52;52;52;52;52;52;52;52;52;52;52;52;52;52;52;52;52;52;52;52;52;52;52;52;52;52;52;284;284;284;284;52;52;52;52;52;52;52;52;52;52;52;52;52;52;52;52;52;52;52;52;52;52;52;52;52;52;52;52;52;52;52;52;52;52;52;52;52;52;52;52;52;52;52;52;52;52;52;52;52;52;52;52;52;52;52;52;52;52;52;52;52;52;52;52;52;52;52;
0;0;0;0;0;0;0;0;0;0;0;0;0;0;0;0;0;0;0;0;0;0;0;0;0;0;0;52;52;298;284;284;284;52;52;0;0;0;0;0;0;0;0;0;0;0;0;0;0;0;0;0;0;0;52;52;0;0;0;0;0;0;0;0;0;0;0;52;52;0;0;0;52;52;0;0;0;0;0;0;0;0;0;0;0;0;0;0;0;0;0;0;0;0;0;0;0;0;0;0;
52;52;52;52;52;52;52;52;52;52;52;52;52;52;52;52;52;52;52;52;52;52;52;52;52;52;52;52;52;284;284;284;284;52;52;52;52;52;52;52;52;52;52;52;52;52;52;52;52;52;52;52;52;52;52;52;52;52;52;52;52;52;52;52;52;52;52;52;52;52;52;52;52;52;52;52;52;52;52;52;52;52;52;52;52;52;52;52;52;52;52;52;52;52;52;52;52;52;52;52;
0;0;0;0;0;0;0;0;0;0;0;0;0;0;0;0;0;0;0;0;0;0;0;0;0;0;0;52;52;284;14;284;284;52;52;0;0;0;0;0;0;0;0;0;0;0;0;0;0;0;0;0;0;0;52;52;0;0;0;0;0;0;0;0;0;0;0;52;52;0;0;0;52;52;0;0;0;0;0;0;0;0;0;0;0;0;0;0;0;0;0;0;0;0;0;0;0;0;0;0;
52;52;52;52;52;52;52;52;52;52;52;52;52;52;52;52;52;52;52;52;52;52;52;52;52;52;52;52;52;0;14;284;284;52;52;52;52;52;52;52;52;52;52;52;52;52;52;52;52;52;52;52;52;52;52;52;52;52;52;52;52;52;52;52;52;52;52;52;52;52;52;52;52;52;52;52;52;52;52;52;52;52;52;52;52;52;52;52;52;52;52;52;52;52;52;52;52;52;52;52;
0;0;0;0;0;0;0;0;0;0;0;0;0;0;0;0;0;0;0;0;0;0;0;0;0;0;0;52;52;284;284;284;284;52;52;0;0;0;0;0;0;0;0;0;0;0;0;0;0;0;0;0;0;0;52;52;0;0;0;0;0;0;0;0;0;0;0;52;52;0;0;0;52;52;0;0;0;0;0;0;0;0;0;0;0;0;0;0;0;0;0;0;0;0;0;0;0;0;0;0;
52;52;52;52;52;52;52;52;52;52;52;52;52;52;52;52;52;52;52;52;52;52;52;52;52;52;52;52;52;740;740;740;740;52;52;52;52;52;52;52;52;52;52;52;52;52;52;52;52;52;52;52;52;52;52;52;52;52;52;52;52;52;52;52;52;52;52;52;52;52;52;52;52;52;52;52;52;52;52;52;52;52;52;52;52;52;52;52;52;52;52;52;52;52;52;52;52;52;52;52;
0;0;0;0;0;0;0;0;0;0;0;0;0;0;0;0;0;0;0;0;0;0;0;0;0;0;0;52;52;52;52;52;52;52;52;0;0;0;0;0;0;0;0;0;0;0;0;0;0;0;0;0;0;0;52;52;0;0;0;0;0;0;0;0;0;0;0;52;52;0;0;0;52;52;0;0;0;0;0;0;0;0;0;0;0;0;0;0;0;0;0;0;0;0;0;0;0;0;0;0;
52;52;52;52;52;52;52;52;52;52;52;52;52;52;52;52;52;52;52;52;52;52;52;52;52;52;52;52;52;52;52;52;52;52;52;52;52;52;52;52;52;52;52;52;52;52;52;52;52;52;52;52;52;52;52;52;52;52;52;52;52;52;52;52;52;52;52;52;52;52;52;52;52;52;52;52;52;52;52;52;52;52;52;52;52;52;52;52;52;52;52;52;52;52;52;52;52;52;52;52;
0;0;0;0;0;0;0;0;0;0;0;0;0;0;0;0;0;0;0;0;0;0;0;0;0;0;0;0;52;52;52;52;52;52;0;0;0;0;0;0;0;0;0;0;0;0;0;0;0;0;0;0;0;0;52;52;0;0;0;0;0;0;0;0;0;0;0;52;52;0;0;0;52;52;0;0;0;0;0;0;0;0;0;0;0;0;0;0;0;0;0;0;0;0;0;0;0;0;0;0;
52;52;52;52;52;52;52;52;52;52;52;52;52;52;52;52;52;52;52;52;52;52;52;52;52;52;52;52;52;52;52;52;52;52;52;52;52;52;52;52;52;52;52;52;52;52;52;52;52;52;52;52;52;52;52;52;52;52;52;52;52;52;52;52;52;52;52;52;52;52;52;52;52;52;52;52;52;52;52;52;52;52;52;52;52;52;52;52;52;52;52;52;52;52;52;52;52;52;52;52;
0;0;0;0;0;0;0;0;0;0;0;0;0;0;0;0;0;0;0;0;0;0;0;0;0;0;0;0;0;52;52;52;52;0;0;0;0;0;0;0;0;0;0;0;0;0;0;0;0;0;0;0;0;0;52;52;0;0;0;0;0;0;0;0;0;0;0;52;52;0;0;0;52;52;0;0;0;0;0;0;0;0;0;0;0;0;0;0;0;0;0;0;0;0;0;0;0;0;0;0;
52;52;52;52;52;52;52;52;52;52;52;52;52;52;52;52;52;52;52;52;52;52;52;52;52;52;52;52;52;52;52;52;52;52;52;52;52;52;52;52;52;52;52;52;52;52;52;52;52;52;52;52;52;52;52;52;52;52;52;52;52;52;52;52;52;52;52;52;52;52;52;52;52;52;52;52;52;52;52;52;52;52;52;52;52;52;52;52;52;52;52;52;52;52;52;52;52;52;52;52;
0;0;0;0;0;0;0;0;0;0;0;0;0;0;0;0;0;0;0;0;0;0;0;0;0;0;0;0;0;0;52;52;0;0;0;0;0;0;0;0;0;0;0;0;0;0;0;0;0;0;0;0;0;0;52;52;0;0;0;0;0;0;0;0;0;0;0;52;52;0;0;0;52;52;0;0;0;0;0;0;0;0;0;0;0;0;0;0;0;0;0;0;0;0;0;0;0;0;0;0;
52;52;52;52;52;52;52;52;52;52;52;52;52;52;52;52;52;52;52;52;52;52;52;52;52;52;52;52;52;52;52;52;52;52;52;52;52;52;52;52;52;52;52;52;52;52;52;52;52;52;52;52;52;52;52;52;52;52;52;52;52;52;52;52;52;52;52;52;52;52;52;52;52;52;52;52;52;52;52;52;52;52;52;52;52;52;52;52;52;52;52;52;52;52;52;52;52;52;52;52;
52;52;52;52;52;52;52;52;52;52;52;52;52;52;52;52;52;52;52;52;52;52;52;52;52;52;52;52;52;52;52;52;52;52;52;52;52;52;52;52;52;52;52;52;52;52;52;52;52;52;52;52;52;52;52;52;52;52;52;52;52;52;52;52;52;52;52;52;52;52;52;52;52;52;52;52;52;52;52;52;52;52;52;52;52;52;52;52;52;52;52;52;52;52;52;52;52;52;52;52;
54;54;54;54;54;54;54;54;54;54;54;54;54;54;54;54;52;52;888;888;888;888;888;52;52;52;888;888;888;888;888;888;888;888;888;52;52;52;888;888;888;888;888;52;888;888;888;888;888;888;52;888;888;888;888;888;52;52;0;0;0;0;0;0;0;0;0;0;0;0;0;0;0;0;0;0;0;0;52;0;0;0;0;0;0;0;0;0;0;0;0;0;0;0;0;0;0;0;0;0;
54;54;54;54;54;54;54;54;54;54;54;54;54;54;54;52;52;52;888;888;888;888;888;52;52;52;888;888;888;888;888;888;888;888;0;52;52;52;888;888;888;888;888;52;888;888;888;888;888;888;52;888;888;888;888;888;52;52;0;0;0;0;0;0;0;0;0;0;0;0;0;0;0;0;0;0;0;0;52;0;0;0;0;0;0;0;0;0;0;0;0;0;0;0;0;0;0;0;0;0;
54;54;54;54;54;54;54;54;54;54;54;54;54;54;52;52;52;888;888;888;888;888;888;0;0;0;888;888;888;888;888;888;888;888;888;0;0;0;888;888;888;888;888;0;0;888;888;888;888;0;0;0;0;0;0;0;0;0;0;0;0;0;0;0;0;0;0;0;0;0;0;0;0;0;0;0;0;0;0;0;0;0;0;0;0;0;0;0;0;0;0;0;0;0;0;0;0;0;0;0;
54;54;54;54;54;54;54;54;54;54;54;54;54;52;52;52;0;0;0;0;0;0;0;0;0;0;0;0;0;0;0;0;0;0;0;0;0;0;0;0;0;0;0;0;0;0;0;0;0;0;0;0;0;0;0;0;0;0;0;0;0;0;0;0;0;0;0;0;0;0;0;0;0;0;0;0;0;0;0;0;0;0;0;0;0;0;0;0;0;0;0;0;0;0;0;0;0;0;0;0;
54;54;54;54;54;54;54;54;54;54;54;54;52;52;52;0;0;0;0;0;0;0;0;0;0;0;0;0;0;0;0;0;0;0;0;0;0;0;0;0;0;0;0;0;0;0;0;0;0;0;0;0;0;0;0;0;0;0;0;0;0;0;0;0;0;0;0;0;0;0;0;0;0;0;0;0;0;0;0;0;0;0;0;0;0;0;0;0;0;0;0;0;0;0;0;0;0;0;0;0;
54;54;54;54;54;54;54;54;54;54;54;52;52;52;0;0;0;0;0;0;0;0;0;0;0;0;0;0;0;0;0;0;0;0;0;0;0;0;0;0;0;0;0;0;0;0;0;0;0;0;0;0;0;0;0;0;0;0;0;0;0;0;0;0;0;0;0;0;0;0;0;0;0;0;0;0;0;0;0;0;0;0;0;0;0;0;0;0;0;0;0;0;0;0;0;0;0;0;0;0;
54;54;54;54;54;54;54;54;54;54;52;52;52;0;0;0;0;0;0;0;0;0;0;0;0;0;0;0;0;0;0;0;0;0;0;0;0;0;0;0;0;0;0;0;0;0;0;0;0;0;0;0;0;0;0;0;0;0;0;0;0;0;0;0;0;0;0;0;0;0;0;0;0;0;0;0;0;0;0;0;0;0;0;0;0;0;0;0;0;0;0;0;0;0;0;0;0;0;0;0;
54;54;54;54;54;54;54;54;54;52;52;52;0;0;0;0;0;0;0;0;0;0;0;0;0;0;0;0;0;0;0;0;0;0;0;0;0;0;0;0;0;0;0;0;0;0;0;0;0;0;0;0;0;0;0;0;0;0;0;0;0;0;0;0;0;0;0;0;0;0;0;0;0;0;0;0;0;0;0;0;0;0;0;0;0;0;0;0;0;0;0;0;0;0;0;0;0;0;0;0;
54;54;54;54;54;54;54;54;52;52;52;0;0;0;0;0;0;0;0;0;0;0;0;0;0;0;0;0;0;0;0;0;0;0;0;0;0;0;0;0;0;0;0;0;0;0;0;0;0;0;0;0;0;0;0;0;0;0;0;0;0;0;0;0;0;0;0;0;0;0;0;0;0;0;0;0;0;0;0;0;0;0;0;0;0;0;0;0;0;0;0;0;0;0;0;0;0;0;0;0;
54;54;54;54;54;54;54;52;52;52;0;0;0;0;0;0;0;0;0;0;0;0;0;0;0;0;0;0;0;0;0;0;0;0;0;0;0;0;0;0;0;0;0;0;0;0;0;0;0;0;0;0;0;0;0;0;0;0;0;0;0;0;0;0;0;0;0;0;0;0;0;0;0;0;0;0;0;0;0;0;0;0;0;0;0;0;0;0;0;0;0;0;0;0;0;0;0;0;0;0;
54;54;54;54;54;54;52;52;52;0;0;0;0;0;0;0;0;0;0;0;0;0;0;0;0;0;0;0;0;0;0;0;0;0;0;0;0;0;0;0;0;0;0;0;0;0;0;0;0;0;0;0;0;0;0;0;0;0;0;0;0;0;0;0;0;0;0;0;0;0;0;0;0;0;0;0;0;0;0;0;0;0;0;0;0;0;0;0;0;0;0;0;0;0;0;0;0;0;0;0;
54;54;54;54;54;52;52;52;0;0;0;0;0;0;0;0;0;0;0;0;0;0;0;0;0;0;0;0;0;0;0;0;0;0;0;0;0;0;0;0;0;0;0;0;0;0;0;0;0;0;0;0;0;0;0;0;0;0;0;0;0;0;0;0;0;0;0;0;0;0;0;0;0;0;0;0;0;0;0;0;0;0;0;0;0;0;0;0;0;0;0;0;0;0;0;0;0;0;0;0;
54;54;54;54;52;52;52;0;0;0;0;0;0;0;0;0;0;0;0;0;0;0;0;0;0;0;0;0;0;0;0;0;0;0;0;0;0;0;0;0;0;0;0;0;0;0;0;0;0;0;0;0;0;0;0;0;0;0;0;0;0;0;0;0;0;0;0;0;0;0;0;0;0;0;0;0;0;0;0;0;0;0;0;0;0;0;0;0;0;0;0;0;0;0;0;0;0;0;0;0;
54;54;54;52;52;52;0;0;0;0;0;0;0;0;0;0;0;0;0;0;0;0;0;0;0;0;0;0;0;0;0;0;0;0;0;0;0;0;0;0;0;0;0;0;0;0;0;0;0;0;0;0;0;0;0;0;0;0;0;0;0;0;0;0;0;0;0;0;0;0;0;0;0;0;0;0;0;0;0;0;0;0;0;0;0;0;0;0;0;0;0;0;0;0;0;0;0;0;0;0;
54;54;52;52;52;0;0;0;0;0;0;0;0;0;0;0;0;0;0;0;0;0;0;0;0;0;0;0;0;0;0;0;0;0;0;0;0;0;0;0;0;0;0;0;0;0;0;0;0;0;0;0;0;0;0;0;0;0;0;0;0;0;0;0;0;0;0;0;0;0;0;0;0;0;0;0;0;0;0;0;0;0;0;0;0;0;0;0;0;0;0;0;0;0;0;0;0;0;0;0;
54;52;52;52;0;0;0;0;0;0;0;0;0;0;0;0;0;0;0;0;0;0;0;0;0;0;0;0;0;0;0;0;0;0;0;0;0;0;0;0;0;0;0;0;0;0;0;0;0;0;0;0;0;0;0;0;0;0;0;0;0;0;0;0;0;0;0;0;0;0;0;0;0;0;0;0;0;0;0;0;0;0;0;0;0;0;0;0;0;0;0;0;0;0;0;0;0;0;0;0;
52;52;52;0;0;0;0;0;0;0;0;0;0;0;0;0;0;0;0;0;0;0;0;0;0;0;0;0;0;0;0;0;0;0;0;0;0;0;0;0;0;0;0;0;0;0;0;0;0;0;0;0;0;0;0;0;0;0;0;0;0;0;0;0;0;0;0;0;0;0;0;0;0;0;0;0;0;0;0;0;0;0;0;0;0;0;0;0;0;0;0;0;0;0;0;0;0;0;0;0;
52;52;0;0;0;0;0;0;0;0;0;0;0;0;0;0;0;0;0;0;0;0;0;0;0;0;0;0;0;0;0;0;0;0;0;0;0;0;0;0;0;0;0;0;0;0;0;0;0;0;0;0;0;0;0;0;0;0;0;0;0;0;0;0;0;0;0;0;0;0;0;0;0;0;0;0;0;0;0;0;0;0;0;0;0;0;0;0;0;0;0;0;0;0;0;0;0;0;0;0;
14;14;14;14;14;14;14;14;14;14;14;14;14;14;14;14;14;14;14;14;14;14;14;14;14;14;14;14;14;14;14;14;14;14;14;14;14;14;14;14;14;14;14;14;14;14;14;14;14;14;14;14;14;14;14;14;14;14;14;14;14;14;14;14;14;14;14;14;14;14;14;14;14;14;14;14;14;14;14;14;14;14;14;14;14;14;14;14;14;14;14;14;14;14;14;14;14;14;14;14;
14;14;14;14;14;14;14;14;14;14;14;14;14;14;14;14;14;14;14;14;14;14;14;14;14;14;14;14;14;14;14;14;14;14;14;14;14;14;14;14;14;14;14;14;14;14;14;14;14;14;14;14;14;14;14;14;14;14;14;14;14;14;14;14;14;14;14;14;14;14;14;14;14;14;14;14;14;14;14;14;14;14;14;14;14;14;14;14;14;14;14;14;14;14;14;14;14;14;14;14;
14;14;14;14;14;14;14;14;14;14;14;14;14;14;14;14;14;14;14;14;14;14;14;14;14;14;14;14;14;14;14;14;14;14;14;14;14;14;14;14;14;14;14;14;14;14;14;14;14;14;14;14;14;14;14;14;14;14;14;14;14;14;14;14;14;14;14;14;14;14;14;14;14;14;14;14;14;14;14;14;14;14;14;14;14;14;14;14;14;14;14;14;14;14;14;14;14;14;14;14;
14;14;14;14;14;14;14;14;14;14;14;14;14;14;14;14;14;14;14;14;14;14;14;14;14;14;14;14;14;14;14;14;14;14;14;14;14;14;14;14;14;14;14;14;14;14;14;14;14;14;14;14;14;14;14;14;14;14;14;14;14;14;14;14;14;14;14;14;14;14;14;14;14;14;14;14;14;14;14;14;14;14;14;14;14;14;14;14;14;14;14;14;14;14;14;14;14;14;14;14;
14;14;14;14;14;14;14;14;14;14;14;14;14;14;14;14;14;14;14;14;14;14;14;14;14;14;14;14;14;14;14;14;14;14;14;14;14;14;14;14;14;14;14;14;14;14;14;14;14;14;14;14;14;14;14;14;14;14;14;14;14;14;14;14;14;14;14;14;14;14;14;14;14;14;14;14;14;14;14;14;14;14;14;14;14;14;14;14;14;14;14;14;14;14;14;14;14;14;14;14;
566;14;14;14;14;14;14;14;14;14;14;14;14;14;14;14;14;14;14;14;14;14;14;14;14;14;14;14;14;14;14;14;14;14;14;14;14;14;14;14;14;14;14;14;14;14;14;14;14;14;14;14;14;14;14;14;14;14;14;14;14;14;14;14;14;14;14;14;14;14;14;14;14;14;14;14;14;14;14;14;14;14;14;14;14;14;14;14;14;14;14;14;14;14;14;14;14;14;14;14;
