0;0;0;0;0;0;0;0;0;0;0;0;0;0;0;0;0;0;0;0;0;0;0;0;0;0;0;0;0;0;0;0;0;0;0;0;0;0;0;0;0;0;0;0;0;0;0;0;0;0;0;0;0;0;0;0;0;0;0;0;0;0;0;0;0;0;0;0;0;0;0;0;0;0;0;0;0;0;0;0;0;0;0;0;0;0;0;0;0;0;0;0;0;0;0;0;0;0;0;0;
0;0;0;0;0;0;0;0;0;0;0;0;0;0;0;0;0;0;0;0;0;0;0;0;0;0;0;0;0;0;0;0;0;0;0;0;0;0;0;0;0;0;0;0;0;0;0;0;0;0;0;0;0;0;0;0;0;0;0;0;0;0;0;0;0;0;0;0;0;0;0;0;0;0;0;0;0;0;0;0;0;0;0;0;0;0;0;0;0;0;0;0;0;0;0;0;0;0;0;0;
424;0;424;0;424;0;424;0;424;0;424;0;0;0;0;0;0;0;0;0;0;424;0;0;424;0;424;0;424;0;424;0;424;0;420;0;424;0;424;0;0;424;0;0;0;0;0;0;0;0;0;0;0;0;0;0;0;0;0;0;0;0;0;0;0;0;0;0;424;0;0;0;0;0;0;0;0;0;0;0;0;0;0;0;424;0;424;0;0;424;0;0;0;0;0;0;0;0;0;0;
0;0;0;0;0;0;0;0;0;0;0;0;0;0;0;0;0;0;0;0;0;0;0;0;0;0;0;0;0;0;0;0;0;0;0;0;0;0;0;0;0;0;0;0;0;0;0;0;0;0;0;0;0;0;0;0;0;0;0;0;0;0;0;0;0;0;0;0;0;0;0;0;0;0;0;0;0;0;0;0;0;0;0;0;0;0;0;0;0;0;0;0;0;0;0;0;0;0;0;0;
0;0;0;0;0;0;0;0;0;0;0;0;0;0;0;0;0;0;420;424;420;0;424;0;0;0;0;0;0;0;0;0;0;0;0;0;0;0;0;0;420;0;420;0;0;0;0;0;0;0;0;0;0;0;0;0;0;0;0;0;0;0;0;0;0;0;0;0;0;0;420;0;0;0;0;0;0;0;0;0;0;0;0;0;0;0;0;0;420;0;420;0;0;0;0;0;0;0;0;0;
0;424;0;424;0;424;0;424;0;424;0;424;0;0;424;0;0;0;0;0;0;0;0;0;0;0;0;0;0;0;0;0;0;0;0;0;0;420;0;420;0;0;0;0;420;0;424;0;420;0;0;0;0;424;420;0;424;0;420;0;0;0;0;0;0;0;0;0;0;0;0;0;420;0;0;0;0;424;420;0;424;0;420;0;0;420;0;420;0;0;0;0;420;0;424;0;0;0;0;0;
0;0;0;0;0;0;0;0;0;0;0;0;0;0;0;0;0;0;0;0;0;0;0;0;0;0;0;0;0;0;0;0;0;0;0;0;0;0;0;0;0;0;0;0;0;0;0;0;0;0;0;0;0;0;0;0;0;0;0;0;0;0;0;0;0;0;0;0;0;0;0;0;0;0;0;0;0;0;0;0;0;0;0;0;0;0;0;0;0;0;0;0;0;0;0;0;0;0;0;0;
0;0;0;0;0;0;0;0;0;0;0;0;420;0;0;0;0;420;0;0;0;0;0;420;0;420;0;420;0;420;0;424;0;424;0;0;0;0;0;0;0;0;0;0;0;0;0;0;0;0;0;0;420;0;0;0;0;0;0;0;0;0;0;420;0;0;0;0;0;0;0;0;0;0;0;0;420;0;0;0;0;0;0;424;420;0;420;0;420;0;0;0;0;0;0;0;0;0;0;0;
0;0;420;0;420;0;0;0;420;0;420;0;0;420;0;0;420;0;0;0;0;0;0;0;0;0;0;0;0;0;0;0;0;0;0;0;0;0;420;0;420;0;0;0;420;0;420;0;0;0;0;420;0;0;0;0;0;0;0;0;420;0;0;0;420;0;0;0;420;0;0;0;0;0;0;420;0;0;0;0;0;0;0;0;0;0;0;0;0;0;0;0;420;0;420;0;420;420;420;0;
0;424;0;424;0;424;0;424;0;424;0;424;0;0;424;0;424;0;0;0;424;0;424;0;0;0;0;0;0;0;0;0;0;0;0;0;0;424;0;424;0;424;0;0;0;0;0;0;420;0;420;0;420;424;0;0;424;0;0;0;0;424;0;424;0;420;424;0;0;0;420;424;0;0;424;0;424;0;0;0;0;0;424;0;0;424;0;424;0;424;0;0;0;0;0;0;0;424;424;0;
0;0;0;0;0;0;0;0;0;0;0;0;0;0;0;0;0;0;0;0;0;0;0;0;0;0;0;0;0;0;0;0;0;0;0;0;0;0;0;0;0;0;0;0;0;0;0;0;0;0;0;0;0;0;0;0;0;0;0;0;0;0;0;0;0;0;0;0;0;0;0;0;0;0;0;0;0;0;0;0;0;0;0;0;0;0;0;0;0;0;0;0;0;0;0;0;0;0;0;0;
0;0;0;0;0;0;0;0;0;0;0;0;0;424;0;424;0;424;0;424;0;424;0;424;0;0;0;0;0;0;0;0;0;0;0;0;0;0;0;0;0;0;0;420;0;420;0;420;0;0;0;0;0;0;420;0;0;0;0;0;420;0;0;0;0;0;0;0;0;0;0;0;0;0;0;0;0;0;0;0;420;0;0;0;0;0;0;0;0;0;0;420;0;420;0;420;0;0;0;0;
420;0;0;0;0;0;420;0;0;0;0;0;0;0;0;0;0;0;0;0;0;0;0;0;0;0;420;0;420;0;0;0;420;0;420;0;420;0;0;0;0;0;424;0;0;0;0;0;0;420;0;420;0;0;0;424;0;0;0;424;0;0;424;0;424;0;0;424;0;420;0;0;0;420;0;420;0;0;0;424;0;424;0;0;0;0;0;0;0;0;424;0;0;0;0;0;420;0;0;420;
0;0;0;0;0;0;0;0;0;0;0;0;424;0;0;0;0;0;424;0;0;0;0;0;0;424;0;424;0;424;0;0;0;0;0;0;0;0;0;0;0;0;0;0;0;0;0;0;0;0;0;0;0;0;0;0;0;0;424;0;0;0;0;0;0;0;0;0;0;0;0;0;424;0;0;0;0;424;0;0;0;0;0;0;0;0;0;0;0;0;0;0;0;0;0;0;0;0;0;0;
0;0;0;0;0;0;0;0;0;0;0;0;0;0;0;0;0;0;0;0;0;0;0;0;0;0;0;0;0;0;0;420;0;0;0;0;0;0;0;0;0;0;0;0;0;0;0;0;0;0;0;0;0;0;0;0;0;0;0;0;0;0;0;0;0;0;0;0;0;0;0;0;0;0;0;0;0;0;0;0;0;0;0;0;0;420;0;0;0;0;0;0;0;0;0;0;0;0;0;0;
0;0;0;0;0;0;0;0;0;0;0;420;0;0;0;0;0;0;0;0;0;0;0;0;0;0;420;0;0;0;0;0;420;0;0;0;0;0;0;0;0;0;0;0;0;0;0;420;0;0;0;0;0;0;0;0;0;0;0;420;0;0;0;0;0;0;0;420;0;0;0;0;0;0;0;0;0;0;0;0;0;0;0;0;0;0;420;0;0;0;0;0;0;0;0;0;0;0;0;0;
0;0;0;0;0;0;0;0;0;0;0;0;0;0;0;0;0;0;0;0;0;0;0;0;0;0;0;0;0;0;0;0;0;0;0;0;0;0;0;0;0;0;0;0;0;0;0;0;0;0;0;0;0;0;0;0;0;0;0;0;0;0;0;0;0;0;0;0;0;0;0;420;0;424;0;0;0;0;0;0;0;0;0;420;0;0;0;0;0;0;0;0;0;0;0;0;0;0;0;0;
0;0;0;0;0;0;0;0;0;0;0;0;0;0;0;0;0;0;0;0;0;0;0;0;0;0;0;0;0;0;0;0;0;0;0;0;0;0;0;0;0;0;0;0;0;0;0;0;0;0;0;0;0;422;0;0;0;0;0;0;0;0;0;0;0;422;0;0;422;0;0;0;0;0;0;0;0;0;0;0;422;0;0;0;0;0;0;0;0;0;0;0;0;0;0;0;0;0;0;0;
0;0;420;0;0;0;0;0;0;0;0;0;0;0;0;0;0;0;0;0;0;0;0;0;0;0;0;0;0;0;0;0;0;0;0;420;0;0;0;420;420;0;420;420;0;0;0;0;0;0;0;0;420;0;0;420;0;0;0;0;0;0;0;0;420;0;420;0;0;0;0;0;0;0;420;0;0;0;0;420;0;0;0;0;0;0;0;420;420;0;420;420;0;0;0;0;0;0;0;0;
0;0;0;0;0;0;0;0;420;0;0;0;0;0;0;0;0;0;0;0;0;0;0;420;0;0;0;420;420;0;420;420;0;0;0;0;0;0;420;424;424;0;424;424;0;0;0;0;0;0;0;420;0;0;420;0;420;0;0;0;0;0;0;420;0;0;0;0;0;0;0;0;0;0;0;420;420;420;420;420;0;0;0;0;0;0;0;0;0;0;0;0;0;0;0;0;0;0;0;0;
0;0;0;0;0;0;0;0;0;0;0;0;0;0;0;0;0;0;0;0;0;0;0;0;0;0;0;0;0;0;0;0;0;0;0;0;0;0;0;0;0;0;0;0;0;0;0;0;0;0;0;0;0;0;0;0;0;0;0;0;0;0;0;0;0;0;0;0;0;0;0;0;0;0;0;0;0;0;0;0;0;0;0;0;0;0;0;422;422;0;422;422;0;0;0;0;0;0;0;0;
0;0;0;0;0;0;0;0;0;0;0;0;0;0;0;0;0;0;0;0;0;0;0;0;0;0;0;0;0;0;0;0;0;420;420;0;420;420;0;0;0;0;0;0;0;0;0;0;0;0;0;0;0;0;0;0;0;0;0;0;0;0;0;0;0;0;0;0;0;0;0;0;0;0;0;0;0;0;0;0;0;420;420;0;420;420;0;0;0;0;0;0;0;0;0;0;0;0;0;0;
420;420;0;420;420;0;420;420;0;0;0;0;0;0;420;0;0;0;0;0;420;0;0;0;0;0;0;420;420;0;420;420;0;0;0;0;0;0;420;0;0;420;0;0;420;420;420;0;420;420;0;420;420;0;420;420;0;0;0;0;0;0;0;0;0;0;0;0;0;0;0;0;0;0;0;420;420;0;420;420;0;0;0;0;0;0;420;0;0;420;0;0;0;0;0;0;0;0;0;0;
424;424;0;0;0;0;0;0;0;424;424;0;424;424;0;0;0;0;0;0;0;0;0;0;0;0;424;0;0;424;0;0;0;420;420;0;420;420;0;0;0;0;0;0;0;424;424;0;424;424;0;0;0;0;0;0;0;0;0;0;424;0;0;0;0;0;0;0;0;0;0;0;0;0;0;0;0;0;0;0;0;420;420;0;420;420;0;0;0;0;0;0;0;0;0;0;0;0;0;0;
0;0;0;0;0;0;0;0;0;0;0;0;0;0;0;0;0;0;0;0;0;0;0;0;0;0;0;0;0;0;0;0;0;0;0;0;0;0;0;0;0;0;0;0;0;0;0;0;0;0;0;0;0;0;0;0;0;0;0;0;0;0;0;0;0;0;0;0;0;0;0;0;0;0;0;0;0;0;0;0;0;0;0;0;0;0;0;0;0;0;0;0;0;0;0;0;0;0;0;0;
0;0;0;420;420;0;420;420;0;0;0;0;0;0;0;420;420;0;420;420;0;0;0;0;0;0;0;0;0;0;0;0;420;0;0;420;0;0;0;0;0;0;0;0;0;0;0;0;0;0;0;420;420;0;420;420;0;0;0;0;0;0;0;420;420;0;420;420;0;0;0;0;0;0;0;0;0;0;0;0;420;0;0;420;0;0;0;0;0;0;0;0;0;0;0;0;0;0;0;0;
0;0;424;0;0;424;0;0;0;420;420;0;420;420;0;424;424;0;424;424;0;420;420;0;420;420;0;0;0;0;0;0;0;0;0;0;0;0;0;0;0;0;0;0;420;0;0;420;0;0;424;0;0;424;0;0;0;420;420;0;420;420;0;0;0;0;0;0;0;420;420;0;420;0;0;0;0;0;0;0;0;0;0;0;0;0;0;0;0;0;0;0;0;0;0;0;0;0;0;0;
0;0;0;0;0;0;0;0;424;0;0;424;0;0;0;0;0;0;0;0;0;424;424;0;424;424;0;0;0;0;0;0;0;0;0;0;0;0;0;0;0;0;0;0;0;0;0;0;0;0;0;0;0;0;0;0;424;0;0;424;0;0;0;422;422;0;422;422;0;424;424;0;424;424;0;0;0;0;0;0;0;0;0;0;0;0;0;0;0;0;0;0;0;0;0;0;0;0;0;0;
0;0;0;0;0;0;0;0;0;0;0;0;0;0;0;0;0;0;0;0;0;0;0;0;682;682;682;682;682;682;682;682;0;0;0;0;0;0;0;0;0;0;0;0;0;0;0;0;0;0;0;0;0;0;0;0;0;0;0;0;0;0;0;0;0;0;0;0;0;0;0;0;0;0;0;0;0;0;0;0;0;0;0;0;0;0;0;0;0;0;0;0;0;0;0;0;0;0;0;0;
0;0;0;0;0;0;0;0;0;0;0;0;0;0;0;0;0;0;682;682;682;682;682;682;682;682;682;682;682;682;682;682;0;682;682;682;0;0;0;0;0;0;0;0;0;0;0;0;0;0;0;0;0;0;0;0;0;0;0;0;0;0;0;0;0;0;0;0;0;0;0;0;0;0;0;0;0;0;0;0;0;0;0;0;0;0;0;0;0;0;0;0;0;0;0;0;0;0;0;0;
0;0;0;0;0;0;0;0;0;0;0;0;0;0;0;0;682;682;682;682;682;682;682;682;682;682;682;682;682;682;682;682;0;0;0;0;0;0;0;0;0;0;0;0;0;0;0;0;0;0;0;0;0;0;0;0;0;0;0;0;0;0;0;0;0;0;0;0;0;0;0;0;0;0;0;0;0;0;0;0;0;0;0;0;0;0;0;0;0;0;0;0;0;0;0;0;0;0;0;0;
0;0;0;0;0;0;0;0;0;0;0;0;0;0;682;682;682;682;682;682;682;682;682;682;682;682;682;682;682;682;682;682;0;0;0;0;0;0;0;0;0;682;682;682;682;682;682;0;0;0;0;0;0;0;0;0;0;0;0;0;0;0;0;0;0;0;0;0;0;0;0;0;0;0;0;0;0;0;0;0;0;0;0;0;0;0;0;0;0;0;0;0;0;0;0;0;0;0;0;0;
0;0;0;0;0;0;0;0;0;0;0;0;0;0;0;682;682;682;682;682;682;682;682;682;682;682;682;682;682;682;682;682;0;0;0;0;0;0;0;0;682;682;682;682;682;682;682;682;682;0;0;0;0;0;0;0;0;0;0;0;0;0;0;0;0;0;0;0;0;0;0;0;0;0;0;0;0;0;0;0;0;0;0;0;0;0;0;0;0;0;0;0;0;0;0;0;0;0;0;0;
0;0;0;0;0;3556;3556;3556;0;0;0;3556;0;0;0;0;682;682;682;682;682;682;682;682;682;682;682;682;682;682;682;682;0;0;0;0;0;0;0;682;682;682;682;682;682;682;682;682;682;0;0;0;0;0;0;0;0;0;0;0;0;0;0;0;0;0;0;0;0;0;0;0;0;0;0;0;0;0;0;0;0;0;0;0;0;0;0;0;0;0;0;0;0;0;0;0;0;0;0;0;
0;0;0;0;3556;3556;3556;3556;0;0;0;3556;3556;0;0;0;682;682;682;682;682;682;682;682;682;682;682;682;682;682;682;682;0;0;0;0;0;0;682;682;682;682;682;682;682;682;682;682;682;0;0;0;0;0;0;0;0;0;0;0;0;0;0;0;0;0;0;0;0;0;0;0;0;0;0;0;0;0;0;0;0;0;0;0;0;0;0;0;0;0;0;0;0;0;0;0;0;0;0;0;
0;0;3556;3556;3556;3556;3556;0;0;0;3556;3556;3556;0;0;0;0;0;0;0;0;0;0;0;0;0;0;0;0;0;0;0;0;0;0;0;0;0;0;0;0;0;0;0;0;0;0;0;0;0;0;0;0;0;0;0;0;0;0;0;0;0;0;0;0;0;0;0;0;0;0;0;0;0;0;0;0;0;0;0;0;0;0;0;0;0;0;0;0;0;0;0;0;0;0;0;0;0;0;0;
3556;3556;3556;3556;3556;3556;3556;0;0;3556;3556;3556;3556;3556;0;0;0;0;0;0;0;0;0;0;0;3556;3556;3556;3556;3556;3556;3556;3556;3556;3556;3556;3556;3556;3556;3556;3556;3556;3556;3556;3556;3556;3556;3556;3556;3556;3556;3556;3556;3556;3556;3556;3556;3556;0;0;0;0;0;0;0;0;0;0;0;0;0;0;0;0;0;0;0;0;0;0;0;0;0;0;0;0;0;0;0;0;0;0;0;0;0;0;0;0;0;0;
3556;3556;3556;3556;3556;3556;3556;3556;3556;3556;3556;3556;3556;3556;0;0;0;0;0;3556;3556;3556;3556;3556;3556;3556;3556;0;0;0;0;0;0;0;0;0;0;0;0;0;0;0;0;0;0;0;0;0;0;0;0;0;0;0;0;0;3556;3556;3556;3556;3556;3556;3556;3556;3556;3556;3556;0;0;0;0;0;0;0;0;0;0;0;0;0;0;0;0;0;0;0;0;0;0;0;0;0;0;0;0;0;0;0;0;0;
3556;3556;3556;3556;3556;3556;3556;3556;3556;3556;3556;3556;3556;3556;0;0;0;0;3556;3556;3556;0;0;0;0;0;0;0;0;0;0;0;0;0;0;0;0;0;0;0;0;0;0;0;0;0;0;0;0;0;0;0;0;0;0;0;0;0;0;0;0;0;0;0;0;3556;3556;3556;3556;0;0;0;0;3556;3556;3556;3556;3556;3556;3556;0;0;0;0;0;0;0;0;0;0;0;0;0;0;0;0;0;0;0;0;
3556;3556;3556;3556;3556;3556;0;0;850;3556;3556;850;850;850;850;0;0;3556;3556;3556;0;0;1156;1156;1156;1156;1156;1156;0;0;0;0;0;0;0;0;0;0;0;0;0;0;0;0;0;0;0;0;0;0;0;0;0;0;0;0;0;0;0;0;0;0;0;0;0;0;0;3556;3556;3556;3556;3556;3556;3556;3556;0;0;0;3556;3556;3556;0;0;0;0;0;0;0;0;0;0;0;0;0;0;0;0;0;0;0;
3556;3556;3556;3556;3556;0;0;0;850;850;850;850;850;850;850;0;0;0;0;0;0;1156;118;52;52;52;52;118;1156;0;0;0;0;0;0;0;0;0;0;0;0;0;0;0;0;0;0;0;0;0;0;0;0;0;0;0;1156;1156;1156;1156;1156;1156;1156;0;0;0;0;0;0;3556;3556;3556;3556;0;1102;0;1102;0;0;0;3556;3556;3556;0;0;0;0;0;0;0;0;0;0;0;0;0;0;0;0;0;
3556;3556;3556;3556;0;0;0;0;850;850;850;850;850;850;850;0;0;0;0;0;0;0;118;58;1480;58;58;118;0;0;0;0;0;0;0;0;0;0;0;0;0;0;0;52;52;52;52;52;52;52;52;52;52;0;0;1156;0;0;0;0;0;0;0;1156;0;0;0;0;0;1102;0;0;1102;0;1102;0;1102;0;0;1102;0;3556;3556;3556;0;0;0;0;0;0;0;0;0;0;0;0;0;0;0;0;
3556;3556;3556;3556;0;0;0;0;850;850;850;850;850;850;850;0;0;0;0;0;0;0;118;52;1156;1156;1156;1156;1156;1156;0;0;0;1156;1156;1156;1156;1156;1156;1156;1156;1156;0;560;1156;1156;1156;1156;1156;1156;1156;1156;560;0;1156;0;0;0;0;0;0;0;0;0;1156;0;0;0;0;1102;0;0;1102;0;1102;0;1102;0;0;1102;0;0;3556;3556;0;52;52;52;52;52;52;0;52;52;52;52;52;52;0;0;
3556;3556;3556;3556;0;0;0;0;850;850;850;850;850;850;850;850;0;0;0;0;0;0;118;1156;118;52;52;52;52;118;1156;0;0;1156;0;0;0;0;0;0;0;1156;0;118;52;1480;58;58;1480;52;52;52;118;0;888;118;52;52;52;118;52;52;52;118;888;0;52;0;0;1102;0;0;1102;0;1102;0;1102;0;0;1102;0;0;0;0;52;52;52;52;52;52;52;52;52;52;52;52;52;52;52;0;
3556;3556;0;3556;0;0;0;0;850;850;850;850;850;850;850;850;0;0;0;0;0;0;118;52;118;1480;52;52;52;118;0;0;0;1156;118;118;58;118;58;118;58;1156;0;118;52;1480;58;58;1480;52;52;52;118;0;0;118;1480;52;1480;118;1480;52;1480;118;0;0;0;0;0;1102;0;0;1102;0;1102;0;1102;0;0;1102;0;0;0;0;52;52;52;1480;1480;52;52;0;52;52;1480;1480;52;52;52;0;
0;0;0;0;0;0;0;850;850;850;850;850;850;850;850;850;0;0;0;1156;0;0;118;52;118;52;52;52;52;118;0;0;0;1156;118;0;118;118;118;118;118;1156;0;118;52;52;52;52;52;52;52;52;118;0;0;118;52;52;52;118;52;52;52;118;0;1156;1156;1156;0;1102;0;0;1102;0;1102;0;1102;0;0;1102;0;0;0;52;52;52;52;52;52;52;52;52;52;52;52;52;52;52;52;0;
0;0;0;0;0;0;0;850;850;850;850;850;850;850;850;850;0;0;0;1156;1156;0;0;0;0;0;0;0;0;0;0;0;0;0;0;0;0;0;0;0;378;0;378;378;378;378;378;0;0;0;612;0;0;0;0;888;0;0;0;0;0;0;0;0;1322;1156;1156;1156;0;0;0;0;0;0;1322;0;1322;0;0;1322;0;0;0;0;0;0;0;0;0;0;0;0;0;0;0;0;0;0;0;0;
0;0;0;0;0;0;0;850;0;850;850;850;850;850;850;0;0;0;0;0;0;0;0;0;118;0;0;0;0;0;0;0;0;0;0;0;0;0;0;0;0;378;378;378;378;378;378;378;0;0;0;888;0;0;0;0;0;0;0;0;0;0;0;0;0;0;0;0;0;0;0;0;52;0;0;0;0;0;0;0;0;0;0;0;284;284;284;284;52;52;52;52;52;52;52;52;52;52;52;0;
0;0;0;0;0;0;0;850;850;850;850;850;850;850;850;850;850;0;0;0;0;0;0;0;0;0;0;0;0;0;0;0;436;436;436;436;0;0;0;0;0;0;0;0;0;436;0;0;0;0;0;0;0;0;0;0;436;436;436;436;436;436;436;436;436;436;436;436;0;0;0;0;0;0;0;0;0;0;0;0;436;436;436;0;284;284;284;284;1480;1480;52;52;52;52;52;52;52;52;52;0;
850;3556;3556;3556;3556;3556;850;850;850;850;850;850;850;850;850;850;850;0;0;0;0;436;436;436;436;436;436;0;0;436;436;436;436;436;436;436;436;436;436;0;0;0;436;436;436;436;436;436;436;436;436;0;0;0;0;436;436;436;436;436;436;436;436;436;436;436;436;436;436;436;436;436;436;436;436;436;436;436;436;436;436;436;436;0;284;284;284;52;52;52;52;52;52;52;52;52;52;52;52;0;
3556;3556;3556;3556;3556;3556;3556;850;850;850;850;850;850;850;850;850;850;850;436;436;436;436;436;436;436;436;436;436;436;436;436;436;436;436;436;436;436;436;436;436;436;436;436;436;436;436;436;436;436;436;436;436;436;436;436;436;436;436;436;436;436;436;436;436;436;436;436;436;436;436;436;436;436;436;436;436;436;436;436;436;436;436;436;436;52;52;52;0;0;52;52;52;52;0;0;0;0;0;0;0;
850;850;850;850;850;850;850;850;850;850;850;850;850;850;850;3556;850;850;436;436;436;436;436;436;436;436;436;436;436;436;436;436;436;436;436;436;436;436;436;436;436;436;436;436;436;436;436;436;436;436;436;436;436;436;436;436;436;436;436;436;436;436;436;436;436;436;436;436;436;436;436;436;436;436;436;436;436;436;436;436;436;436;436;436;436;0;52;52;52;52;52;52;52;52;52;52;52;52;52;0;
850;850;850;850;850;850;850;850;850;850;850;850;850;850;850;850;850;850;436;436;436;436;436;436;436;436;436;436;436;436;436;436;436;436;436;436;436;436;436;436;436;436;436;436;436;436;436;436;436;436;436;436;436;436;436;436;436;436;436;436;436;436;436;436;436;436;436;436;436;436;436;436;436;436;436;436;436;436;436;436;436;436;436;436;436;436;52;52;52;52;52;52;52;52;52;52;52;52;52;0;
0;0;0;0;0;0;0;0;0;0;0;0;0;0;0;0;0;0;436;436;436;436;436;436;436;436;436;436;436;436;0;0;0;0;0;0;0;0;0;0;0;0;0;0;0;0;0;0;0;0;0;0;0;0;0;0;0;0;0;0;0;0;0;0;0;0;0;0;0;0;0;0;0;0;0;0;0;0;0;0;0;0;0;0;0;0;0;0;0;0;0;0;0;0;0;0;0;0;0;0;
14;14;14;14;14;14;14;14;14;14;14;14;14;14;14;14;14;14;14;14;14;14;14;14;14;14;14;14;14;14;14;14;14;14;14;14;14;14;14;14;14;14;14;14;14;14;14;14;14;14;14;14;14;14;14;14;14;14;14;14;14;14;14;14;14;14;14;14;14;14;14;14;14;14;14;14;14;14;14;14;14;14;14;14;14;14;14;14;14;14;14;14;14;14;14;14;14;14;14;14;
14;14;14;14;14;14;14;14;14;14;14;14;14;14;14;14;14;14;14;14;14;14;14;14;14;14;14;14;14;14;14;14;14;14;14;14;14;14;14;14;14;14;14;14;14;14;14;14;14;14;14;14;14;14;14;14;14;14;14;14;14;14;14;14;14;14;14;14;14;14;14;14;14;14;14;14;14;14;14;14;14;14;14;14;14;14;14;14;14;14;14;14;14;14;14;14;14;14;14;14;
14;14;14;14;14;14;14;14;14;14;14;14;14;14;14;14;14;14;14;14;14;14;14;14;14;14;14;14;14;14;14;14;14;14;14;14;14;14;14;14;14;14;14;14;14;14;14;14;14;14;14;14;14;14;14;14;14;14;14;14;14;14;14;14;14;14;14;14;14;14;14;14;14;14;14;14;14;14;14;14;14;14;14;14;14;14;14;14;14;14;14;14;14;14;14;14;14;14;14;14;
14;14;14;14;14;14;14;14;14;14;14;14;14;14;14;14;14;14;14;14;14;14;14;14;14;14;14;14;14;14;14;14;14;14;14;14;14;14;14;14;14;14;14;14;14;14;14;14;14;14;14;14;14;14;14;14;14;14;14;14;14;14;14;14;14;14;14;14;14;14;14;14;14;14;14;14;14;14;14;14;14;14;14;14;14;14;14;14;14;14;14;14;14;14;14;14;14;14;14;14;
14;14;14;14;14;14;14;14;14;14;14;14;14;14;14;14;14;14;14;14;14;14;14;14;14;14;14;14;14;14;14;14;14;14;14;14;14;14;14;14;14;14;14;14;14;14;14;14;14;14;14;14;14;14;14;14;14;14;14;14;14;14;14;14;14;14;14;14;14;14;14;14;14;14;14;14;14;14;14;14;14;14;14;14;14;14;14;14;14;14;14;14;14;14;14;14;14;14;14;14;
14;14;14;14;14;14;14;14;14;14;14;14;14;14;14;14;14;14;14;14;14;14;14;14;14;14;14;14;14;14;14;14;14;14;14;14;14;14;14;14;14;14;14;14;14;14;14;14;14;14;14;14;14;14;14;14;14;14;14;14;14;14;14;14;14;14;14;14;14;14;14;14;14;14;14;14;14;14;14;14;14;14;14;14;14;14;14;14;14;14;14;14;14;14;14;14;14;14;14;14;
