0;0;0;0;0;0;0;0;0;0;0;0;0;0;0;0;0;0;0;0;0;0;0;0;0;0;0;0;0;0;0;0;0;0;0;0;0;0;0;0;0;0;0;0;0;0;0;0;0;0;0;0;0;0;0;0;0;0;0;0;0;0;0;0;0;0;0;0;0;0;0;0;0;0;0;0;0;0;0;0;0;0;0;0;0;0;0;0;0;0;0;0;0;0;0;0;0;0;0;0;
0;0;0;0;0;0;0;0;0;0;0;0;0;0;0;0;0;0;0;0;0;0;0;0;0;0;0;0;0;0;0;0;0;0;0;0;0;0;0;0;0;0;0;0;0;0;0;0;0;0;0;0;0;0;0;0;0;0;0;0;0;0;0;0;0;0;0;0;0;0;0;0;0;0;0;0;0;0;0;0;0;0;0;0;0;0;0;0;0;0;0;0;0;0;0;0;0;0;0;0;
0;0;0;0;0;0;0;0;0;0;0;0;0;0;0;0;0;0;0;0;0;0;0;0;0;0;0;0;0;0;0;0;0;0;0;0;0;0;0;0;0;0;0;0;0;0;0;0;0;0;0;0;0;0;0;0;0;0;0;0;0;0;0;0;0;0;0;0;0;0;0;0;0;0;0;0;0;0;0;0;0;0;0;0;0;0;0;0;0;0;0;0;0;0;0;0;0;0;0;0;
0;0;0;0;0;0;0;0;0;0;0;0;0;0;0;0;0;0;0;0;0;0;0;0;0;0;0;0;0;0;0;0;0;0;0;0;0;0;0;0;0;0;0;0;0;0;0;0;0;0;0;0;0;0;0;0;0;0;0;0;0;0;0;0;0;0;0;0;0;0;0;0;0;0;0;0;0;0;0;0;0;0;0;0;0;0;0;0;0;0;0;0;0;0;0;0;0;0;0;0;
0;0;0;0;0;0;0;0;0;0;0;0;0;0;0;0;0;0;0;0;0;0;0;0;0;0;0;0;0;0;0;0;0;0;0;0;0;0;0;0;0;0;0;0;0;0;0;0;0;0;0;0;0;0;0;0;0;0;0;0;0;0;0;0;0;0;0;0;0;0;0;0;0;0;0;0;0;0;0;0;0;0;0;0;0;0;0;0;0;0;0;0;0;0;0;0;0;0;0;0;
0;0;0;0;0;0;0;0;0;0;0;0;0;0;0;0;0;0;0;0;0;0;0;0;0;0;0;0;0;0;0;0;0;0;0;0;0;0;0;0;0;0;0;0;0;0;0;0;0;0;0;0;0;0;0;0;0;0;0;0;0;0;0;0;0;0;0;0;0;0;0;0;0;0;0;0;0;0;0;0;0;0;0;0;0;0;0;0;0;0;0;0;0;0;0;0;0;0;0;0;
0;0;0;0;0;0;0;0;0;0;0;0;0;0;0;0;0;0;0;0;0;0;0;0;0;0;0;0;0;0;0;0;0;0;0;0;0;0;0;0;0;0;0;0;0;0;0;0;0;0;0;0;0;0;0;0;0;0;0;0;0;0;0;0;0;0;0;0;0;0;0;0;0;0;0;0;0;0;0;0;0;0;0;0;0;0;0;0;0;0;0;0;0;0;0;0;0;0;0;0;
0;0;0;0;0;0;0;0;0;0;0;0;0;0;0;0;0;0;0;0;0;0;0;0;0;0;0;0;0;0;0;0;0;0;0;0;0;0;0;0;0;0;0;0;0;0;0;0;0;0;0;0;0;0;0;0;0;0;0;0;0;0;0;0;0;0;0;0;0;0;0;0;0;0;0;0;0;0;0;0;0;0;0;0;0;0;0;0;0;0;0;0;0;0;0;0;0;0;0;0;
0;0;0;0;0;0;0;0;0;0;0;0;0;0;0;0;0;0;0;0;0;0;0;0;0;0;0;0;0;0;0;0;0;0;0;0;0;0;0;0;0;0;0;0;0;0;0;0;0;0;0;0;0;0;0;0;0;0;0;0;0;0;0;0;0;0;0;0;0;0;0;0;0;0;0;0;0;0;0;0;0;0;0;0;0;0;0;0;0;0;0;0;0;0;0;0;0;0;0;0;
0;0;0;0;0;0;0;0;0;0;0;0;0;0;0;0;0;0;0;0;0;0;0;0;0;0;0;0;0;0;0;0;0;0;0;0;0;0;0;0;0;0;0;0;0;0;0;0;0;0;0;0;0;0;0;0;0;0;0;0;0;0;0;0;0;0;0;0;0;0;0;0;0;0;0;0;0;0;0;0;0;0;0;0;0;0;0;0;0;0;0;0;0;0;0;0;0;0;0;0;
0;0;0;0;0;0;0;0;0;0;0;0;0;0;0;0;0;0;0;0;0;0;0;0;0;0;0;0;0;0;0;0;0;0;0;0;0;0;0;0;0;0;0;0;0;0;0;0;0;0;0;0;0;0;0;0;0;0;0;0;0;0;0;0;0;0;0;0;0;0;0;0;0;0;0;0;0;0;0;0;0;0;0;0;0;0;0;0;0;0;0;0;0;0;0;0;0;0;0;0;
0;0;0;0;0;0;0;0;0;0;0;0;0;0;0;0;0;0;0;0;0;0;0;0;0;0;0;0;0;0;0;0;0;0;0;0;0;0;0;0;0;0;0;0;0;0;0;0;0;0;0;0;0;0;0;0;0;0;0;0;0;0;0;0;0;0;0;0;0;0;0;0;0;0;0;0;0;0;0;0;0;0;0;0;0;0;0;0;0;0;0;0;0;0;0;0;0;0;0;0;
0;0;0;0;0;0;0;0;0;0;0;0;0;0;0;0;0;0;0;0;0;0;0;0;0;0;0;0;0;0;0;0;0;0;0;0;0;0;0;0;0;0;0;0;0;0;0;0;0;0;0;0;0;0;0;0;0;0;0;0;0;0;0;0;0;0;0;0;0;0;0;0;0;0;0;0;0;0;0;0;0;0;0;0;0;0;0;0;0;0;0;0;0;0;0;0;0;0;0;0;
0;0;0;0;0;0;0;0;0;0;0;0;0;0;0;0;0;0;0;0;0;0;0;0;0;0;0;0;0;0;0;0;0;0;0;0;0;0;0;0;0;0;0;0;0;0;0;0;0;0;0;0;0;0;0;0;0;0;0;0;0;0;0;0;0;0;0;0;0;0;0;0;0;0;0;0;0;0;0;0;0;0;0;0;0;0;0;0;0;0;0;0;0;0;0;0;0;0;0;0;
0;0;0;0;0;0;0;0;0;0;0;0;0;0;0;0;0;0;0;0;0;0;0;0;0;0;0;0;0;0;0;0;0;0;0;0;0;0;0;0;0;0;0;0;0;0;0;0;0;0;0;0;0;0;0;0;0;0;0;0;0;0;0;0;0;0;0;0;0;0;0;0;0;0;0;0;0;0;0;0;0;0;0;0;0;0;0;0;0;0;0;0;0;0;0;0;0;0;0;0;
0;0;0;0;0;0;0;0;0;0;0;0;118;118;118;0;0;0;0;0;0;0;0;0;0;0;0;0;0;0;0;0;0;0;0;0;0;0;0;0;0;0;0;0;0;0;0;0;0;0;0;0;0;0;0;0;0;0;0;0;0;0;0;0;0;0;0;0;0;0;0;0;0;0;0;0;0;0;0;0;0;0;0;0;0;0;0;0;0;0;0;0;0;0;0;0;0;0;0;0;
0;0;0;0;0;0;0;0;0;0;0;0;118;118;118;0;0;0;0;0;0;0;0;0;0;0;0;0;0;0;0;0;0;0;0;0;0;0;0;0;0;0;0;0;0;0;0;0;0;0;0;0;0;0;0;0;0;0;0;0;0;0;0;0;0;0;0;0;0;0;0;0;0;0;0;0;0;0;0;0;0;0;0;0;0;0;0;0;0;0;0;0;0;0;0;0;0;0;0;0;
0;0;0;0;0;0;0;0;0;0;0;0;118;118;118;0;0;0;0;0;0;0;0;0;0;0;0;0;0;0;0;0;0;0;0;0;0;0;0;0;0;0;0;0;0;0;0;0;0;0;0;0;0;0;0;0;0;0;0;0;0;0;0;0;0;0;0;0;0;0;0;0;0;0;0;0;0;0;0;0;0;0;0;0;0;0;0;0;0;0;0;0;0;0;0;0;0;0;0;0;
0;0;0;0;0;0;0;0;0;0;0;0;118;118;118;0;0;0;0;0;0;0;0;0;0;0;0;0;0;0;0;0;0;0;0;0;0;0;0;0;0;0;0;0;0;0;0;0;0;0;0;0;0;0;0;0;0;0;0;0;0;0;0;0;0;0;0;0;0;0;0;0;0;0;0;0;0;0;0;0;0;0;0;0;0;0;0;0;0;0;0;0;0;0;0;0;0;0;0;0;
0;0;0;0;0;0;0;0;0;0;0;0;0;0;0;0;0;0;0;0;0;0;0;0;0;0;0;0;0;0;0;0;0;0;0;0;0;0;0;0;0;0;118;0;0;0;0;0;0;0;0;0;0;0;0;0;0;0;0;0;0;0;0;0;0;0;0;0;0;0;118;118;118;0;0;0;0;0;0;0;0;0;0;0;0;0;0;0;0;0;0;0;0;0;0;0;0;0;0;0;
0;0;0;0;0;0;118;118;118;118;118;118;118;118;118;118;118;118;118;118;118;118;118;118;118;118;118;118;118;118;118;118;118;118;118;118;118;118;118;118;118;118;118;118;118;118;118;118;118;118;118;118;118;118;118;118;118;118;118;118;118;118;118;118;118;118;118;118;118;118;118;118;118;118;118;118;118;118;118;118;118;118;118;0;0;0;0;0;0;0;0;0;0;0;0;0;0;0;0;0;
0;0;0;0;0;118;118;118;118;118;118;118;118;118;118;118;118;118;118;118;118;118;118;118;118;118;118;118;118;118;118;118;118;118;118;118;118;118;118;118;118;118;118;118;118;118;118;118;118;118;118;118;118;118;118;118;118;118;118;118;118;118;118;118;118;118;118;118;118;118;118;118;118;118;118;118;118;118;118;118;118;118;118;118;0;0;0;0;0;0;0;0;0;0;0;0;0;0;0;0;
0;0;0;0;118;118;58;58;118;118;58;58;118;118;58;58;118;118;58;58;118;118;58;58;118;118;58;58;118;118;58;58;118;118;58;58;118;118;58;58;118;118;58;58;118;118;58;58;118;118;58;58;118;118;58;58;118;118;58;58;118;118;58;58;118;118;58;58;118;118;58;58;118;118;58;58;118;118;58;58;118;118;58;58;118;0;0;0;0;0;0;0;0;0;0;0;0;0;0;0;
0;0;0;118;118;118;118;118;118;118;118;118;118;118;118;118;118;118;118;118;118;118;118;118;118;118;118;118;118;118;118;118;118;118;118;118;118;118;118;118;118;118;118;118;118;118;118;118;118;118;118;118;118;118;118;118;118;118;118;118;118;118;118;118;118;118;118;118;118;118;118;118;118;118;118;118;118;118;118;118;118;118;118;118;118;118;0;0;0;0;0;0;0;0;0;0;0;0;0;0;
0;0;118;118;118;118;118;118;118;118;118;118;118;118;118;118;118;118;118;118;118;118;118;118;118;118;118;118;118;118;118;118;118;118;118;118;118;118;118;118;118;118;118;118;118;118;118;118;118;118;118;118;118;118;118;118;118;118;118;118;118;118;118;118;118;118;118;118;118;118;118;118;118;118;118;118;118;118;118;118;118;118;118;118;118;118;118;118;0;0;0;0;0;0;0;0;0;0;0;0;
0;118;118;118;118;118;118;118;118;118;118;118;118;118;118;118;118;118;118;118;118;118;118;118;118;118;118;118;118;118;118;118;118;118;118;118;118;118;118;118;118;118;118;118;118;118;118;118;118;118;118;118;118;118;118;118;118;118;118;118;118;118;118;118;118;118;118;118;118;118;118;118;118;118;118;118;118;118;118;118;118;118;118;118;118;118;118;118;0;0;0;0;0;0;0;0;0;0;0;0;
0;118;118;0;0;0;0;0;0;0;0;0;0;0;0;0;0;0;0;0;0;0;0;0;0;0;118;118;118;118;0;0;0;0;0;0;0;0;0;0;0;0;0;0;0;0;0;118;118;0;0;118;0;0;0;0;118;118;0;0;0;0;0;0;0;0;0;0;0;0;0;0;0;0;0;0;0;0;0;0;0;0;0;0;118;118;0;0;0;0;0;0;0;0;0;0;0;0;0;0;
118;118;118;118;118;118;118;118;118;118;118;118;118;118;118;118;118;118;118;118;118;118;118;118;118;118;118;118;118;118;118;118;118;118;118;118;118;118;118;118;118;118;118;118;118;118;118;118;118;118;118;118;118;118;118;118;118;118;118;118;118;118;118;118;118;118;118;118;118;118;118;118;118;118;118;118;118;118;118;118;118;118;118;118;118;118;118;0;0;0;0;0;0;0;0;0;0;0;0;0;
118;118;118;118;118;118;118;118;118;118;118;118;118;118;118;118;118;118;118;118;118;118;118;118;118;118;118;118;118;118;118;118;118;118;118;118;118;118;118;118;118;118;118;118;118;118;118;118;118;118;118;118;118;118;118;118;118;118;118;118;118;118;118;118;118;118;118;118;118;118;118;118;118;118;118;118;118;118;118;118;118;118;118;118;118;118;118;0;0;0;0;0;0;0;0;0;0;0;0;0;
118;118;118;118;118;118;118;118;118;118;118;118;118;118;118;118;118;118;118;118;118;118;118;118;118;118;118;118;118;118;118;118;118;118;118;118;118;118;118;118;118;118;118;118;118;118;118;118;118;118;118;118;118;118;118;118;118;118;118;118;118;118;118;118;118;118;118;118;118;118;118;118;118;118;118;118;118;118;118;118;118;118;118;118;118;118;118;0;0;0;0;0;0;0;0;0;0;0;0;0;
118;118;118;118;118;118;118;118;118;118;118;118;118;118;118;118;118;118;118;118;118;118;118;118;118;0;118;118;118;118;0;118;118;118;118;118;118;118;118;118;118;118;118;118;118;118;118;118;118;118;118;118;118;118;118;118;118;118;118;0;118;118;118;118;118;118;118;118;118;118;118;118;118;118;118;118;118;118;118;118;118;118;0;118;118;118;118;0;0;0;0;0;0;0;0;0;0;0;0;0;
118;118;118;118;118;118;118;118;118;118;118;118;118;118;0;0;0;0;0;0;0;0;0;0;0;0;118;118;118;118;0;0;0;0;0;0;0;0;0;0;0;0;0;0;0;0;0;0;0;0;0;0;0;0;0;118;118;118;118;0;0;0;0;0;0;0;0;0;0;0;0;0;0;0;0;0;0;0;0;0;0;0;0;118;118;118;118;0;0;0;0;0;0;0;0;0;0;0;0;0;
118;118;118;118;118;118;118;118;118;118;118;118;118;118;118;118;118;118;118;118;118;118;118;118;118;118;118;118;118;118;118;118;118;118;118;118;118;118;118;118;118;118;118;118;118;118;118;118;118;118;118;118;118;118;118;118;118;118;118;118;118;118;118;118;118;118;118;118;118;118;118;118;118;118;118;118;118;118;118;118;118;118;118;118;118;118;118;0;0;0;0;0;0;0;0;0;0;0;0;0;
118;118;118;118;118;118;118;118;118;118;118;118;118;118;118;118;118;118;118;118;118;118;118;118;118;118;118;118;118;118;118;118;118;118;118;118;118;118;118;118;118;118;118;118;118;118;118;118;118;118;118;118;118;118;118;118;118;118;118;118;118;118;118;118;118;118;118;118;118;118;118;118;118;118;118;118;118;118;118;118;118;118;118;118;118;118;118;0;0;0;0;0;0;0;0;0;0;0;0;0;
118;118;118;118;118;118;118;118;118;118;118;118;118;118;118;118;118;118;118;118;118;118;118;118;118;118;118;118;118;118;0;118;118;118;118;118;118;118;118;118;118;118;118;118;118;118;118;118;118;118;118;118;118;118;0;118;118;118;118;118;118;118;118;118;118;118;118;118;118;118;118;118;118;118;118;118;118;118;118;118;118;118;118;118;118;118;118;0;0;0;0;0;0;0;0;0;0;0;0;0;
118;118;118;118;118;118;118;118;118;118;118;118;118;118;118;118;118;118;118;118;118;118;118;118;118;118;118;118;118;118;0;0;0;0;0;0;0;0;0;0;0;0;0;0;0;0;0;0;0;0;0;0;0;0;0;118;118;118;118;0;0;0;0;0;0;0;0;0;0;0;0;0;0;0;0;0;0;0;0;0;0;0;0;118;118;118;118;0;0;0;0;0;0;0;0;0;0;0;0;0;
118;118;118;118;118;118;118;118;118;118;118;118;118;118;118;118;118;118;118;118;118;118;118;118;118;118;118;118;118;118;118;118;118;118;118;118;118;118;118;118;118;118;118;118;118;118;118;118;118;118;118;118;118;118;118;118;118;118;118;118;118;118;118;118;118;118;118;118;118;118;118;118;118;118;118;118;118;118;118;118;118;118;118;118;118;118;118;118;0;0;0;0;0;0;0;0;0;0;0;0;
118;118;118;0;118;118;118;118;118;118;118;322;118;118;118;118;118;118;118;118;118;118;118;118;118;118;118;118;118;118;118;118;118;118;118;118;118;118;118;118;118;118;118;118;118;118;118;118;118;118;118;118;118;118;118;118;118;118;118;118;118;118;118;118;118;118;118;118;118;118;118;118;118;118;118;118;118;118;118;118;118;118;118;118;118;118;118;0;0;0;0;0;0;0;0;0;0;0;0;0;
0;0;612;0;3556;0;118;118;118;118;118;322;118;118;118;118;118;118;118;118;118;118;118;118;118;118;118;118;118;118;0;118;118;118;118;118;118;118;118;118;118;118;118;118;118;118;118;118;118;118;118;118;118;118;0;118;118;118;118;118;118;118;118;118;118;118;118;118;118;118;118;118;118;118;118;118;118;118;118;118;118;118;118;118;118;118;118;0;0;0;0;0;0;0;0;0;0;0;0;0;
0;0;612;612;612;612;612;612;612;118;118;118;118;118;118;118;118;118;118;118;118;118;118;118;118;118;118;118;118;118;118;118;118;118;118;118;0;0;0;0;0;0;0;0;0;0;0;0;0;0;0;0;0;0;0;118;118;118;118;0;0;0;0;0;0;0;0;0;0;0;0;0;0;0;0;0;0;0;0;0;0;0;0;118;118;118;118;0;0;0;0;0;0;0;0;0;0;0;0;0;
0;118;118;118;118;118;118;0;0;612;118;118;118;118;118;118;118;118;118;118;118;118;118;118;118;118;118;118;118;118;118;118;118;118;118;118;118;118;118;118;118;118;118;118;118;118;118;118;118;118;118;118;118;118;118;118;118;118;118;118;118;118;118;118;118;118;118;118;118;118;118;118;118;118;118;118;118;118;118;118;118;118;118;118;118;118;118;0;0;0;0;0;0;0;0;0;0;0;0;0;
0;118;118;118;118;118;118;118;0;612;0;118;118;118;118;118;118;118;118;118;118;118;118;118;118;118;118;118;118;118;118;118;118;118;118;118;118;118;118;118;118;118;118;118;118;118;118;118;118;118;118;118;118;118;118;118;118;118;118;118;118;118;118;118;118;118;118;118;118;118;118;118;118;118;118;118;118;118;118;118;118;118;118;118;118;118;118;0;0;0;0;0;0;0;0;0;0;0;0;0;
0;118;118;118;118;118;118;118;118;612;0;0;118;118;118;118;118;118;118;118;118;118;118;118;118;118;118;118;118;118;0;118;118;118;118;118;118;118;118;118;118;118;118;118;118;118;118;118;118;118;118;118;118;118;0;118;118;118;118;118;118;118;118;118;118;118;118;118;118;118;118;118;118;118;118;118;118;118;118;118;118;118;118;118;118;118;118;0;0;0;0;0;0;0;0;0;0;0;0;0;
0;118;118;118;118;118;118;118;118;118;0;0;612;118;118;118;118;118;118;118;118;118;118;118;118;118;118;118;118;118;0;0;0;0;0;0;0;0;0;0;0;0;0;0;0;0;0;0;0;0;0;0;0;0;0;118;118;118;118;0;0;0;0;0;0;0;0;0;0;0;0;0;0;0;0;0;0;0;0;0;0;0;0;118;118;118;118;0;0;0;0;0;0;0;0;0;0;0;0;0;
0;118;118;118;118;118;118;118;118;118;118;0;0;612;118;118;118;118;118;118;118;118;118;118;118;118;118;118;118;118;118;118;118;118;118;118;118;118;118;118;118;118;118;118;118;118;118;118;118;118;118;118;118;118;118;118;118;118;118;118;118;118;118;118;118;118;118;118;118;118;118;118;118;118;118;118;118;118;118;118;118;118;118;118;118;118;118;0;0;0;0;0;0;0;0;0;0;0;0;0;
0;118;118;58;58;118;118;118;118;58;58;118;612;612;612;118;118;118;118;118;118;118;118;118;118;118;118;118;118;118;118;118;118;118;118;118;118;118;118;118;118;118;118;118;118;118;118;118;118;118;118;118;118;118;118;118;118;118;118;118;118;118;118;118;118;118;118;118;118;118;118;118;118;118;118;118;118;118;118;118;118;118;118;118;118;118;118;0;0;0;0;0;0;0;0;0;0;0;0;0;
0;118;118;58;58;118;118;118;118;58;58;118;118;612;612;612;118;118;118;118;118;118;118;118;118;118;118;118;118;118;612;118;118;118;118;118;118;118;118;118;118;118;118;118;118;118;118;118;118;118;118;118;118;118;0;118;118;118;118;0;118;118;118;118;118;118;118;118;118;118;118;118;118;118;118;118;118;118;118;118;118;118;0;118;118;118;118;0;0;0;0;0;0;0;0;0;0;0;0;0;
0;118;118;118;118;118;118;118;118;118;118;118;118;118;612;612;612;118;118;118;118;118;118;118;118;118;118;118;118;118;118;118;612;612;612;612;612;612;0;612;612;612;612;612;612;612;612;612;612;612;612;612;612;612;612;118;118;118;118;0;0;0;0;0;0;0;0;118;0;0;0;0;0;0;0;0;0;0;0;0;0;0;0;118;118;118;118;0;0;0;0;0;0;0;0;0;0;0;0;0;
0;118;118;118;118;118;118;118;118;118;118;118;118;118;118;118;118;118;118;118;118;118;118;118;118;118;118;118;118;118;118;118;118;118;118;118;118;118;118;118;118;118;118;118;118;118;118;118;118;118;118;118;118;118;118;118;118;118;118;118;118;118;118;118;118;118;118;118;118;118;118;118;118;118;118;118;118;118;118;118;118;118;118;118;118;118;118;118;0;0;0;0;0;0;0;0;0;0;0;0;
0;0;118;0;0;0;0;0;118;0;0;0;0;0;0;0;0;0;612;612;0;0;0;0;0;0;0;0;0;0;0;0;0;0;0;0;0;0;0;0;0;0;0;0;0;0;0;0;0;0;0;0;0;0;0;0;0;0;0;0;0;0;0;0;0;0;0;0;0;0;0;0;0;0;0;0;0;0;0;0;0;0;0;0;0;0;0;0;0;0;0;0;0;0;0;0;0;0;0;0;
0;0;118;118;0;0;0;0;0;0;0;0;0;0;0;0;0;0;0;0;118;0;118;118;118;118;118;118;0;118;0;0;0;0;0;0;0;0;0;0;0;0;0;0;0;0;0;0;0;0;0;0;0;0;0;0;0;0;0;0;0;0;0;0;0;0;0;0;0;0;0;0;0;0;0;0;0;0;0;0;0;0;0;0;0;0;0;0;0;0;0;0;0;0;0;0;0;0;0;0;
0;118;118;118;118;118;0;0;0;0;0;0;0;0;0;0;0;0;0;0;0;0;0;0;0;0;0;0;0;0;0;0;0;0;0;0;0;0;0;0;0;0;0;0;0;0;0;0;0;0;0;0;0;0;0;0;0;0;0;0;0;0;0;0;0;0;0;0;0;0;0;0;0;0;0;0;0;0;0;0;0;0;0;0;0;0;0;0;0;0;0;0;0;0;0;0;0;0;0;0;
0;118;118;118;118;118;0;0;0;0;0;0;0;0;0;0;0;0;0;0;0;0;0;0;0;0;0;0;0;0;0;0;0;0;0;0;0;0;0;0;0;0;0;0;0;0;0;0;0;0;0;0;0;0;0;0;0;0;0;0;0;0;0;0;0;0;0;0;0;0;0;0;0;0;0;0;0;0;0;0;0;0;0;0;0;0;0;0;0;0;0;0;0;0;0;0;0;0;0;0;
0;118;118;118;118;118;0;0;0;0;0;0;0;0;0;0;0;0;0;0;0;0;0;0;0;0;0;0;0;0;0;0;0;0;0;0;0;0;0;0;0;0;0;0;0;0;0;0;0;0;0;0;0;0;0;0;0;0;0;0;0;0;0;0;0;0;0;0;0;0;0;0;0;0;0;0;0;0;0;0;0;0;0;0;0;0;0;0;0;0;0;0;0;0;0;0;0;0;0;0;
14;14;14;14;14;14;14;14;14;14;14;14;14;14;14;14;14;14;14;14;14;14;14;14;14;14;14;14;14;14;14;14;14;14;14;14;14;14;14;14;14;14;14;14;14;14;14;14;14;14;14;14;14;14;14;14;14;14;14;14;14;14;14;14;14;14;14;14;14;14;14;14;14;14;14;14;14;14;14;14;14;14;14;14;14;14;14;14;14;14;14;14;14;14;14;14;14;14;14;14;
14;14;14;14;14;14;14;14;14;14;14;14;14;14;14;14;14;14;14;14;14;14;14;14;14;14;14;14;14;14;14;14;14;14;14;14;14;14;14;14;14;14;14;14;14;14;14;14;14;14;14;14;14;14;14;14;14;14;14;14;14;14;14;14;14;14;14;14;14;14;14;14;14;14;14;14;14;14;14;14;14;14;14;14;14;14;14;14;14;14;14;14;14;14;14;14;14;14;14;14;
14;14;14;14;14;14;14;14;14;14;14;14;14;14;14;14;14;14;14;14;14;14;14;14;14;14;14;14;14;14;14;14;14;14;14;14;14;14;14;14;14;14;14;14;14;14;14;14;14;14;14;14;14;14;14;14;14;14;14;14;14;14;14;14;14;14;14;14;14;14;14;14;14;14;14;14;14;14;14;14;14;14;14;14;14;14;14;14;14;14;14;14;14;14;14;14;14;14;14;14;
14;14;14;14;14;14;14;14;14;14;14;14;14;14;14;14;14;14;14;14;14;14;14;14;14;14;14;14;14;14;14;14;14;14;14;14;14;14;14;14;14;14;14;14;14;14;14;14;14;14;14;14;14;14;14;14;14;14;14;14;14;14;14;14;14;14;14;14;14;14;14;14;14;14;14;14;14;14;14;14;14;14;14;14;14;14;14;14;14;14;14;14;14;14;14;14;14;14;14;14;
14;14;14;14;14;14;14;14;14;14;14;14;14;14;14;14;14;14;14;14;14;14;14;14;14;14;14;14;14;14;14;14;14;14;14;14;14;14;14;14;14;14;14;14;14;14;14;14;14;14;14;14;14;14;14;14;14;14;14;14;14;14;14;14;14;14;14;14;14;14;14;14;14;14;14;14;14;14;14;14;14;14;14;14;14;14;14;14;14;14;14;14;14;14;14;14;14;14;14;14;
566;14;14;14;14;14;14;14;14;14;14;14;14;14;14;14;14;14;14;14;14;14;14;14;14;14;14;14;14;14;14;14;14;14;14;14;14;14;14;14;14;14;14;14;14;14;14;14;14;14;14;14;14;14;14;14;14;14;14;14;14;14;14;14;14;14;14;14;14;14;14;14;14;14;14;14;14;14;14;14;14;14;14;14;14;14;14;14;14;14;14;14;14;14;14;14;14;14;14;14;
