888;888;888;888;888;888;888;888;888;888;888;888;888;888;888;888;888;888;888;888;888;888;888;888;888;888;888;888;888;888;888;888;888;888;888;888;888;888;888;888;888;888;888;888;888;888;888;888;888;888;888;888;888;888;888;888;888;888;888;888;888;888;888;888;888;888;888;888;888;888;888;888;888;888;888;888;888;888;888;888;888;888;888;888;888;888;888;888;888;888;888;888;888;888;888;888;888;888;888;888;
888;888;888;888;888;888;888;888;888;888;888;888;888;888;888;888;888;888;888;888;888;888;888;888;888;888;888;888;888;888;888;888;888;888;888;888;888;888;888;888;888;888;888;888;888;888;888;888;888;888;888;888;888;888;888;888;888;888;888;888;888;888;888;888;888;888;888;888;888;888;888;888;888;888;888;888;888;888;888;888;888;888;888;888;888;888;888;888;888;888;888;888;888;888;888;888;888;888;888;888;
888;888;888;888;888;888;888;888;888;888;888;888;888;888;888;888;888;888;888;888;888;888;888;888;888;888;888;888;888;888;888;888;888;888;888;888;888;888;888;888;888;888;888;888;888;888;888;888;888;888;888;888;888;888;888;888;888;888;888;888;888;888;888;888;888;888;888;888;888;888;888;888;888;888;888;888;888;888;888;888;888;888;888;888;888;888;888;888;888;888;888;888;888;888;888;888;888;888;888;888;
888;888;888;888;888;888;888;888;888;888;888;888;888;888;888;888;888;888;888;888;888;888;888;888;888;888;888;888;888;888;888;888;888;888;888;888;888;888;888;888;888;888;888;888;888;888;888;888;888;888;888;888;888;888;888;888;888;888;888;888;888;888;888;888;888;888;888;888;888;888;888;888;888;888;888;888;888;888;888;888;888;888;888;888;888;888;888;888;888;888;888;888;888;888;888;888;888;888;888;888;
888;888;888;888;888;888;888;888;888;888;888;888;888;888;888;888;888;888;888;888;888;888;888;888;888;888;888;888;888;888;888;888;888;888;888;888;888;888;888;888;888;888;888;888;888;888;888;888;888;888;888;888;888;888;888;888;888;888;888;888;888;888;888;888;888;888;888;888;888;888;888;888;888;888;888;888;888;888;888;888;888;888;888;888;888;888;888;888;888;888;888;888;888;888;888;888;888;888;888;888;
888;888;888;888;888;888;888;888;888;888;888;888;888;888;888;888;888;888;888;888;888;888;888;888;888;888;888;888;888;888;888;888;888;888;888;888;888;888;888;888;888;888;888;888;888;888;888;888;888;888;888;888;888;888;888;888;888;888;888;888;888;888;888;888;888;888;888;888;888;888;888;888;888;888;888;888;888;888;888;888;888;888;888;888;888;888;888;888;888;888;888;888;888;888;888;888;888;888;888;888;
888;888;888;888;888;888;888;888;888;888;888;888;888;888;888;888;888;888;888;420;888;888;888;888;888;888;888;888;888;888;888;888;888;888;888;888;888;888;888;888;888;888;888;888;888;888;888;888;888;888;888;888;888;888;888;888;888;888;888;888;888;888;888;888;888;888;888;888;888;888;888;888;888;888;888;888;888;888;888;888;888;888;888;888;888;888;888;888;888;888;888;888;888;888;888;888;888;888;888;888;
888;888;888;888;888;888;888;888;888;888;888;888;888;888;888;888;888;888;888;888;888;888;888;888;888;888;888;888;888;888;888;888;888;888;888;888;888;888;888;888;888;888;888;888;888;888;888;888;888;888;888;888;888;888;888;888;888;888;888;888;888;888;888;888;888;888;888;888;888;888;888;888;888;888;888;888;888;888;888;888;888;888;888;888;888;888;888;888;888;888;888;888;888;888;888;888;888;888;888;888;
888;888;888;888;888;888;888;888;888;888;888;888;888;888;888;888;888;888;888;888;888;888;888;888;888;888;888;888;888;888;888;888;888;888;888;888;888;888;888;888;888;888;888;888;888;888;888;888;888;888;888;888;888;888;888;888;888;888;888;888;888;888;888;888;888;888;888;888;888;888;888;888;888;888;888;888;888;888;888;888;888;888;888;888;888;888;888;888;888;888;888;888;888;888;888;888;888;888;888;888;
888;888;888;888;888;888;888;888;888;888;888;888;888;888;888;888;888;888;888;888;888;888;888;888;888;888;888;888;888;888;888;888;888;888;888;888;888;888;888;888;888;888;888;888;888;888;888;888;888;888;888;888;888;888;888;888;888;888;888;888;888;888;888;888;888;888;888;888;888;888;888;888;888;888;888;888;888;888;888;888;888;888;888;888;888;888;888;888;888;888;888;888;888;888;888;888;888;888;888;888;
888;888;888;888;888;888;888;888;888;888;888;888;888;888;888;888;888;888;888;888;888;888;888;888;888;888;888;888;888;888;888;888;888;888;888;888;888;888;888;888;888;888;888;888;888;888;888;888;888;888;888;888;888;888;888;888;888;888;888;888;888;888;888;888;888;888;888;888;888;888;888;888;888;888;888;888;888;888;888;888;888;888;888;888;888;888;888;888;888;888;888;888;888;888;888;888;888;888;888;888;
888;888;888;888;888;888;888;888;888;888;888;888;888;888;888;888;888;888;888;888;888;888;888;888;888;888;888;888;888;888;888;888;888;888;888;888;888;888;888;888;888;888;888;888;888;888;888;888;888;888;888;888;888;888;888;888;888;888;888;888;888;888;888;888;888;888;888;888;888;888;888;888;888;888;888;888;888;888;888;888;888;888;888;888;888;888;888;888;888;888;888;888;888;888;888;888;888;888;888;888;
888;888;888;888;888;888;888;888;888;888;888;888;888;888;888;888;888;888;888;888;888;888;888;888;888;888;888;888;888;888;888;888;888;888;888;888;888;888;888;888;888;888;888;888;888;888;888;888;888;888;888;888;888;888;888;888;888;888;888;888;888;888;888;888;888;888;888;888;888;888;888;888;888;888;888;888;888;888;888;888;888;888;888;888;888;888;888;888;888;888;888;888;888;888;888;888;888;888;888;888;
888;888;888;888;888;888;888;888;888;888;888;888;888;888;888;888;888;888;888;888;888;888;888;888;888;888;888;888;888;888;888;888;888;888;888;888;888;888;888;888;888;888;888;888;888;888;888;888;888;888;888;888;888;888;888;888;888;888;888;888;888;888;888;888;888;888;888;888;888;888;888;888;888;888;888;888;888;888;888;888;888;888;888;888;888;888;888;888;888;888;888;888;888;888;888;888;888;888;888;888;
888;888;888;888;888;888;888;888;888;888;888;888;888;888;888;888;888;888;888;888;888;888;888;888;888;888;888;888;888;888;888;888;888;888;888;888;888;888;888;888;888;888;888;888;888;888;888;888;888;888;888;888;888;888;888;888;888;888;888;888;888;888;888;888;888;888;888;888;888;888;888;888;888;888;888;888;888;888;888;888;888;888;888;888;888;888;888;888;888;888;888;888;888;888;888;888;888;888;888;888;
888;888;888;888;888;888;888;888;888;888;888;888;888;888;888;888;888;888;888;888;888;888;888;888;888;888;888;888;888;888;888;888;888;888;888;888;888;888;888;888;888;888;888;888;888;888;888;888;888;888;888;888;888;888;888;888;888;888;888;888;888;888;888;888;888;888;888;888;888;888;888;888;888;888;888;888;888;888;888;888;888;888;888;888;888;888;888;888;888;888;888;888;888;888;888;888;888;888;888;888;
888;888;888;888;888;888;888;888;888;888;888;888;888;888;888;888;888;888;888;888;888;888;888;888;888;888;888;888;888;888;888;888;888;888;888;888;888;888;888;888;888;888;888;888;888;888;888;888;888;888;888;888;888;888;888;888;888;888;888;888;888;888;888;888;888;888;888;888;888;888;888;888;888;888;888;888;888;888;888;888;888;888;888;888;888;888;888;888;888;888;888;888;888;888;888;888;888;888;888;888;
888;888;888;888;888;888;888;888;888;888;888;888;888;888;888;888;888;888;888;888;888;888;888;888;888;888;888;888;888;888;888;888;888;888;888;888;888;888;888;888;888;888;888;888;888;888;888;888;888;888;888;888;888;888;888;888;888;888;888;888;888;888;888;888;888;888;888;888;888;888;888;888;888;888;888;888;888;888;888;888;888;888;888;888;888;888;888;888;888;888;888;888;888;888;888;888;888;888;888;888;
888;888;888;888;888;888;888;888;888;888;888;888;888;888;888;888;888;888;888;888;888;888;888;888;888;888;888;888;888;888;888;888;888;888;888;888;888;888;888;888;888;888;888;888;888;888;888;888;888;888;888;888;888;888;888;888;888;888;888;888;888;888;888;888;888;888;888;888;888;888;888;888;888;888;888;888;888;888;888;888;888;888;888;888;888;888;888;888;888;888;888;888;888;888;888;888;888;888;888;888;
888;888;888;888;888;888;888;888;888;888;888;888;888;888;888;888;888;888;888;888;888;888;888;888;888;888;888;888;888;888;888;888;888;888;888;888;888;888;888;888;888;888;888;888;888;888;888;888;888;888;888;888;888;888;888;888;888;888;888;888;888;888;888;888;888;888;888;888;888;888;888;888;888;888;888;888;888;888;888;888;888;888;888;888;888;888;888;888;888;888;888;888;888;888;888;888;888;888;888;888;
888;888;888;888;888;888;888;888;888;888;888;888;888;888;888;888;888;888;888;888;888;888;888;888;888;888;888;888;888;888;888;888;888;888;888;888;888;888;888;888;888;888;888;888;888;888;888;888;888;888;888;888;888;888;888;888;888;888;888;888;888;888;888;888;888;888;888;888;888;888;888;888;888;888;888;888;888;888;888;888;888;888;888;888;888;888;888;888;888;888;888;888;888;888;888;888;888;888;888;888;
888;888;888;888;888;888;888;888;888;888;888;888;888;888;888;888;888;888;888;888;888;888;888;888;888;888;888;888;888;888;888;888;888;888;888;888;888;888;888;888;888;888;888;888;888;888;888;888;888;888;888;888;888;888;888;888;888;888;888;888;888;888;888;888;888;888;888;888;888;888;888;888;888;888;888;888;888;888;888;888;888;888;888;888;888;888;888;888;888;888;888;888;888;888;888;888;888;888;888;888;
888;888;888;888;888;888;888;888;888;888;888;888;888;888;888;888;888;888;888;888;888;888;888;888;888;888;888;888;888;888;888;888;888;888;888;888;888;888;888;888;888;888;888;888;888;888;888;888;888;888;888;888;888;888;888;888;888;888;888;888;888;888;888;888;888;888;888;888;888;888;888;888;888;888;888;888;888;888;888;888;888;888;888;888;888;888;888;888;888;888;888;888;888;888;888;888;888;888;888;888;
888;888;888;888;888;888;888;888;888;888;888;888;888;888;888;888;888;888;888;888;888;888;888;888;888;888;888;888;888;888;888;888;888;888;888;888;888;888;888;888;888;888;888;888;888;888;888;888;888;888;888;888;888;888;888;888;888;888;888;888;888;888;888;888;888;888;888;888;888;888;888;888;888;888;888;888;888;888;888;888;888;888;888;888;888;888;888;888;888;888;888;888;888;888;888;888;888;888;888;888;
888;888;888;888;888;888;888;888;888;888;888;888;888;888;888;888;888;888;888;888;888;888;888;888;888;888;888;888;888;888;888;888;888;888;888;888;888;888;888;888;888;888;888;888;888;888;888;888;888;888;888;888;888;888;888;888;888;888;888;888;888;888;888;888;888;888;888;888;888;888;888;888;888;888;888;888;888;888;888;888;888;888;888;888;888;888;888;888;888;888;888;888;888;888;888;888;888;888;888;888;
888;888;888;888;888;888;888;888;888;888;888;888;888;888;888;888;888;888;888;888;888;888;888;888;888;888;888;888;888;888;888;888;888;888;888;888;888;888;888;888;888;888;888;888;888;888;888;888;888;888;888;888;888;888;888;888;888;888;888;888;888;888;888;888;888;888;888;888;888;888;888;888;888;888;888;888;888;888;888;888;888;888;888;888;888;888;888;888;888;888;888;888;888;888;888;888;888;888;888;888;
888;888;888;888;888;888;888;888;888;888;888;888;888;888;888;888;0;888;888;888;888;888;888;888;888;888;888;888;888;888;888;888;888;888;888;888;888;888;888;888;888;888;888;888;888;888;888;888;888;888;888;888;888;888;888;888;888;888;888;888;888;888;888;888;888;888;888;888;888;888;888;888;888;888;888;888;888;888;888;888;888;888;888;888;888;888;888;888;888;888;888;888;888;888;888;888;888;888;888;888;
888;888;888;888;888;888;888;888;888;888;888;888;888;888;888;888;888;888;888;888;888;888;888;888;888;888;888;888;888;888;888;888;888;888;888;888;888;888;888;888;888;888;888;888;888;888;888;888;888;888;888;888;888;888;888;888;888;888;888;888;888;888;888;888;888;888;888;888;888;888;888;888;888;888;888;888;888;888;888;888;888;888;888;888;888;888;888;888;888;888;888;888;888;888;888;888;888;888;888;888;
888;888;888;888;888;888;888;888;888;888;888;888;888;888;888;888;888;888;888;888;888;888;888;888;888;888;888;888;888;888;888;888;888;888;888;888;888;888;888;888;888;888;888;888;888;888;888;888;888;888;888;888;888;888;888;888;888;888;888;888;888;888;888;888;888;888;888;888;888;888;888;888;888;888;888;888;888;888;888;888;888;888;888;888;888;888;888;888;888;888;888;888;888;888;888;888;888;888;888;888;
888;888;888;888;888;888;888;888;888;888;888;888;888;888;888;888;888;888;888;888;888;888;888;888;888;888;888;888;888;888;888;888;888;888;888;888;888;888;888;888;888;888;888;888;888;888;888;888;888;888;888;888;888;888;888;888;888;888;888;888;888;888;888;888;888;888;888;888;888;888;888;888;888;888;888;888;888;888;888;888;888;888;888;888;888;888;888;888;888;888;888;888;888;888;888;888;888;888;888;888;
888;888;888;888;888;888;888;888;888;888;888;888;888;888;888;888;888;888;888;888;888;888;888;888;888;888;888;888;888;888;888;888;888;888;888;888;888;888;888;888;888;888;888;888;888;888;888;888;888;888;888;888;888;888;888;888;888;888;888;888;888;888;888;888;888;888;888;888;888;888;888;888;888;888;888;888;888;888;888;888;888;888;888;888;888;888;888;888;888;888;888;888;888;888;888;888;888;888;888;888;
888;888;888;888;888;888;888;888;888;888;888;888;888;888;888;888;888;888;888;888;888;888;888;888;888;888;888;888;888;888;888;888;888;888;888;888;888;888;888;888;888;888;888;888;888;888;888;888;888;888;888;888;888;888;888;888;888;888;888;888;888;888;888;888;888;888;888;888;888;888;888;888;888;888;888;888;888;888;888;888;888;888;888;888;888;888;888;888;888;888;888;888;888;888;888;888;888;888;888;888;
888;888;888;888;888;888;888;888;888;888;888;888;888;888;888;888;888;888;888;888;888;888;888;888;888;888;888;888;888;888;888;888;888;888;888;888;888;888;888;888;888;888;888;888;888;888;888;888;888;888;888;888;888;888;888;888;888;888;888;888;888;888;888;888;888;888;888;888;888;888;888;888;888;888;888;888;888;888;888;888;888;888;888;888;888;888;888;888;888;888;888;888;888;888;888;888;888;888;888;888;
888;888;888;888;888;888;888;888;888;888;888;888;888;888;888;888;888;888;888;888;888;888;888;888;888;888;888;888;888;888;888;888;888;888;888;888;888;888;888;888;888;888;888;888;888;888;888;888;888;888;888;888;888;888;888;888;888;888;888;888;888;888;888;888;888;888;888;888;888;888;888;888;888;888;888;888;888;888;888;888;888;888;888;888;888;888;888;888;888;888;888;888;888;888;888;888;888;888;888;888;
888;888;888;888;888;888;888;888;888;888;888;888;888;888;888;888;888;888;888;888;888;888;888;888;888;888;888;888;888;888;888;888;888;888;888;888;888;888;888;888;888;888;888;888;888;888;888;888;888;888;888;888;888;888;888;888;888;888;888;888;888;888;888;888;888;888;888;888;888;888;888;888;888;888;888;888;888;888;888;888;888;888;888;888;888;888;888;888;888;888;888;888;888;888;888;888;888;888;888;888;
888;888;888;888;888;888;888;888;888;888;888;888;888;888;888;888;888;888;888;888;888;888;888;888;888;888;888;888;888;888;888;888;888;888;888;888;888;888;888;888;888;888;888;888;888;888;888;888;888;888;888;888;888;888;888;888;888;888;888;888;888;888;888;888;888;888;888;888;888;888;888;888;888;888;888;888;888;888;888;888;888;888;888;888;888;888;888;888;888;888;888;888;888;888;888;888;888;888;888;888;
888;888;888;888;888;888;888;888;888;888;888;888;888;888;888;888;888;888;888;888;888;888;888;888;888;888;888;888;888;888;888;888;888;888;888;888;888;888;888;888;888;888;888;888;888;888;888;888;888;888;888;888;888;888;888;888;888;888;888;888;888;888;888;888;888;888;888;888;888;888;888;888;888;888;888;888;888;888;888;888;888;888;888;888;888;888;888;888;888;888;888;888;888;888;888;888;888;888;888;888;
888;888;888;888;888;888;888;888;888;888;888;888;888;888;888;888;888;888;888;888;888;888;888;888;888;888;888;888;888;888;888;888;888;888;888;888;888;888;888;888;888;888;888;888;888;888;888;888;888;888;888;888;888;888;888;888;888;888;888;888;888;888;888;888;888;888;888;888;888;888;888;888;888;888;888;888;888;888;888;888;888;888;888;888;888;888;888;888;888;888;888;888;888;888;888;888;888;888;888;888;
888;888;888;888;888;888;888;888;888;888;888;888;888;888;888;888;888;888;888;888;888;888;888;888;888;888;888;888;888;888;888;888;888;888;888;888;888;888;888;888;888;888;888;888;888;888;888;888;888;888;888;888;888;888;888;888;888;888;888;888;888;888;888;888;888;888;888;888;888;888;888;888;888;888;888;888;888;888;888;888;888;888;888;888;888;888;888;888;888;888;888;888;888;888;888;888;888;888;888;888;
888;0;888;888;888;888;888;888;888;888;888;888;888;888;888;888;888;888;888;888;888;888;888;888;888;888;888;888;888;888;888;888;888;888;888;888;888;888;888;888;888;888;888;888;888;888;888;888;888;888;888;888;888;888;888;888;888;888;888;888;888;888;888;888;888;888;888;888;888;888;888;888;888;888;888;888;888;888;888;888;888;888;888;888;888;888;888;888;888;888;888;888;888;888;888;888;888;888;888;888;
888;0;888;888;888;888;888;888;888;888;888;888;888;888;888;888;888;888;888;888;888;888;888;888;888;888;888;888;888;888;888;888;888;888;888;888;888;888;888;888;888;888;888;888;888;888;888;888;888;888;888;888;888;888;888;888;888;888;888;888;888;888;888;888;888;888;888;888;888;888;888;888;888;888;888;888;888;888;888;888;888;888;888;888;888;888;888;888;888;888;888;888;888;888;888;888;888;888;888;888;
888;1878;1878;1878;1878;1878;1878;1878;1878;1878;1878;1878;888;888;888;888;888;888;888;888;888;888;888;888;888;888;888;888;888;888;888;888;888;888;888;888;888;888;888;888;888;888;888;888;888;888;888;888;888;888;888;888;888;888;888;888;888;888;888;888;888;888;888;888;888;888;888;888;888;888;888;888;888;888;888;888;888;888;888;888;888;888;888;888;888;888;888;888;888;888;888;888;888;888;888;888;888;888;888;888;
888;1878;1878;1878;1878;1878;1878;1878;1878;1878;1878;1878;888;888;888;888;888;888;888;888;888;888;888;888;888;888;888;888;888;888;888;888;888;888;888;888;888;888;888;888;888;888;888;888;888;888;888;888;888;888;888;888;888;888;888;888;888;888;888;888;888;888;888;888;888;888;888;888;888;888;888;888;888;888;888;888;888;888;888;888;888;888;888;888;888;888;888;888;888;888;888;888;888;888;888;888;888;888;888;888;
888;1878;1878;1878;1878;1878;1878;1878;1878;1878;1878;1878;888;888;888;888;888;888;888;888;888;888;888;888;888;888;888;888;888;888;888;888;888;888;888;888;888;888;888;888;888;888;888;888;888;888;888;888;888;888;888;888;888;888;888;888;888;888;888;888;888;888;888;888;888;888;888;888;888;888;888;888;888;888;888;888;888;888;888;888;888;888;888;888;888;888;888;888;888;888;888;888;888;888;888;888;888;888;888;888;
888;1878;1878;1878;1878;1878;1878;1878;1878;1878;1878;1878;888;888;888;888;888;888;888;888;888;888;888;888;888;888;888;888;888;888;888;888;888;888;888;888;888;888;888;888;888;888;888;888;888;888;888;888;888;888;888;888;888;888;888;888;888;888;888;888;888;888;888;888;888;888;888;888;888;888;888;888;888;888;888;888;888;888;888;888;888;888;888;888;888;888;888;888;888;888;888;888;888;888;888;888;888;888;888;888;
888;888;888;888;888;888;888;888;888;888;888;888;888;888;888;888;888;888;888;888;888;888;888;888;888;888;888;888;888;888;888;888;888;888;888;888;888;888;888;888;888;888;888;888;888;888;888;888;888;888;888;888;888;888;888;888;888;888;888;888;888;888;888;888;888;888;888;888;888;888;888;888;888;888;888;888;888;888;888;888;888;888;888;888;888;888;888;888;888;888;888;888;888;888;888;888;888;888;888;888;
888;888;888;888;888;888;888;888;888;888;888;888;888;888;888;888;888;888;888;888;888;888;888;888;888;888;888;888;888;888;888;888;888;888;888;888;888;888;888;888;888;888;888;888;888;888;888;888;888;888;888;888;888;888;888;888;888;888;888;888;888;888;888;888;888;888;888;888;888;888;888;888;888;888;888;888;888;888;888;888;888;888;888;888;888;888;888;888;888;888;888;888;888;888;888;888;888;888;888;888;
888;888;888;888;888;888;888;888;888;888;888;888;888;888;888;888;888;888;888;888;888;888;888;888;888;888;888;888;888;888;888;888;888;888;888;888;888;888;888;888;888;888;888;888;888;888;888;888;888;888;888;888;888;888;888;888;888;888;888;888;888;888;888;888;888;888;888;888;888;888;888;888;888;888;888;888;888;888;888;888;888;888;888;888;888;888;888;888;888;888;888;888;888;888;888;888;888;888;888;888;
888;888;888;888;888;888;888;888;888;888;888;888;888;888;888;888;888;888;888;888;888;888;888;888;888;888;888;888;888;888;888;888;888;888;888;888;888;888;888;888;888;888;888;888;888;888;888;888;888;888;888;888;888;888;888;888;888;888;888;888;888;888;888;888;888;888;888;888;888;888;888;888;888;888;888;888;888;888;888;888;888;888;888;888;888;888;888;888;888;888;888;888;888;888;888;888;888;888;888;888;
888;888;888;888;888;888;888;888;888;888;888;888;888;888;888;888;888;888;888;888;888;888;888;888;888;888;888;888;888;888;888;888;888;888;888;888;888;888;888;888;888;888;888;888;888;888;888;888;888;888;888;888;888;888;888;888;888;888;888;888;888;888;888;888;888;888;888;888;888;888;888;888;888;888;888;888;888;888;888;888;888;888;888;888;888;888;888;888;888;888;888;888;888;888;888;888;888;888;888;888;
888;888;888;888;888;888;888;888;888;888;888;888;888;888;888;888;888;888;888;888;888;888;888;888;888;888;888;888;888;888;888;888;888;888;888;888;888;888;888;888;888;888;888;888;888;888;888;888;888;888;888;888;888;888;888;888;888;888;888;888;888;888;888;888;888;888;888;888;888;888;888;888;888;888;888;888;888;888;888;888;888;888;888;888;888;888;888;888;888;888;888;888;888;888;888;888;888;888;888;888;
888;888;888;888;888;888;888;888;888;888;888;888;888;888;888;888;888;888;888;888;888;888;888;888;888;888;888;888;888;888;888;888;888;888;888;888;888;888;888;888;888;888;888;888;888;888;888;888;888;888;888;888;888;888;888;888;888;888;888;888;888;888;888;888;888;888;888;888;888;888;888;888;888;888;888;888;888;888;888;888;888;888;888;888;888;888;888;888;888;888;888;888;888;888;888;888;888;888;888;888;
888;888;888;888;888;888;888;888;888;888;888;888;888;888;888;888;888;888;888;888;888;888;888;888;888;888;888;888;888;888;888;888;888;888;888;888;888;888;888;888;888;888;888;888;888;888;888;888;888;888;888;888;888;888;888;888;888;888;888;888;888;888;888;888;888;888;888;888;888;888;888;888;888;888;888;888;888;888;888;888;888;888;888;888;888;888;888;888;888;888;888;888;888;888;888;888;888;888;888;888;
888;888;888;888;888;888;888;888;888;888;888;888;888;888;888;888;888;888;888;888;0;0;0;0;0;0;0;888;888;888;888;888;888;888;888;888;888;888;888;888;888;888;888;888;888;888;888;888;888;888;888;888;888;888;888;888;888;888;888;888;888;888;888;888;888;888;888;888;888;888;888;888;888;888;888;888;888;888;888;888;888;888;888;888;888;888;888;888;888;888;888;888;888;888;888;888;888;888;888;888;
14;14;14;14;14;14;14;14;14;14;14;14;14;14;14;14;14;14;14;14;14;14;14;14;14;14;14;14;14;14;14;14;14;14;14;14;14;14;14;14;14;14;14;14;14;14;14;14;14;14;14;14;14;14;14;14;14;14;14;14;14;14;14;14;14;14;14;14;14;14;14;14;14;14;14;14;14;14;14;14;14;14;14;14;14;14;14;14;14;14;14;14;14;14;14;14;14;14;14;14;
14;14;14;14;14;14;14;14;14;14;14;14;14;14;14;14;14;14;14;14;14;14;14;14;14;14;14;14;14;14;14;14;14;14;14;14;14;14;14;14;14;14;14;14;14;14;14;14;14;14;14;14;14;14;14;14;14;14;14;14;14;14;14;14;14;14;14;14;14;14;14;14;14;14;14;14;14;14;14;14;14;14;14;14;14;14;14;14;14;14;14;14;14;14;14;14;14;14;14;14;
14;14;14;14;14;14;14;14;14;14;14;14;14;14;14;14;14;14;14;14;14;14;14;14;14;14;14;14;14;14;14;14;14;14;14;14;14;14;14;14;14;14;14;14;14;14;14;14;14;14;14;14;14;14;14;14;14;14;14;14;14;14;14;14;14;14;14;14;14;14;14;14;14;14;14;14;14;14;14;14;14;14;14;14;14;14;14;14;14;14;14;14;14;14;14;14;14;14;14;14;
14;14;14;14;14;14;14;14;14;14;14;14;14;14;14;14;14;14;14;14;14;14;14;14;14;14;14;14;14;14;14;14;14;14;14;14;14;14;14;14;14;14;14;14;14;14;14;14;14;14;14;14;14;14;14;14;14;14;14;14;14;14;14;14;14;14;14;14;14;14;14;14;14;14;14;14;14;14;14;14;14;14;14;14;14;14;14;14;14;14;14;14;14;14;14;14;14;14;14;14;
14;14;14;14;14;14;14;14;14;14;14;14;14;14;14;14;14;14;14;14;14;14;14;14;14;14;14;14;14;14;14;14;14;14;14;14;14;14;14;14;14;14;14;14;14;14;14;14;14;14;14;14;14;14;14;14;14;14;14;14;14;14;14;14;14;14;14;14;14;14;14;14;14;14;14;14;14;14;14;14;14;14;14;14;14;14;14;14;14;14;14;14;14;14;14;14;14;14;14;14;
566;14;14;14;14;14;14;14;14;14;14;14;14;14;14;14;14;14;14;14;14;14;14;14;14;14;14;14;14;14;14;14;14;14;14;14;14;14;14;14;14;14;14;14;14;14;14;14;14;14;14;14;14;14;14;14;14;14;14;14;14;14;14;14;14;14;14;14;14;14;14;14;14;14;14;14;14;14;14;14;14;14;14;14;14;14;14;14;14;14;14;14;14;14;14;14;14;14;14;14;
