0;0;0;0;0;0;0;0;0;0;0;0;0;0;0;0;0;0;0;0;0;0;0;0;0;0;0;0;0;0;0;0;0;0;0;0;0;0;0;0;0;0;0;0;0;0;0;0;0;0;0;0;0;0;0;0;0;0;0;0;0;0;0;0;0;0;0;0;0;0;0;0;0;0;0;0;0;0;0;0;0;0;0;0;0;0;0;0;0;0;0;0;420;0;0;0;0;0;0;0;
0;0;0;0;0;0;0;0;0;0;0;0;0;0;0;0;0;0;0;0;0;0;0;0;0;0;0;0;0;0;0;0;0;0;0;0;0;0;0;0;0;0;0;0;0;0;0;0;0;0;0;0;0;0;0;0;0;0;0;0;0;0;0;0;0;0;0;0;0;0;0;0;0;0;0;0;0;0;0;0;0;0;0;0;0;0;0;0;0;0;0;0;0;0;0;0;0;0;0;0;
0;0;0;0;0;0;0;0;0;0;0;0;0;0;0;0;0;0;0;0;0;0;0;0;0;0;0;0;0;0;0;0;0;0;0;0;0;0;0;0;0;0;0;0;0;0;0;0;0;0;0;0;0;0;0;0;420;0;0;0;0;0;0;0;0;0;0;0;0;0;0;0;0;0;0;0;0;0;0;0;0;0;0;424;0;0;0;0;0;0;0;0;420;0;0;0;0;0;0;0;
0;0;0;0;0;0;0;0;0;0;0;0;0;0;0;0;0;0;0;0;0;0;0;0;0;0;0;0;0;0;0;0;0;0;0;0;0;0;0;0;0;0;0;0;0;0;0;0;0;0;0;0;0;0;422;0;0;0;422;0;0;0;0;0;0;0;0;0;0;0;0;0;0;0;0;0;0;0;0;0;0;0;0;0;0;0;0;0;0;0;0;0;0;0;0;0;0;0;0;0;
0;0;0;0;420;0;0;0;0;0;0;0;0;0;0;0;0;0;0;0;420;0;0;0;0;0;0;0;0;0;0;0;0;0;0;0;420;0;0;0;0;0;0;0;0;0;0;0;0;0;0;0;420;0;0;0;0;0;0;0;420;0;0;0;0;0;0;0;0;0;0;0;0;0;0;0;0;0;0;0;0;0;0;0;420;0;424;0;420;0;426;0;420;0;426;0;420;0;0;0;
0;0;0;0;0;0;0;0;0;0;0;0;0;0;0;0;0;0;0;0;0;0;0;0;0;0;0;0;0;0;0;0;0;0;0;0;0;0;0;0;0;0;0;0;0;0;0;0;0;0;0;52;52;52;52;52;52;52;52;52;52;0;0;0;0;0;0;0;0;0;0;0;0;0;0;0;420;0;0;0;0;0;0;420;0;0;0;0;0;0;0;0;0;0;0;0;0;0;0;0;
0;0;0;0;0;0;0;0;0;0;0;0;0;0;0;0;0;0;0;0;0;0;0;0;0;0;0;0;0;0;0;0;0;0;0;0;0;0;0;0;0;0;0;0;0;0;0;0;0;0;0;52;52;0;0;0;0;0;0;52;52;0;0;0;426;0;0;0;0;0;0;0;0;0;0;0;0;0;0;0;0;0;0;0;0;0;0;0;0;0;0;0;0;0;0;0;420;0;0;0;
420;0;0;0;0;0;0;0;420;0;0;0;0;0;0;0;420;0;0;0;0;0;0;0;420;0;0;0;0;0;0;0;420;0;0;0;0;0;0;0;420;0;0;0;0;0;0;0;0;0;420;52;0;0;0;0;0;0;0;0;52;0;420;0;420;0;0;0;0;0;0;420;0;0;0;0;0;0;0;0;420;0;0;420;420;0;0;0;420;0;0;0;420;0;0;0;0;0;0;0;
0;0;420;0;0;0;420;0;0;0;420;0;0;0;420;0;0;0;420;0;0;0;420;0;0;0;420;0;0;0;420;0;0;0;420;0;0;0;420;0;0;0;420;0;0;0;420;0;0;0;0;52;0;650;650;0;0;0;0;0;52;0;0;0;0;0;0;0;0;0;0;0;420;0;420;0;420;0;0;0;0;0;0;0;0;0;0;0;0;0;0;0;0;0;0;0;0;0;0;0;
0;0;0;0;0;0;0;0;0;0;0;0;0;0;0;0;0;0;0;0;0;0;0;0;0;0;0;0;0;0;0;0;422;0;0;0;0;0;0;0;422;0;0;0;0;0;0;0;0;0;0;52;52;0;424;0;420;0;424;52;52;0;0;0;420;0;420;0;426;0;420;420;0;0;0;0;426;0;0;0;0;0;0;0;426;0;0;0;0;0;0;0;426;0;0;0;420;0;0;0;
0;0;0;0;0;0;0;0;0;0;0;0;0;0;0;0;422;0;0;0;0;0;0;0;422;0;0;0;0;0;0;0;0;0;0;0;422;0;422;0;0;0;0;0;0;0;0;0;0;0;0;52;52;52;52;0;0;52;52;52;52;0;0;0;0;0;0;0;0;0;0;0;422;0;422;0;422;0;0;0;422;0;0;422;0;0;0;0;0;0;0;0;0;0;0;0;0;0;0;0;
420;0;0;0;0;0;0;0;420;0;0;0;420;0;0;0;0;0;0;0;0;0;420;0;0;0;0;0;420;0;0;0;420;0;0;0;420;0;0;0;0;0;0;0;420;0;0;0;0;0;0;0;0;0;0;0;0;0;0;0;420;0;0;0;426;0;426;0;420;420;426;420;426;0;426;0;0;0;426;0;426;0;426;0;420;0;0;0;420;0;420;0;420;0;420;0;426;0;426;0;
0;0;0;0;0;0;420;0;0;0;0;0;0;0;0;0;420;0;0;0;420;0;0;0;0;0;0;0;0;0;0;0;0;0;0;0;0;0;0;0;0;0;0;0;0;0;0;0;0;0;0;0;420;0;0;0;0;0;0;0;0;0;0;0;0;0;0;0;0;0;0;0;420;0;420;0;420;0;420;0;0;0;0;0;0;0;422;0;0;0;0;0;0;0;0;0;0;0;0;0;
420;0;0;0;420;0;0;0;0;0;0;0;0;0;0;0;0;0;0;0;0;0;0;0;0;0;0;0;0;0;0;0;0;0;0;0;0;0;0;0;0;0;0;0;0;0;0;0;0;0;424;0;0;0;0;0;0;0;0;0;0;0;424;0;420;0;420;0;420;0;420;0;0;0;0;0;0;0;0;0;424;0;424;0;424;0;424;0;0;0;0;0;0;0;0;0;420;0;420;0;
420;0;0;0;0;0;0;0;0;0;0;0;0;0;0;0;0;0;0;0;0;0;0;0;0;0;0;0;0;0;0;0;0;0;0;0;0;0;0;0;0;0;0;0;0;0;0;0;0;0;0;0;0;0;0;0;0;0;0;0;0;420;0;420;0;420;0;420;0;420;0;420;0;420;0;420;0;420;0;420;0;420;0;420;0;420;0;420;0;420;0;420;0;0;0;0;0;0;0;0;
0;0;0;0;420;0;420;0;420;0;0;0;0;0;0;0;0;0;0;0;0;0;0;0;0;0;0;0;0;0;0;0;0;0;0;0;0;0;0;0;0;0;0;0;0;0;0;0;0;0;0;0;0;0;0;0;0;0;0;0;0;0;420;0;0;0;420;0;0;0;420;0;0;0;420;0;0;0;424;0;0;0;424;0;0;0;424;0;0;0;424;0;0;0;0;0;0;0;0;0;
420;0;0;0;0;0;0;420;426;420;0;0;0;0;0;0;0;0;0;0;420;0;0;0;0;0;0;0;0;0;0;0;0;0;0;0;0;0;0;0;0;0;0;0;0;0;0;0;0;0;0;0;0;420;0;0;426;0;0;0;0;0;0;0;0;0;0;0;0;0;0;0;0;0;0;0;0;0;0;0;0;0;0;0;0;0;0;0;0;0;0;0;420;0;0;0;420;0;0;0;
0;0;0;0;422;0;422;0;422;0;422;0;0;0;0;0;0;0;422;0;0;0;422;0;0;0;0;0;0;0;0;0;0;0;0;0;0;0;0;0;0;0;0;0;0;0;0;0;0;0;422;0;0;0;0;422;0;0;0;0;0;0;0;0;0;0;0;0;0;0;0;0;0;0;0;0;0;0;0;0;0;0;0;0;0;0;0;0;0;0;0;0;0;0;422;0;0;0;0;0;
420;0;426;0;426;0;426;0;0;420;426;0;420;0;0;0;420;0;0;0;420;0;0;0;420;0;0;0;0;0;0;0;0;0;0;0;0;0;0;0;0;0;0;0;0;0;0;0;420;0;0;0;426;0;426;0;0;420;426;0;420;0;0;0;0;0;0;0;0;0;0;0;0;0;0;0;0;0;0;0;0;0;0;0;0;0;0;0;0;0;0;0;426;0;426;0;420;0;426;0;
0;0;0;0;420;0;420;0;0;0;420;420;0;0;0;0;0;0;0;0;0;0;0;0;0;0;0;0;0;0;0;0;0;0;0;0;0;0;0;0;420;0;0;0;0;0;422;0;0;0;0;0;0;0;0;0;0;0;0;420;0;0;0;0;0;0;0;0;0;0;0;0;0;0;0;0;0;0;0;0;0;0;0;0;0;0;0;0;0;0;0;0;0;0;0;0;0;0;0;0;
420;0;0;0;0;0;0;0;0;420;0;0;0;0;0;0;0;0;0;0;0;0;0;0;0;0;0;0;0;0;0;0;0;0;0;0;0;0;0;0;0;0;0;0;0;0;0;0;0;0;0;0;0;0;0;0;0;0;0;0;0;0;0;0;0;0;0;0;0;0;0;0;0;0;0;0;0;0;0;0;0;0;0;0;0;0;0;0;0;0;0;0;0;0;0;0;0;0;0;0;
0;0;0;0;0;0;104;0;0;0;0;0;420;0;420;0;420;104;420;0;420;0;420;0;420;0;420;0;420;0;0;0;0;0;0;420;0;0;0;0;0;0;0;0;420;0;0;0;0;0;0;0;420;420;420;420;420;420;420;420;0;420;0;420;0;420;0;420;0;420;0;420;0;420;0;420;0;420;0;420;0;420;0;420;0;420;0;420;0;420;0;420;420;0;420;0;420;0;420;0;
0;0;0;0;0;0;104;0;0;0;420;420;0;0;0;0;0;104;0;0;0;0;0;0;0;0;104;104;104;104;104;104;426;104;104;104;420;104;420;104;420;104;0;0;0;0;0;0;0;0;0;0;0;0;0;0;0;0;0;0;0;0;420;0;0;0;420;0;0;0;420;0;0;0;420;0;0;0;0;0;0;0;0;0;0;0;0;0;0;0;0;0;0;0;0;0;0;0;0;0;
426;0;0;0;0;0;104;0;0;0;0;0;0;0;0;104;426;104;0;0;420;0;0;0;426;0;104;0;420;0;420;0;0;0;420;420;0;0;0;0;426;0;0;0;420;0;0;0;426;0;0;0;420;420;420;420;420;420;420;420;0;0;0;0;0;0;0;0;426;0;0;0;426;0;0;0;0;422;422;0;0;0;422;0;0;0;422;0;0;0;422;0;0;0;0;0;426;0;0;0;
0;0;0;0;0;0;104;104;422;14;0;104;104;104;0;104;104;104;422;0;0;0;422;0;0;0;104;104;104;104;104;104;104;104;104;104;422;104;422;104;422;104;0;0;0;0;0;0;0;0;422;0;0;0;0;0;0;0;0;0;0;0;0;0;0;0;0;0;0;0;0;0;0;0;0;0;0;0;0;0;0;0;0;0;0;0;0;0;0;0;0;0;0;0;0;0;0;0;0;0;
0;0;0;0;0;0;0;0;0;0;0;0;0;0;0;0;420;0;0;0;0;0;426;0;420;0;426;0;426;0;426;0;420;420;420;420;426;0;426;0;0;104;426;0;426;0;426;0;420;0;426;0;420;0;420;0;420;0;420;0;426;0;426;0;426;0;426;0;0;0;426;0;0;0;426;0;420;0;420;0;420;0;420;0;420;0;420;0;0;0;420;0;420;0;420;0;420;0;420;0;
0;0;0;0;420;0;420;0;420;0;426;0;426;0;426;0;0;0;426;0;426;0;0;0;0;0;104;0;0;0;0;0;104;0;104;0;420;0;420;0;420;104;420;0;0;0;422;0;0;0;0;0;0;0;0;0;0;0;0;0;0;0;0;0;420;0;420;0;420;0;420;0;420;0;420;0;0;0;0;0;0;0;0;0;0;0;0;0;0;0;0;0;0;0;0;0;0;0;0;0;
420;0;420;0;0;0;0;0;0;0;0;0;0;0;424;0;0;0;0;0;0;0;0;0;0;0;424;104;420;0;420;104;420;104;420;0;104;104;0;0;104;0;0;0;424;0;424;0;424;0;424;0;0;0;0;0;0;0;0;0;420;0;420;0;0;0;0;0;0;0;0;0;0;0;0;0;0;0;0;0;0;0;0;0;0;0;0;0;0;0;0;0;0;0;0;0;0;0;0;0;
0;0;0;0;0;0;0;0;0;0;0;0;0;0;0;0;0;0;0;0;0;0;0;0;0;0;104;104;104;104;104;104;104;104;104;104;104;104;104;104;104;0;0;0;0;0;0;0;0;0;0;0;0;0;0;0;0;0;0;0;0;0;0;0;0;0;0;0;0;0;0;0;0;0;0;0;0;0;0;0;0;0;0;0;0;0;0;0;422;0;422;420;0;0;0;0;420;0;420;422;
0;0;0;0;0;0;0;0;0;0;0;0;0;0;0;0;0;0;0;0;0;0;0;0;0;0;0;0;0;0;0;0;0;0;0;0;0;0;0;0;0;0;0;0;0;0;0;0;0;0;0;0;0;0;0;0;0;0;0;0;0;0;420;0;0;0;0;0;0;0;0;0;0;0;0;0;0;0;0;0;0;0;0;0;0;0;0;0;0;0;0;0;420;0;0;0;0;0;0;0;
0;0;0;0;0;0;0;0;0;0;0;0;0;0;420;0;0;0;0;0;0;0;0;0;0;0;0;0;0;0;0;0;0;0;0;0;0;0;0;0;0;0;0;0;0;0;0;0;0;0;0;0;0;0;0;0;420;0;0;0;420;0;0;0;0;0;0;0;0;0;0;0;0;0;0;0;0;0;420;0;0;0;0;0;0;0;0;0;420;0;420;0;0;420;0;0;420;0;0;0;
422;0;0;0;0;0;0;0;0;0;0;0;0;422;0;0;0;0;0;0;0;0;0;0;0;0;0;0;0;0;0;0;0;0;0;0;0;0;0;0;0;0;0;0;0;0;0;0;0;0;0;0;0;0;0;0;0;0;422;0;0;0;0;0;422;0;0;0;0;0;0;0;0;0;0;0;0;422;0;0;0;0;0;0;0;0;0;0;0;0;0;0;0;0;422;0;0;0;0;0;
0;0;420;0;0;0;0;0;420;0;420;0;420;0;0;420;0;0;0;0;0;0;0;0;0;0;0;0;0;0;0;0;0;0;0;0;0;0;0;0;0;0;0;0;0;0;0;0;0;0;0;0;0;0;0;0;420;0;420;0;420;0;420;0;0;0;420;0;0;0;0;0;420;0;420;0;420;0;420;420;0;0;0;0;0;0;0;0;420;0;420;420;420;420;420;420;426;420;426;420;
420;0;0;0;420;0;0;420;0;0;0;420;0;0;0;0;420;0;0;0;0;0;0;420;0;0;0;104;104;104;104;104;104;104;104;104;104;104;0;0;0;0;0;0;0;0;0;0;0;0;0;0;0;0;0;0;0;0;0;0;0;0;0;0;420;0;0;0;420;0;0;420;0;0;0;420;0;420;0;0;420;0;0;0;0;0;0;420;0;0;0;0;0;0;0;0;0;0;0;0;
0;0;0;0;0;0;0;0;420;0;420;0;420;420;420;420;0;0;420;0;0;0;0;0;420;0;0;104;0;0;420;0;104;0;0;0;0;104;0;0;0;0;0;0;0;0;0;0;0;0;0;0;0;0;0;0;0;0;0;0;0;0;0;0;0;0;420;0;0;0;0;0;420;0;420;0;420;0;0;420;0;0;420;0;0;0;0;0;420;0;420;420;420;420;420;420;0;0;0;0;
0;0;0;0;0;0;420;0;0;0;0;0;0;0;0;0;420;0;0;0;420;0;420;420;0;0;420;104;0;0;0;0;420;0;0;0;0;104;420;0;0;0;0;0;0;0;0;0;0;0;0;0;0;0;0;0;0;0;0;0;0;0;0;0;0;0;0;0;420;0;420;420;0;0;0;420;0;0;0;0;420;0;0;0;420;0;420;420;0;0;0;0;0;0;0;0;0;0;0;0;
420;0;420;0;420;0;0;0;0;0;0;0;0;0;0;0;0;0;420;0;0;0;0;0;420;0;0;104;420;0;420;0;0;0;420;0;0;104;0;0;420;0;0;0;0;0;0;0;0;0;0;0;0;0;0;0;0;0;0;0;0;0;0;0;0;0;0;0;0;0;0;0;0;0;0;0;0;0;0;0;0;0;420;0;0;0;0;0;0;0;0;0;0;0;0;0;0;0;0;0;
0;0;0;0;426;0;0;0;0;0;0;0;426;0;0;0;0;0;0;0;426;0;420;0;0;0;420;104;426;0;0;0;420;0;0;0;420;104;420;0;0;0;420;0;426;0;0;0;0;0;0;0;426;0;0;0;0;0;0;0;426;0;0;0;0;0;0;0;426;0;420;0;0;0;0;0;426;0;0;0;0;0;0;0;426;0;420;0;0;0;0;0;426;0;0;0;0;0;0;0;
0;0;0;0;422;0;0;0;0;0;0;0;0;0;0;0;0;0;0;0;0;0;0;0;0;0;0;104;422;104;104;104;104;104;422;104;104;104;0;0;422;0;0;0;422;0;0;0;0;0;0;0;422;0;0;0;0;0;0;0;0;0;0;0;0;0;0;0;422;0;0;0;0;0;0;0;0;0;0;0;0;0;0;0;0;0;0;0;0;0;0;0;0;0;0;0;0;0;0;0;
426;0;426;0;0;0;426;0;426;0;426;0;0;0;426;0;426;0;426;0;0;0;426;0;426;0;426;0;0;0;426;0;426;0;426;0;0;0;426;0;426;0;426;0;0;0;420;0;424;0;420;0;0;0;426;0;420;0;420;0;420;0;420;0;0;0;426;0;0;0;426;0;426;0;426;0;420;0;426;0;426;0;426;0;0;0;426;0;426;0;426;0;420;0;426;0;420;0;420;0;
420;0;420;0;420;0;420;0;0;0;0;0;0;0;0;0;0;0;0;0;420;0;0;0;0;0;0;0;0;0;0;0;420;0;420;0;420;0;420;0;0;0;0;0;0;0;0;0;0;0;0;0;0;0;0;0;0;0;0;0;0;0;0;0;420;0;420;0;420;0;420;0;0;0;0;0;0;0;0;0;0;0;0;0;0;0;0;0;0;0;0;0;0;0;0;0;0;0;0;0;
0;0;0;0;0;0;0;0;420;0;420;0;420;0;420;0;424;0;424;0;424;0;424;0;420;0;420;0;420;0;420;0;0;0;0;0;0;0;0;0;422;0;422;0;422;0;422;0;424;0;424;0;424;0;424;0;0;0;0;0;0;0;0;0;0;0;0;0;0;0;0;0;420;0;420;0;420;0;420;0;424;0;424;0;424;0;424;0;420;0;420;0;420;0;420;0;0;0;0;0;
420;0;0;0;0;0;420;0;0;0;0;0;0;0;0;0;0;0;0;0;0;0;0;0;0;0;0;0;0;0;0;0;0;0;0;0;0;0;0;0;0;0;0;0;0;0;0;0;0;0;0;0;0;0;0;0;0;0;0;0;0;0;0;0;0;0;0;0;0;0;0;0;0;0;0;0;0;0;0;0;0;0;0;0;0;0;0;0;0;0;0;0;0;0;0;0;0;0;0;0;
0;420;0;0;0;0;0;0;0;0;0;0;0;0;0;0;0;0;0;0;0;0;0;0;0;0;0;0;0;0;0;0;0;0;0;0;0;0;0;0;0;0;0;0;0;0;0;0;0;0;0;0;0;0;0;0;0;0;0;0;0;0;0;0;0;0;0;0;0;0;0;0;0;0;0;0;0;0;0;0;0;0;0;0;0;0;0;0;0;0;0;0;0;0;0;0;0;0;0;0;
420;0;420;0;0;0;420;0;0;0;420;0;0;0;0;0;0;0;0;0;0;0;0;0;0;0;0;0;0;0;0;0;0;0;0;0;0;0;0;0;0;0;0;0;0;0;0;0;0;0;0;0;0;0;0;0;0;0;0;0;0;0;0;0;0;0;0;0;0;0;0;0;0;0;0;0;0;0;0;0;0;0;0;0;0;0;0;0;0;0;0;0;0;0;0;0;0;0;0;0;
0;422;0;422;0;0;0;0;0;0;0;0;0;0;0;0;0;0;0;0;0;0;0;0;0;0;0;0;0;0;0;0;0;0;0;0;0;0;0;0;0;0;0;0;0;0;0;0;0;0;0;0;0;0;0;0;0;0;0;0;0;0;0;0;0;0;0;0;0;0;0;0;0;0;0;0;0;0;0;0;0;0;0;0;0;0;0;0;0;0;0;0;0;0;0;0;0;0;0;0;
420;420;420;0;420;0;420;0;0;0;420;0;420;0;0;0;0;0;0;0;0;0;0;0;0;0;0;0;0;0;0;0;0;0;0;0;0;0;0;0;0;0;0;0;0;0;0;0;0;0;0;0;0;0;0;0;0;0;0;0;0;0;0;0;0;0;0;0;0;0;0;0;0;0;0;0;0;0;0;0;0;0;0;0;0;0;0;0;0;0;0;0;0;0;0;0;0;0;0;0;
0;0;0;420;0;0;0;0;422;0;0;0;0;0;0;0;0;0;0;0;0;0;0;0;0;0;0;0;0;0;0;0;0;0;0;0;0;0;0;0;0;0;0;0;0;0;0;0;0;0;0;0;0;0;0;0;0;0;0;0;0;0;0;0;0;0;0;0;0;0;0;0;0;0;0;0;0;0;0;0;0;0;0;0;0;0;0;0;0;0;0;0;0;0;0;0;0;0;0;0;
0;0;0;420;0;0;0;0;0;0;0;0;426;0;0;0;0;0;0;0;0;0;0;0;0;0;0;0;0;0;0;0;0;0;0;0;0;0;0;0;0;0;0;0;0;0;0;0;0;0;0;0;0;0;0;0;0;0;0;0;0;0;0;0;0;0;0;0;0;0;0;0;0;0;0;0;0;0;0;0;0;0;0;0;0;0;0;0;0;0;0;0;0;0;0;0;0;0;0;0;
0;0;0;0;0;0;420;0;0;0;420;0;420;0;0;0;0;0;0;0;0;0;0;0;0;0;0;0;0;0;0;0;0;0;0;0;0;0;0;0;0;0;0;0;0;0;0;0;0;0;0;0;0;0;0;0;0;0;0;0;0;0;0;0;0;0;0;0;0;0;0;0;0;0;0;0;0;0;0;0;0;0;0;52;52;52;52;52;0;52;52;52;52;52;0;0;0;0;0;0;
0;0;0;0;0;0;0;0;0;0;0;0;0;0;0;0;0;0;0;0;0;0;0;0;0;0;0;0;0;0;0;0;0;0;0;0;0;0;0;0;0;0;0;0;0;0;0;0;0;0;0;0;0;0;0;0;0;0;0;0;0;0;0;0;0;0;0;0;0;0;0;0;0;0;0;0;0;0;0;0;0;0;0;52;52;52;52;52;52;52;52;52;52;52;0;0;0;0;0;0;
426;0;0;0;0;0;0;0;426;0;0;0;420;0;0;0;426;0;0;412;0;0;0;0;0;0;0;0;0;0;0;0;0;0;0;0;0;0;0;0;0;0;0;0;0;0;0;0;0;0;0;0;0;0;0;0;0;0;0;0;0;0;0;0;0;0;0;0;0;0;0;0;0;0;0;0;0;0;0;0;0;0;0;52;52;52;52;52;52;52;52;52;52;52;0;0;0;0;0;0;
0;0;0;0;0;0;0;0;0;0;0;0;0;0;0;0;0;0;0;0;0;0;0;0;0;0;0;0;0;0;0;0;0;0;0;0;0;0;0;0;0;0;0;0;0;0;0;0;0;0;0;0;0;0;0;0;0;0;0;0;0;0;0;0;0;0;0;0;0;0;0;0;0;0;0;0;0;0;0;0;0;0;0;0;52;52;52;52;52;52;52;52;52;52;0;0;0;0;0;0;
0;0;420;0;420;0;426;0;424;0;426;0;420;0;426;0;0;0;0;0;0;0;0;0;0;0;0;0;0;0;0;0;0;0;0;0;0;0;0;0;0;0;0;0;0;0;0;0;0;0;0;0;0;0;0;0;0;0;0;0;0;0;0;0;0;0;0;0;0;0;0;0;0;0;0;0;0;0;0;0;0;0;0;0;0;0;0;0;0;0;0;0;0;0;0;0;0;0;0;0;
14;14;14;14;14;14;14;14;14;14;14;14;14;14;14;14;14;14;14;14;14;14;14;14;14;14;14;14;14;14;14;14;14;14;14;14;14;14;14;14;14;14;14;14;14;14;14;14;14;14;14;14;14;14;14;14;14;14;14;14;14;14;14;14;14;14;14;14;14;14;14;14;14;14;14;14;14;14;14;14;14;14;14;14;14;14;14;14;14;14;14;14;14;14;14;14;14;14;14;14;
14;14;14;14;14;14;14;14;14;14;14;14;14;14;14;14;14;14;14;14;14;14;14;14;14;14;14;14;14;14;14;14;14;14;14;14;14;14;14;14;14;14;14;14;14;14;14;14;14;14;14;14;14;14;14;14;14;14;14;14;14;14;14;14;14;14;14;14;14;14;14;14;14;14;14;14;14;14;14;14;14;14;14;14;14;14;14;14;14;14;14;14;14;14;14;14;14;14;14;14;
14;14;14;14;14;14;14;14;14;14;14;14;14;14;14;14;14;14;14;14;14;14;14;14;14;14;14;14;14;14;14;14;14;14;14;14;14;14;14;14;14;14;14;14;14;14;14;14;14;14;14;14;14;14;14;14;14;14;14;14;14;14;14;14;14;14;14;14;14;14;14;14;14;14;14;14;14;14;14;14;14;14;14;14;14;14;14;14;14;14;14;14;14;14;14;14;14;14;14;14;
14;14;14;14;14;14;14;14;14;14;14;14;14;14;14;14;14;14;14;14;14;14;14;14;14;14;14;14;14;14;14;14;14;14;14;14;14;14;14;14;14;14;14;14;14;14;14;14;14;14;14;14;14;14;14;14;14;14;14;14;14;14;14;14;14;14;14;14;14;14;14;14;14;14;14;14;14;14;14;14;14;14;14;14;14;14;14;14;14;14;14;14;14;14;14;14;14;14;14;14;
14;14;14;14;14;14;14;14;14;14;14;14;14;14;14;14;14;14;14;14;14;14;14;14;14;14;14;14;14;14;14;14;14;14;14;14;14;14;14;14;14;14;14;14;14;14;14;14;14;14;14;14;14;14;14;14;14;14;14;14;14;14;14;14;14;14;14;14;14;14;14;14;14;14;14;14;14;14;14;14;14;14;14;14;14;14;14;14;14;14;14;14;14;14;14;14;14;14;14;14;
566;14;14;14;14;14;14;14;14;14;14;14;14;14;14;14;14;14;14;14;14;14;14;14;14;14;14;14;14;14;14;14;14;14;14;14;14;14;14;14;14;14;14;14;14;14;14;14;14;14;14;14;14;14;14;14;14;14;14;14;14;14;14;14;14;14;14;14;14;14;14;14;14;14;14;14;14;14;14;14;14;14;14;14;14;14;14;14;14;14;14;14;14;14;14;14;14;14;14;14;
