0;0;0;0;0;0;0;0;0;0;0;0;0;0;0;0;0;0;0;0;0;0;0;0;0;0;0;0;0;0;0;0;0;0;0;0;0;0;0;0;0;0;0;0;0;0;0;0;0;0;0;0;0;0;0;0;0;0;0;0;0;0;0;0;0;0;0;0;0;0;0;0;0;0;0;0;0;0;0;0;0;0;0;0;0;0;0;0;0;0;0;0;0;0;0;0;0;0;0;0;
0;0;0;420;420;420;420;0;0;0;0;420;420;420;0;0;0;0;0;0;420;0;0;0;0;0;0;0;0;0;0;420;0;0;0;0;0;0;0;0;0;0;0;0;0;0;0;0;0;0;0;0;0;0;0;0;0;0;0;0;0;0;0;0;0;0;0;0;0;0;0;0;0;0;0;0;0;0;0;0;0;0;0;0;0;0;0;0;0;0;0;0;0;0;0;0;0;0;0;0;
0;0;0;0;0;0;0;0;0;0;0;0;0;0;420;0;0;420;0;0;0;0;0;0;0;0;0;0;0;0;0;0;0;420;0;0;0;0;0;0;0;0;0;0;0;0;0;0;0;0;0;0;0;0;0;0;0;0;0;0;0;0;0;0;0;0;0;0;0;0;0;0;0;0;0;0;0;0;0;0;0;0;0;0;0;0;0;0;0;0;0;0;0;0;0;0;0;0;0;0;
0;0;0;0;0;0;0;0;0;0;0;0;0;0;0;420;0;0;0;0;0;0;0;0;0;0;0;0;0;0;0;0;0;0;0;420;0;420;0;0;0;420;420;420;420;420;0;420;420;420;0;0;0;0;0;0;0;0;0;0;0;0;0;0;0;0;0;0;0;0;0;0;0;0;0;0;0;0;0;0;0;0;0;0;0;0;0;0;0;0;0;0;0;0;0;0;0;0;0;0;
0;0;0;0;0;0;0;0;0;0;0;0;0;0;0;0;0;0;0;0;0;0;0;0;0;0;0;0;0;0;0;0;0;0;0;0;0;0;0;0;0;0;0;0;0;0;0;0;0;0;0;0;0;0;0;0;0;0;0;0;0;0;0;0;0;0;0;0;0;0;0;0;0;0;0;0;0;0;0;0;0;0;0;0;0;0;0;0;0;0;0;0;0;0;0;0;0;0;0;0;
0;0;0;0;0;0;0;0;0;0;0;0;0;0;0;0;0;0;0;0;0;420;0;0;0;0;0;0;0;0;0;0;0;0;0;0;0;0;0;0;0;0;0;0;0;0;0;0;0;0;0;0;0;0;0;0;0;0;0;0;0;0;0;0;0;0;0;0;0;0;0;0;0;0;0;0;0;0;0;0;0;0;0;0;0;0;0;0;0;0;0;0;0;0;0;0;0;0;0;0;
420;420;420;0;0;0;0;0;0;0;0;0;0;0;0;0;0;0;0;0;0;0;0;0;0;0;0;0;0;0;0;0;0;0;0;0;0;0;0;0;0;0;0;0;0;0;0;0;0;0;0;0;0;0;0;0;0;0;0;0;0;0;0;0;0;0;0;0;0;0;0;0;0;0;0;0;0;0;0;0;0;0;0;0;0;0;0;0;0;0;0;0;0;0;0;0;0;0;0;0;
0;0;0;0;0;0;0;0;0;0;0;0;0;0;0;0;0;0;0;0;0;0;0;0;0;0;0;0;0;0;0;0;0;0;0;0;0;0;0;0;0;0;0;0;0;0;0;0;0;0;0;0;0;0;0;0;0;0;0;0;0;0;0;0;0;0;0;0;0;0;0;0;0;0;0;0;0;0;0;0;0;0;0;0;0;0;0;0;0;0;0;0;0;0;0;0;0;0;0;0;
0;0;0;0;0;0;0;0;0;0;420;0;0;0;0;0;0;0;0;0;0;0;0;0;0;0;422;0;0;0;0;0;0;0;422;0;0;0;422;0;0;0;0;0;0;0;422;0;0;0;0;0;0;0;0;0;0;0;0;0;0;0;0;0;0;0;0;0;0;0;0;0;0;0;0;0;0;0;0;0;0;0;0;0;0;0;0;0;0;0;0;0;0;0;0;0;0;0;0;0;
0;0;0;0;0;0;0;0;0;0;0;0;0;0;0;0;0;0;420;0;0;0;0;0;0;0;0;0;0;0;420;0;0;0;0;0;0;0;0;0;0;0;0;0;0;0;0;0;0;0;0;0;0;0;0;0;0;0;0;0;0;0;0;0;0;0;0;0;0;0;0;0;0;0;0;0;0;0;0;0;0;0;0;0;0;0;0;0;0;0;0;0;0;0;0;0;0;0;0;0;
0;0;420;0;0;0;420;0;0;0;0;0;0;0;420;0;0;0;0;0;0;0;0;0;0;0;0;0;0;0;0;0;0;0;0;0;0;0;0;0;0;0;0;0;0;0;0;0;0;0;0;0;420;0;0;0;420;0;0;0;0;0;0;0;0;0;0;0;0;0;0;0;0;0;0;0;0;0;0;0;0;0;0;0;0;0;0;0;0;0;0;0;0;0;0;0;0;0;0;0;
0;0;0;0;0;0;0;0;0;0;0;0;0;0;0;0;0;0;0;0;0;0;0;0;0;0;0;0;0;0;0;0;0;0;0;0;422;0;0;0;422;0;0;0;422;0;0;0;422;0;0;0;0;0;0;0;0;0;0;0;0;0;0;0;0;0;0;0;0;0;0;0;0;0;0;0;0;0;0;0;0;0;0;0;0;0;0;0;0;0;0;0;0;0;0;0;0;0;0;0;
0;0;0;0;0;0;0;0;0;0;0;0;0;0;0;0;0;0;0;0;420;0;0;0;420;0;0;0;420;0;0;0;420;0;0;0;0;0;0;0;0;0;0;0;0;0;0;0;0;0;0;0;0;0;0;0;0;0;0;0;0;0;0;0;0;0;0;0;0;0;0;0;0;0;0;0;0;0;0;0;0;0;0;0;0;0;0;0;0;0;0;0;0;0;0;0;0;0;0;0;
420;0;0;0;420;0;0;0;420;0;0;0;420;0;0;0;420;0;0;0;0;0;0;0;0;0;0;0;0;0;0;0;0;0;0;0;0;0;0;0;0;0;420;0;0;0;0;0;0;0;420;0;0;0;420;0;0;0;420;0;0;0;0;0;0;0;0;0;0;0;0;0;0;0;0;0;0;0;0;0;0;0;0;0;0;0;0;0;0;0;0;0;0;0;0;0;0;0;0;0;
0;0;0;0;0;0;0;0;0;0;0;0;0;0;0;0;0;0;0;0;0;0;0;0;0;0;0;0;0;0;0;0;0;0;0;0;0;0;0;0;0;0;0;0;0;0;0;0;0;0;0;0;0;0;0;0;0;0;0;0;0;0;0;0;0;0;0;0;0;0;0;0;0;0;0;0;0;0;0;0;0;0;0;0;0;0;0;0;0;0;0;0;0;0;0;0;0;0;0;0;
0;0;0;0;0;0;0;0;0;0;0;0;0;0;0;0;0;0;0;0;0;0;0;0;0;0;0;0;0;0;0;0;0;0;0;0;0;0;0;0;0;0;0;0;0;0;0;0;0;0;0;0;0;0;0;0;0;0;0;0;0;0;0;0;0;0;0;0;0;0;0;0;0;0;0;0;0;0;0;0;0;0;0;0;0;0;0;0;0;0;0;0;0;0;0;0;0;0;0;0;
0;0;0;0;0;0;0;0;0;0;0;0;0;0;0;0;0;0;0;0;0;0;0;0;0;0;0;0;0;0;0;0;0;0;0;0;0;0;0;0;0;0;0;0;0;0;0;0;0;0;0;0;0;0;0;0;0;0;0;0;0;0;0;0;0;0;0;0;0;0;0;0;0;0;0;0;0;0;0;0;0;0;0;0;0;0;0;0;0;0;0;0;0;0;0;0;0;0;0;0;
0;0;0;0;0;0;0;0;0;0;0;0;0;0;0;0;0;0;0;0;0;0;0;0;0;0;0;0;0;0;0;0;0;0;0;0;0;0;0;0;0;0;0;0;0;0;0;0;0;0;0;0;0;0;0;0;0;0;0;0;0;0;0;0;0;0;0;0;0;0;0;0;0;0;0;0;0;0;0;0;0;0;0;0;0;0;0;0;0;0;0;0;0;0;0;0;0;0;0;0;
0;0;0;0;0;0;0;0;0;0;0;0;0;0;0;0;0;0;0;0;0;0;0;0;0;0;0;0;0;0;0;0;0;0;0;0;0;0;0;0;0;0;0;0;0;0;0;0;0;0;0;0;0;0;0;0;0;0;0;0;0;0;0;0;0;0;0;0;0;0;0;0;0;0;0;0;0;0;0;0;0;0;0;0;0;0;0;0;0;0;0;0;0;0;0;0;0;0;0;0;
0;0;0;0;0;0;0;0;0;0;0;0;0;0;0;0;0;0;0;0;0;0;0;0;0;0;0;0;0;0;0;0;0;0;0;0;0;0;0;0;0;0;0;0;0;0;0;0;0;0;0;0;0;0;0;0;0;0;0;0;0;0;0;0;0;0;0;0;0;0;0;0;0;0;0;0;0;0;0;0;0;0;0;0;0;0;0;0;0;0;0;0;0;0;0;0;0;0;0;0;
0;0;0;0;0;0;0;0;0;0;0;0;0;0;0;0;0;0;0;0;0;0;0;0;0;0;0;0;0;0;0;0;0;0;0;0;0;0;0;0;0;0;0;0;0;0;0;0;0;0;0;0;0;0;0;0;0;0;0;0;0;0;0;0;0;0;0;0;0;0;0;0;0;0;0;0;0;0;0;0;0;0;0;0;0;0;0;0;0;0;0;0;0;0;0;0;0;0;0;0;
0;0;0;0;0;0;0;0;0;0;0;0;0;0;0;0;0;0;0;0;0;0;0;0;0;0;0;0;0;0;0;0;0;0;0;0;0;0;0;0;0;0;0;0;0;0;0;0;0;0;0;0;0;0;0;0;0;0;0;0;0;0;0;0;0;0;0;0;0;0;0;0;0;0;0;0;0;0;0;0;0;0;0;0;0;0;0;0;0;0;0;0;0;0;0;0;0;0;0;0;
0;0;0;0;0;0;0;0;0;0;0;0;0;0;0;0;0;0;0;0;0;0;0;0;0;0;0;0;0;0;0;0;0;0;0;0;0;0;0;0;0;0;0;0;0;0;0;0;0;0;0;0;0;0;0;0;0;0;0;0;0;0;0;0;0;0;0;0;0;0;0;0;0;0;0;0;0;0;0;0;0;0;0;0;0;0;0;0;0;0;0;0;0;0;0;0;0;0;0;0;
0;0;0;0;0;0;0;0;0;0;0;0;0;0;0;0;0;0;0;0;0;0;0;0;0;0;0;0;0;0;0;0;0;0;0;0;0;0;0;0;0;0;0;0;0;0;0;0;0;0;0;0;0;0;0;0;0;0;0;0;0;0;0;0;0;0;0;0;0;0;0;0;0;0;0;0;0;0;0;0;0;0;0;0;0;0;0;0;0;0;0;0;0;0;0;0;0;0;0;0;
0;0;0;0;0;0;0;0;0;0;0;0;0;0;0;0;0;0;0;0;0;0;0;0;0;0;0;0;0;0;0;0;0;0;0;0;0;0;0;0;0;0;0;0;0;0;0;0;0;0;0;0;0;0;0;0;0;0;0;0;0;0;0;0;0;0;0;0;0;0;0;0;0;0;0;0;0;0;0;0;0;0;0;0;0;0;0;0;0;0;0;0;0;0;0;0;0;0;0;0;
0;0;0;0;0;0;0;0;0;0;0;0;0;0;0;0;0;0;0;0;0;0;0;0;0;0;0;0;0;0;0;0;0;0;0;0;0;0;0;0;0;0;0;0;0;0;0;0;0;0;0;0;0;0;0;0;0;0;0;0;0;0;0;0;0;0;0;0;0;0;0;0;0;0;0;0;0;0;0;0;0;0;0;0;0;0;0;0;0;0;0;0;0;0;0;0;0;0;0;0;
0;0;0;0;0;0;0;0;0;0;0;0;0;0;0;0;0;0;0;0;0;0;0;0;0;0;0;0;0;0;0;0;0;0;0;0;0;0;0;0;0;0;0;0;0;0;0;0;0;0;0;0;0;0;0;0;0;0;0;0;0;0;0;0;0;0;0;0;0;0;0;0;0;0;0;0;0;0;0;0;0;0;0;0;0;0;0;0;0;0;0;0;0;0;0;0;0;0;0;0;
0;0;0;0;0;0;0;0;0;0;0;0;0;0;0;0;0;0;0;0;0;0;0;0;0;0;0;0;0;0;0;0;0;0;0;0;0;0;0;0;0;0;0;0;0;0;0;0;0;0;0;0;0;0;0;0;0;0;0;0;0;0;0;0;0;0;0;0;0;0;0;0;0;0;0;0;0;0;0;0;0;0;0;0;0;0;0;0;0;0;0;0;0;0;0;0;0;0;0;0;
0;0;0;0;0;0;0;0;0;0;0;0;0;0;0;0;0;0;0;0;0;0;0;0;0;0;0;0;0;0;0;0;0;0;0;0;0;0;0;0;0;0;0;0;0;0;0;0;0;0;0;0;0;0;0;0;0;0;0;0;0;0;0;0;0;0;0;0;0;0;0;0;0;0;0;0;0;0;0;0;0;0;0;0;0;0;0;0;0;0;0;0;0;0;0;0;0;0;0;0;
0;0;0;0;0;0;0;0;0;0;0;0;0;0;0;0;0;0;0;0;0;0;0;0;0;0;0;0;0;0;0;0;0;0;0;0;0;0;0;0;0;0;0;0;0;0;0;0;0;0;0;0;0;0;0;0;0;0;0;0;0;0;0;0;0;0;0;0;0;0;0;0;0;0;0;0;0;0;0;0;0;0;0;0;0;0;0;0;0;0;0;0;0;0;0;0;0;0;0;0;
0;0;0;0;0;0;0;0;0;0;0;0;0;0;0;0;0;0;0;0;0;0;0;0;0;0;0;0;0;0;0;0;0;0;0;0;0;0;0;0;0;0;0;0;0;0;0;0;0;0;0;0;0;0;0;0;0;0;0;0;0;0;0;0;0;0;0;0;0;0;0;0;0;0;0;0;0;0;0;0;0;0;0;0;0;0;0;0;0;0;0;0;0;0;0;0;0;0;0;0;
0;0;0;0;0;0;0;0;0;0;0;0;0;0;0;0;0;0;0;0;0;0;0;0;0;0;0;0;0;0;0;0;0;0;0;0;0;0;0;0;0;0;0;0;0;0;0;0;0;0;0;0;0;0;0;0;0;0;0;0;0;0;0;0;0;0;0;0;0;0;0;0;0;0;0;0;0;0;0;0;0;0;0;0;0;0;0;0;0;0;0;0;0;0;0;0;0;0;0;0;
2500;2502;2504;2506;2508;2496;2498;2500;2502;2504;2506;2508;2496;2498;2500;2502;2504;2506;2508;2496;2498;2500;2502;2504;2506;2508;2496;2498;2500;2502;2504;2506;2508;2496;2498;2500;2502;2504;2506;2508;2496;2498;2500;2502;2504;2506;2508;2496;2498;2500;2502;2504;2506;2508;2496;2498;2500;2502;2504;2506;2508;2496;2498;2500;2502;2504;2506;2508;2496;2498;2500;2502;2504;2506;2508;2496;2498;2500;2502;2504;2506;2508;2496;2498;2500;2502;2504;2506;2508;2496;2498;2500;2502;2504;2506;2508;2496;2498;2500;2502;
2498;2500;2502;2504;2506;2508;2496;2498;2500;2502;2504;2506;2508;2496;2498;2500;2502;2504;2506;2508;2496;2498;2500;2502;2504;2506;2508;2496;2498;2500;2502;2504;2506;2508;2496;2498;2500;2502;2504;2506;2508;2496;2498;2500;2502;2504;2506;2508;2496;2498;2500;2502;2504;2506;2508;2496;2498;2500;2502;2504;2506;2508;2496;2498;2500;2502;2504;2506;2508;2496;2498;2500;2502;2504;2506;2508;2496;2498;2500;2502;2504;2506;2508;2496;2498;2500;2502;2504;2506;2508;2496;2498;2500;2502;2504;2506;2508;2496;2498;2500;
2496;2498;2500;2502;2504;2506;2508;2496;2498;2500;2502;2504;2506;2508;2496;2498;2500;2502;2504;2506;2508;2496;2498;2500;2502;2504;2506;2508;2496;2498;2500;2502;2504;2506;2508;2496;2498;2500;2502;2504;2506;2508;2496;2498;2500;2502;2504;2506;2508;2496;2498;2500;2502;2504;2506;2508;2496;2498;2500;2502;2504;2506;2508;2496;2498;2500;2502;2504;2506;2508;2496;2498;2500;2502;2504;2506;2508;2496;2498;2500;2502;2504;2506;2508;2496;2498;2500;2502;2504;2506;2508;2496;2498;2500;2502;2504;2506;2508;2496;2498;
2508;2496;2498;2500;2502;2504;2506;2508;2496;2498;2500;2502;0;2506;2508;2496;2498;2500;2502;2504;2506;2508;2496;2498;2500;2502;2504;2506;2508;2496;2498;2500;2502;2504;2506;2508;2496;2498;2500;2502;2504;2506;2508;2496;2498;2500;2502;2504;2506;2508;2496;2498;2500;2502;2504;2506;2508;2496;2498;2500;2502;2504;2506;2508;2496;2498;2500;2502;2504;2506;2508;2496;2498;2500;2502;2504;2506;2508;2496;2498;2500;2502;2504;2506;2508;2496;2498;2500;2502;2504;2506;2508;2496;2498;2500;2502;2504;2506;2508;2496;
2506;2508;2496;2498;2500;2502;2504;2506;2508;2496;2498;2500;2502;2504;2506;2508;2496;2498;2500;2502;2504;2506;2508;2496;2498;2500;2502;2504;2506;2508;2496;2498;2500;2502;2504;2506;2508;2496;2498;2500;2502;2504;0;0;0;0;0;0;2504;0;0;0;0;0;0;2504;2506;2508;2496;2498;2500;2502;2504;2506;2508;2496;2498;2500;2502;2504;2506;2508;2496;2498;2500;2502;2504;2506;2508;2496;2498;2500;2502;2504;2506;2508;2496;2498;2500;2502;2504;2506;2508;2496;2498;2500;2502;2504;2506;2508;
2504;2506;2508;2496;2498;2500;2502;2504;2506;2508;2496;2498;2500;2502;2504;2506;2508;2496;2498;2500;2502;2504;0;2508;2496;2498;2500;2502;2504;2506;2508;2496;2498;2500;2502;2504;2506;2508;2496;2498;2500;2502;0;2506;2508;2496;2498;2500;2502;2504;2506;2508;2496;2498;0;2502;2504;2506;2508;2496;2498;2500;2502;2504;2506;2508;2496;2498;2500;2502;2504;2506;2508;2496;2498;2500;2502;2504;2506;2508;2496;2498;2500;2502;2504;2506;2508;2496;2498;2500;2502;2504;2506;2508;2496;2498;2500;2502;2504;2506;
2502;2504;2506;2508;2496;2498;2500;2502;2504;2506;2508;2496;2498;2500;2502;2504;2506;2508;2496;2498;2500;2502;2504;2506;2508;2496;2498;2500;2502;2504;2506;2508;2496;2498;2500;2502;2504;2506;2508;2496;2498;2500;0;2504;2506;2508;2496;2498;2500;2502;2504;2506;2508;2496;0;2500;2502;2504;2506;2508;2496;2498;2500;2502;2504;2506;2508;2496;2498;2500;2502;2504;2506;2508;2496;2498;2500;2502;2504;2506;2508;2496;2498;2500;2502;2504;2506;2508;2496;2498;2500;2502;2504;2506;2508;2496;2498;2500;2502;2504;
2500;2502;2504;2506;2508;2496;2498;2500;0;2504;2506;2508;2496;2498;2500;2502;2504;2506;2508;2496;2498;2500;2502;2504;2506;2508;2496;2498;2500;2502;0;2506;2508;2496;2498;2500;2502;2504;2506;2508;2496;2498;0;2502;2504;2506;2508;2496;2498;2500;2502;2504;2506;2508;0;2498;2500;2502;2504;2506;2508;2496;2498;2500;2502;2504;2506;2508;2496;2498;2500;2502;2504;2506;2508;2496;2498;2500;2502;2504;2506;2508;2496;2498;2500;2502;2504;2506;2508;2496;2498;2500;2502;2504;2506;2508;2496;2498;2500;2502;
2498;2500;2502;2504;2506;2508;2496;2498;2500;2502;2504;2506;2508;2496;2498;2500;2502;2504;2506;2508;2496;2498;2500;2502;2504;2506;2508;2496;2498;2500;2502;2504;2506;2508;2496;2498;2500;2502;2504;2506;2508;2496;0;2500;2502;2504;2506;2508;2496;2498;2500;2502;2504;2506;0;2496;2498;2500;2502;2504;2506;2508;2496;2498;2500;2502;2504;2506;2508;2496;2498;2500;2502;2504;2506;2508;2496;2498;2500;2502;2504;2506;2508;2496;2498;2500;2502;2504;2506;2508;2496;2498;2500;2502;2504;2506;2508;2496;2498;2500;
2496;2498;2500;2502;2504;2506;2508;2496;2498;2500;2502;2504;2506;2508;2496;2498;2500;2502;2504;2506;2508;2496;2498;2500;2502;2504;2506;2508;2496;2498;2500;2502;2504;2506;2508;2496;2498;2500;2502;2504;2506;2508;0;0;0;0;0;0;2508;0;0;0;0;0;0;2508;2496;2498;2500;2502;2504;2506;2508;2496;2498;2500;2502;2504;2506;2508;2496;2498;2500;2502;2504;2506;2508;2496;2498;2500;2502;2504;2506;2508;2496;2498;2500;2502;2504;2506;2508;2496;2498;2500;2502;2504;2506;2508;2496;2498;
2508;2496;2498;2500;2502;2504;2506;2508;2496;2498;2500;2502;2504;2506;2508;2496;2498;2500;2502;2504;2506;2508;2496;2498;2500;2502;2504;2506;2508;2496;2498;2500;2502;2504;2506;2508;2496;2498;2500;2502;2504;2506;2508;2496;2498;2500;2502;2504;2506;2508;2496;2498;2500;2502;2504;2506;2508;2496;2498;2500;2502;2504;2506;2508;2496;2498;2500;2502;2504;2506;2508;2496;2498;2500;2502;2504;2506;2508;2496;2498;2500;2502;2504;2506;2508;2496;2498;2500;2502;2504;2506;2508;2496;2498;2500;2502;2504;2506;2508;2496;
2506;2508;2496;2498;2500;2502;2504;2506;2508;2496;2498;2500;2502;2504;2506;2508;2496;2498;2500;2502;2504;0;2508;2496;2498;2500;2502;0;2506;2508;2496;2498;2500;2502;2504;2506;2508;2496;2498;2500;2502;2504;2506;2508;2496;2498;2500;2502;2504;2506;2508;2496;2498;2500;2502;2504;2506;2508;2496;2498;2500;2502;2504;2506;2508;2496;2498;2500;2502;2504;2506;2508;2496;2498;2500;2502;2504;2506;2508;2496;2498;2500;2502;2504;2506;2508;2496;2498;2500;2502;2504;2506;2508;2496;2498;2500;2502;2504;2506;2508;
2504;2506;2508;2496;2498;2500;2502;2504;2506;2508;2496;2498;2500;2502;2504;2506;2508;2496;2498;2500;2502;2504;2506;2508;2496;2498;2500;2502;2504;2506;2508;2496;2498;2500;2502;2504;2506;2508;2496;2498;2500;2502;2504;2506;2508;2496;2498;2500;2502;2504;2506;2508;2496;2498;2500;2502;2504;2506;2508;2496;2498;2500;2502;2504;2506;2508;2496;2498;2500;2502;2504;2506;2508;2496;2498;2500;2502;2504;2506;2508;2496;2498;2500;2502;2504;2506;2508;2496;2498;2500;2502;2504;2506;2508;2496;2498;2500;2502;2504;2506;
2502;2504;2506;2508;2496;2498;2500;2502;2504;2506;2508;2496;2498;2500;2502;2504;2506;2508;2496;2498;2500;2502;2504;2506;2508;2496;2498;2500;2502;2504;2506;2508;2496;2498;2500;2502;2504;2506;2508;2496;2498;2500;2502;2504;2506;2508;2496;2498;2500;2502;2504;2506;2508;2496;2498;2500;2502;2504;2506;2508;2496;2498;2500;2502;2504;2506;2508;2496;2498;2500;2502;2504;2506;2508;2496;2498;2500;2502;2504;2506;2508;2496;2498;2500;2502;2504;2506;2508;2496;2498;2500;2502;2504;2506;2508;2496;2498;2500;2502;2504;
2500;2502;2504;2506;2508;2496;2498;2500;2502;2504;2506;2508;2496;2498;2500;2502;2504;2506;2508;2496;2498;2500;2502;2504;2506;2508;2496;2498;2500;2502;2504;2506;2508;2496;2498;2500;2502;2504;2506;2508;2496;2498;2500;2502;2504;2506;2508;2496;2498;2500;2502;2504;2506;2508;2496;2498;2500;2502;2504;2506;2508;2496;2498;2500;2502;2504;2506;2508;2496;2498;2500;2502;2504;2506;2508;2496;2498;2500;2502;2504;2506;2508;2496;2498;2500;2502;2504;2506;2508;2496;2498;2500;2502;2504;2506;2508;2496;2498;2500;2502;
2498;2500;2502;2504;2506;2508;2496;2498;2500;2502;2504;0;2508;2496;2498;2500;2502;2504;2506;2508;0;2498;2500;2502;0;2506;2508;2496;2498;2500;2502;2504;2506;2508;2496;2498;2500;2502;2504;0;2508;2496;2498;2500;2502;2504;2506;2508;0;2498;2500;2502;2504;2506;2508;2496;2498;2500;2502;2504;2506;2508;2496;2498;2500;2502;2504;2506;2508;2496;2498;2500;2502;2504;2506;2508;2496;2498;2500;2502;2504;2506;2508;2496;2498;2500;2502;2504;2506;2508;2496;2498;2500;2502;2504;2506;2508;2496;2498;2500;
2496;2498;2500;2502;2504;2506;2508;2496;2498;2500;2502;2504;2506;2508;2496;2498;2500;2502;2504;2506;2508;2496;2498;2500;2502;2504;2506;2508;2496;2498;2500;2502;2504;2506;2508;2496;2498;2500;2502;2504;2506;2508;2496;2498;2500;2502;2504;2506;0;2496;2498;2500;2502;2504;2506;2508;2496;2498;2500;2502;2504;2506;2508;2496;2498;2500;2502;2504;2506;2508;2496;2498;2500;2502;2504;2506;2508;2496;2498;2500;2502;2504;2506;2508;2496;2498;2500;2502;2504;2506;2508;2496;2498;2500;2502;2504;2506;2508;2496;2498;
2508;2496;2498;2500;2502;2504;2506;2508;2496;2498;2500;2502;2504;2506;2508;2496;2498;2500;2502;2504;2506;2508;2496;2498;2500;0;2504;2506;2508;2496;2498;2500;2502;2504;2506;2508;2496;2498;2500;2502;2504;2506;2508;2496;2498;2500;2502;2504;2506;2508;2496;2498;2500;2502;2504;2506;2508;2496;2498;2500;2502;2504;2506;2508;2496;2498;2500;2502;2504;2506;2508;2496;2498;2500;2502;2504;2506;2508;2496;2498;2500;2502;2504;2506;2508;2496;2498;2500;2502;2504;2506;2508;2496;2498;2500;2502;2504;2506;2508;2496;
2506;2508;2496;2498;2500;2502;2504;2506;2508;2496;2498;2500;2502;2504;2506;2508;2496;2498;2500;2502;2504;2506;2508;2496;2498;2500;2502;2504;2506;2508;2496;2498;2500;2502;2504;2506;2508;2496;2498;2500;2502;2504;2506;2508;2496;2498;2500;2502;2504;2506;2508;2496;2498;2500;2502;2504;2506;2508;2496;2498;2500;2502;2504;2506;2508;2496;2498;2500;2502;2504;2506;2508;2496;2498;2500;2502;2504;2506;2508;2496;2498;2500;2502;2504;2506;2508;2496;2498;2500;2502;2504;2506;2508;2496;2498;2500;2502;2504;2506;2508;
2504;2506;2508;2496;2498;2500;2502;2504;0;2508;2496;2498;2500;2502;2504;2506;0;2496;2498;2500;2502;2504;2506;2508;2496;0;0;0;0;2506;2508;2496;2498;2500;2502;2504;2506;2508;2496;2498;2500;2502;2504;2506;2508;2496;2498;2500;2502;2504;2506;2508;2496;2498;2500;2502;2504;2506;2508;2496;2498;2500;2502;2504;2506;2508;2496;2498;2500;2502;2504;2506;2508;2496;2498;2500;2502;2504;2506;2508;2496;2498;2500;2502;2504;2506;2508;2496;2498;2500;2502;2504;2506;2508;2496;2498;2500;2502;2504;2506;
2502;2504;2506;2508;2496;2498;2500;2502;2504;2506;2508;2496;2498;2500;2502;2504;2506;2508;2496;2498;2500;2502;2504;2506;2508;2496;2498;2500;2502;2504;2506;2508;2496;2498;2500;2502;2504;2506;2508;2496;2498;2500;2502;2504;2506;2508;2496;2498;2500;2502;2504;2506;2508;2496;2498;2500;2502;2504;2506;2508;2496;2498;2500;2502;2504;2506;2508;2496;2498;2500;2502;2504;2506;2508;2496;2498;2500;2502;2504;2506;2508;2496;2498;2500;2502;2504;2506;2508;2496;2498;2500;2502;2504;2506;2508;2496;2498;2500;2502;2504;
2500;2502;2504;2506;2508;2496;2498;2500;2502;2504;2506;2508;2496;2498;2500;2502;2504;2506;2508;2496;2498;2500;2502;2504;2506;2508;2496;2498;2500;2502;2504;2506;2508;2496;2498;2500;2502;2504;2506;2508;2496;2498;2500;2502;2504;2506;2508;2496;2498;2500;2502;2504;2506;2508;2496;2498;2500;2502;2504;2506;2508;2496;2498;2500;2502;2504;2506;2508;2496;2498;2500;2502;2504;2506;2508;2496;2498;2500;2502;2504;2506;2508;2496;2498;2500;2502;2504;2506;2508;2496;2498;2500;2502;2504;2506;2508;2496;2498;2500;2502;
14;14;14;14;14;14;14;14;14;14;14;14;14;14;14;14;14;14;14;14;14;14;14;14;14;14;14;14;14;14;14;14;14;14;14;14;14;14;14;14;14;14;14;14;14;14;14;14;14;14;14;14;14;14;14;14;14;14;14;14;14;14;14;14;14;14;14;14;14;14;14;14;14;14;14;14;14;14;14;14;14;14;14;14;14;14;14;14;14;14;14;14;14;14;14;14;14;14;14;14;
14;14;14;14;14;14;14;14;14;14;14;14;14;14;14;14;14;14;14;14;14;14;14;14;14;14;14;14;14;14;14;14;14;14;14;14;14;14;14;14;14;14;14;14;14;14;14;14;14;14;14;14;14;14;14;14;14;14;14;14;14;14;14;14;14;14;14;14;14;14;14;14;14;14;14;14;14;14;14;14;14;14;14;14;14;14;14;14;14;14;14;14;14;14;14;14;14;14;14;14;
14;14;14;14;14;14;14;14;14;14;14;14;14;14;14;14;14;14;14;14;14;14;14;14;14;14;14;14;14;14;14;14;14;14;14;14;14;14;14;14;14;14;14;14;14;14;14;14;14;14;14;14;14;14;14;14;14;14;14;14;14;14;14;14;14;14;14;14;14;14;14;14;14;14;14;14;14;14;14;14;14;14;14;14;14;14;14;14;14;14;14;14;14;14;14;14;14;14;14;14;
14;14;14;14;14;14;14;14;14;14;14;14;14;14;14;14;14;14;14;14;14;14;14;14;14;14;14;14;14;14;14;14;14;14;14;14;14;14;14;14;14;14;14;14;14;14;14;14;14;14;14;14;14;14;14;14;14;14;14;14;14;14;14;14;14;14;14;14;14;14;14;14;14;14;14;14;14;14;14;14;14;14;14;14;14;14;14;14;14;14;14;14;14;14;14;14;14;14;14;14;
14;14;14;14;14;14;14;14;14;14;14;14;14;14;14;14;14;14;14;14;14;14;14;14;14;14;14;14;14;14;14;14;14;14;14;14;14;14;14;14;14;14;14;14;14;14;14;14;14;14;14;14;14;14;14;14;14;14;14;14;14;14;14;14;14;14;14;14;14;14;14;14;14;14;14;14;14;14;14;14;14;14;14;14;14;14;14;14;14;14;14;14;14;14;14;14;14;14;14;14;
566;14;14;14;14;14;14;14;14;14;14;14;14;14;14;14;14;14;14;14;14;14;14;14;14;14;14;14;14;14;14;14;14;14;14;14;14;14;14;14;14;14;14;14;14;14;14;14;14;14;14;14;14;14;14;14;14;14;14;14;14;14;14;14;14;14;14;14;14;14;14;14;14;14;14;14;14;14;14;14;14;14;14;14;14;14;14;14;14;14;14;14;14;14;14;14;14;14;14;14;
