0;0;0;0;0;0;0;0;0;0;0;0;0;0;0;0;0;0;0;0;0;0;0;0;0;0;0;0;0;0;0;0;0;0;0;0;0;0;0;0;0;0;0;0;0;0;0;0;0;0;0;0;0;0;0;0;0;0;0;0;0;0;0;0;0;0;0;0;0;0;0;0;0;0;0;0;0;0;0;0;0;0;0;0;0;0;0;0;0;0;0;0;0;0;0;0;0;0;0;0;
0;0;0;0;0;0;0;0;0;0;0;0;0;0;0;0;0;0;0;0;0;0;0;0;0;0;0;0;0;0;0;0;0;0;0;0;0;0;0;0;0;0;0;0;0;0;0;0;0;0;0;0;0;0;0;0;0;0;0;0;0;0;0;0;0;0;0;0;0;0;0;0;0;0;0;0;0;0;0;0;0;0;0;0;0;0;0;0;0;0;0;0;0;0;0;0;0;0;0;0;
0;0;0;0;0;0;0;0;0;0;0;0;0;0;0;0;0;0;0;0;0;0;0;0;0;0;0;0;0;0;0;0;0;0;0;0;0;0;0;0;0;0;0;0;0;0;0;0;0;0;0;0;0;0;0;0;0;0;0;0;0;0;0;0;0;0;0;0;0;0;0;0;0;0;0;0;0;0;0;0;0;0;0;0;0;0;0;0;0;0;0;0;0;0;0;0;0;0;0;0;
0;0;0;0;0;2792;0;0;0;0;0;0;0;0;0;0;0;0;0;0;0;0;0;0;0;0;0;0;2;0;0;0;0;0;0;0;0;0;0;0;0;0;0;0;0;0;0;0;0;0;2;0;2;0;0;0;0;0;0;0;0;0;0;0;0;0;0;0;0;0;0;0;0;0;2;0;0;0;0;0;0;0;0;0;0;0;0;0;0;0;0;0;0;0;0;0;0;0;0;0;
0;0;0;0;2792;0;0;0;0;0;2;0;0;0;0;0;0;0;0;0;0;0;0;2;0;0;0;0;0;0;2;0;0;0;2;0;0;0;0;0;0;0;0;0;0;0;0;0;0;0;0;0;0;2;0;2;0;0;0;0;0;0;0;0;0;0;0;0;0;0;0;0;0;0;0;0;0;0;0;2;0;0;0;0;0;0;0;0;0;0;0;0;0;0;0;0;0;0;0;0;
0;0;0;0;0;0;0;0;0;0;0;0;2;0;0;0;0;0;0;0;0;2;0;0;0;0;2;0;0;0;0;0;0;0;0;0;2;0;0;0;0;0;0;2;0;0;0;0;0;0;0;0;0;0;0;0;0;2;0;0;0;0;0;0;0;0;2;0;0;0;0;0;2;0;0;0;2;0;0;0;0;0;0;2;0;0;0;0;0;2;0;0;2;0;0;0;0;0;0;0;
0;0;0;0;0;0;0;0;0;0;0;0;0;0;2;0;0;0;0;2;0;0;0;0;0;0;0;0;0;0;0;0;0;0;0;0;0;0;2;0;0;0;0;0;0;0;0;0;0;0;2;0;0;0;0;0;0;0;0;0;0;0;2;0;0;0;0;2;0;0;0;0;0;0;0;0;0;0;0;0;0;0;0;0;0;0;0;0;0;0;0;0;0;0;0;0;0;0;0;0;
0;0;0;0;0;0;0;2792;0;0;0;0;0;0;0;0;0;2;0;0;0;0;0;0;0;0;0;0;0;0;0;0;0;0;0;0;0;0;0;0;0;2;0;0;0;0;0;0;2;0;0;0;0;0;0;0;0;0;0;0;0;0;0;0;0;0;0;0;0;0;2;0;0;0;0;0;0;0;0;0;0;0;0;0;0;0;0;0;2;0;2;0;0;0;0;0;0;0;0;0;
0;0;0;0;0;2;0;0;0;0;0;0;0;0;0;0;0;0;0;0;0;0;0;0;0;0;0;0;0;0;0;0;0;0;0;0;0;0;0;0;0;0;0;0;0;0;0;0;0;0;0;0;0;0;0;0;0;0;0;0;0;2;0;0;0;0;0;0;0;0;0;0;0;0;0;0;0;0;0;0;0;0;0;0;0;0;0;0;0;0;0;0;0;0;0;0;0;0;0;0;
0;0;0;0;0;0;0;0;0;0;0;0;0;0;0;0;0;0;0;0;0;0;0;0;0;0;0;0;0;0;0;0;0;0;0;0;0;0;0;0;0;0;0;0;0;0;0;2;0;0;0;0;0;0;0;0;0;0;0;0;0;0;0;0;0;0;0;0;0;0;0;0;0;2;0;0;0;0;0;0;0;0;0;0;0;0;0;0;0;0;0;0;0;0;0;0;0;0;0;0;
0;0;0;0;0;0;0;0;0;0;0;0;0;0;0;0;0;0;0;0;0;0;0;0;2;0;0;2;0;0;0;0;0;2;0;0;0;0;2;0;0;0;0;0;0;0;0;0;0;0;0;0;0;0;0;0;0;0;0;0;0;0;0;0;0;0;0;0;0;0;0;0;0;0;0;0;0;2;0;0;0;2;0;2;0;2;0;0;2;0;0;2;0;0;0;0;0;0;0;0;
2808;2808;2808;2808;2808;2808;2808;2808;2808;2808;0;0;0;0;0;0;0;0;0;0;0;0;0;0;0;0;0;0;0;0;0;0;0;0;0;0;0;0;0;0;0;0;0;2;0;0;0;0;0;0;0;0;0;0;0;0;0;0;0;0;0;0;0;0;0;0;0;0;0;0;0;0;0;0;0;0;0;0;0;0;0;0;0;0;0;0;0;0;0;0;0;0;0;0;0;0;0;0;0;0;
2808;0;0;0;0;0;0;0;0;2808;2808;0;0;0;0;0;0;2;0;0;0;0;0;0;0;0;0;0;0;0;0;0;0;0;0;0;0;0;0;0;0;0;0;0;0;0;0;0;0;0;0;0;0;0;0;0;0;0;0;0;0;0;0;0;0;0;0;0;0;0;0;0;0;0;0;0;0;0;0;0;0;2;0;0;0;0;0;0;0;0;0;0;0;0;0;0;0;0;0;0;
2808;0;0;0;0;0;0;0;0;0;2808;2808;0;0;0;0;0;0;0;0;0;0;0;0;0;0;0;0;0;0;0;0;0;0;0;0;0;0;0;0;0;0;0;0;0;0;0;0;0;0;0;0;0;0;0;0;0;0;0;0;0;0;0;0;0;0;0;0;0;0;0;0;0;0;0;0;0;0;0;0;0;0;0;0;0;0;0;0;0;0;0;0;0;0;0;0;0;0;0;0;
2808;2808;102;0;2808;2808;2808;0;0;0;0;2808;2808;2808;2808;2808;2808;2808;2808;2808;2808;2808;2808;2808;2808;2808;2808;2808;2808;2808;2808;2808;2808;2808;2808;2808;2808;2808;2808;2808;2808;2808;2808;2808;2808;2808;2808;2808;2808;2808;2808;2808;2808;2808;2808;2808;2808;2808;2808;2808;2808;2808;2808;2808;2808;2808;2808;2808;2808;2808;2808;2808;2808;2808;2808;2808;2808;2808;2808;2808;2808;2808;2808;2808;2808;2808;0;2;0;2;0;2;0;0;0;0;0;0;0;0;
2808;0;0;0;2808;2808;2808;1630;0;0;0;0;2808;2808;0;0;0;0;454;0;0;0;454;0;0;0;0;0;0;0;1630;0;0;0;1630;0;0;0;0;0;0;0;0;0;0;0;0;0;0;0;0;0;0;0;0;0;0;0;0;0;0;0;0;0;0;0;0;0;0;0;0;0;0;0;0;0;0;0;0;0;0;0;0;0;0;2808;0;0;0;0;0;0;0;0;0;0;0;0;0;0;
2808;0;0;0;2808;2808;2808;2808;1630;0;0;0;0;2808;0;0;454;0;454;0;454;0;454;0;454;0;0;0;1630;0;1630;0;1630;0;1630;0;1630;0;0;0;0;0;102;2808;2808;2808;2808;2808;2808;2808;2808;2808;2808;2808;2808;2808;2808;2808;2808;2808;2808;2808;2808;2808;2808;2808;2808;2808;2808;2808;2808;2808;2808;2808;2808;2808;0;2808;0;2808;0;2808;0;2808;0;2808;0;0;0;0;0;0;0;0;0;0;0;0;0;0;
2808;0;0;2808;2808;2808;2808;2808;2808;1630;0;0;0;0;0;0;454;0;454;0;454;0;454;0;454;0;0;0;1630;0;1630;0;1630;0;1630;0;1630;0;0;0;0;0;0;0;0;0;0;0;0;0;0;0;0;0;0;0;0;0;0;0;0;0;0;0;0;0;0;0;0;2808;0;0;0;0;2808;2808;0;2808;0;2808;0;2808;0;2808;0;2808;0;0;0;0;0;0;0;0;0;0;0;0;0;0;
2808;0;0;0;2808;2808;2808;2808;2808;2808;1630;0;20;410;0;0;454;0;0;0;454;0;0;0;454;20;410;0;1630;0;0;0;1630;0;0;0;1630;20;410;0;0;0;102;2808;2808;2808;2808;2808;2808;2808;2808;2808;2808;2808;2808;2808;2808;2808;2808;2808;2808;2808;2808;2808;2808;2808;2808;2808;2808;2808;0;0;2808;0;0;2808;0;2808;0;2808;0;2808;0;2808;0;2808;0;0;0;0;0;0;0;0;0;0;0;0;0;0;
2808;0;0;0;2808;2808;2808;2808;2808;2808;2808;2808;2808;2808;2808;2808;2808;2808;2808;2808;2808;2808;2808;2808;2808;2808;2808;2808;2808;2808;2808;2808;2808;2808;2808;2808;2808;2808;2808;2808;2808;0;0;0;0;0;0;0;0;0;0;0;0;0;0;0;0;0;0;0;0;0;0;0;0;0;0;0;0;2808;0;0;2808;2808;0;2808;0;2808;0;2808;0;2808;0;2808;0;2808;0;0;0;0;0;0;0;0;0;0;0;0;0;0;
2808;2808;0;0;2808;0;0;0;0;0;0;0;0;0;0;0;0;0;0;2808;2808;0;2808;2808;0;2808;2808;0;2808;2808;0;2808;2808;0;2808;2808;0;0;0;2808;2808;2808;2808;2808;2808;2808;2808;2808;2808;2808;2808;2808;2808;2808;2808;2808;2808;2808;2808;2808;2808;2808;2808;2808;2808;2808;2808;2808;2808;2808;0;0;2808;0;0;2808;0;2808;0;2808;0;2808;0;2808;0;2808;2808;2808;2808;2808;2808;2808;2808;2808;2808;2808;2808;2808;2808;2808;
2808;0;0;0;2808;0;2808;2808;2808;2808;2808;2808;2808;2808;2808;2808;2808;2808;0;2808;2808;0;0;0;0;2808;2808;0;2808;2808;0;2808;2808;0;2808;2808;0;0;0;2808;2808;2808;0;162;0;0;162;0;0;0;162;0;0;0;162;0;0;0;0;0;0;2808;2808;2808;2808;0;0;0;0;0;0;0;2808;0;0;2808;0;2808;0;2808;0;2808;0;2808;527;2808;681;0;0;0;0;0;0;0;0;0;0;0;0;2808;
2808;0;0;0;2808;0;0;0;0;0;0;0;0;0;0;0;0;2808;0;0;0;0;2808;2808;0;2808;2808;0;2808;2808;0;0;0;0;2808;2808;0;0;0;2808;2808;2808;0;0;0;0;0;0;0;0;0;0;0;0;0;0;0;0;0;0;0;2808;2808;0;162;0;0;0;0;0;0;0;2808;0;2808;2808;0;2808;0;2808;0;2808;0;2808;0;2808;0;0;0;0;0;0;0;0;0;410;20;0;0;2808;
2808;0;0;2808;2808;526;2808;2808;2808;2808;2808;2808;2808;2808;2808;2808;0;2808;2808;2808;2808;0;2808;2808;0;0;0;0;2808;2808;0;2808;2808;0;0;0;0;0;0;0;0;0;410;0;0;0;0;0;0;0;0;0;0;0;0;0;0;0;0;0;0;2808;162;0;0;0;410;0;0;0;0;0;2808;0;0;2808;0;2808;0;2808;0;2808;0;2808;0;2808;2808;0;2808;0;2808;0;2808;0;2808;2808;2808;0;0;2808;
2808;0;0;0;2808;0;0;0;0;0;0;0;0;0;0;0;0;2808;2808;2808;2808;0;2808;2808;0;2808;2808;0;0;410;0;2808;2808;0;2808;2808;0;2808;2808;2808;2808;2808;102;0;162;0;0;0;162;0;0;0;162;0;0;0;162;0;0;0;0;2808;162;0;0;102;102;0;0;0;0;0;2808;0;0;2808;0;2808;0;2808;0;2808;0;2808;0;2808;1630;0;1630;0;1630;0;1630;0;1630;2808;0;0;0;2808;
2808;0;0;0;2808;0;2808;2808;2808;2808;2808;2808;2808;2808;2808;2808;526;2808;2808;2808;2808;0;2808;2808;0;2808;2808;0;2808;2808;0;2808;2808;0;2808;2808;0;2808;2808;2808;2808;2808;2808;2808;2808;2808;2808;2808;2808;2808;2808;2808;2808;2808;2808;2808;2808;2808;2808;102;0;0;0;0;162;0;0;0;2808;2808;2808;2808;2808;2808;0;2808;0;2808;0;2808;0;2808;0;2808;0;2808;1630;0;1630;0;1630;0;1630;0;1630;2808;0;0;0;2808;
2808;2808;0;0;2808;0;0;0;0;0;0;0;0;12;0;762;2808;2808;454;2808;2808;454;2808;2808;454;2808;2808;454;2808;2808;454;2808;2808;454;2808;2808;454;2808;2808;2808;2808;2808;2808;2808;2808;2808;2808;2808;2808;2808;2808;2808;2808;2808;2808;2808;2808;526;2808;2808;2808;2808;2808;2808;2808;2808;2808;2808;2808;0;0;0;0;0;0;2808;0;2808;0;2808;0;2808;0;2808;0;2808;1630;0;1630;0;1630;0;1630;0;1630;2808;0;0;2808;2808;
2808;0;0;0;2808;526;2808;2808;2808;2808;2808;2808;2808;2808;2808;2808;2808;2808;2808;2808;2808;2808;2808;2808;2808;2808;2808;2808;2808;2808;2808;2808;2808;2808;2808;2808;2808;2808;2808;2808;2808;2808;2808;454;454;454;454;454;454;454;454;454;454;454;526;2808;2808;0;0;0;0;0;0;0;0;0;0;0;0;0;2808;2808;2808;2808;2808;2808;0;2808;0;2808;0;2808;0;2808;0;2808;1630;0;1630;0;1630;0;1630;0;1630;2808;0;0;0;2808;
2808;0;0;0;2808;0;410;0;0;0;0;0;0;454;0;0;0;454;454;0;0;0;0;0;0;0;0;0;0;0;0;0;0;0;0;0;2808;0;0;0;0;0;0;0;0;0;0;0;0;0;0;0;0;0;526;2808;2808;0;2808;2808;2808;2808;2808;2808;2808;2808;2808;2808;2808;2808;2808;0;0;0;0;2808;0;2808;0;2808;0;2808;0;2808;0;2808;1630;0;1630;0;1630;0;1630;0;1630;2808;0;0;0;2808;
2808;0;0;2808;2808;102;102;102;2808;2808;454;102;0;454;0;0;0;0;0;0;0;0;0;0;0;0;0;0;0;0;0;0;0;0;0;0;60;0;0;0;0;0;0;0;0;0;0;0;0;0;0;0;0;0;526;2808;2808;0;0;0;0;0;0;0;0;0;0;0;0;0;0;0;2808;526;0;2808;0;2808;0;2808;0;2808;0;2808;0;2808;1630;0;1630;0;1630;0;1630;0;1630;2808;2808;0;0;2808;
2808;0;0;0;2808;0;0;0;2808;2808;454;0;102;454;0;102;102;0;0;0;0;0;0;0;102;102;102;102;102;102;102;102;102;102;102;102;102;0;0;0;0;0;0;0;0;0;0;0;0;0;0;0;0;0;526;2808;2808;2808;2808;2808;2808;2808;2808;2808;2808;2808;2808;2808;2808;2808;2808;526;2808;0;0;2808;0;2808;0;2808;0;2808;0;2808;0;2808;1630;0;1630;0;1630;0;1630;0;1630;2808;0;0;0;2808;
2808;0;0;0;2808;0;12;0;2808;2808;2808;102;0;0;0;0;0;454;0;454;0;0;0;410;0;454;0;0;454;0;0;454;0;0;454;0;0;0;0;0;410;0;102;526;526;526;526;526;526;526;526;526;526;0;0;0;0;410;0;0;0;0;0;0;0;0;0;0;0;0;0;0;0;0;2808;2808;0;2808;0;2808;0;2808;0;2808;0;2808;1630;0;1630;0;1630;0;1630;0;1630;2808;0;0;0;2808;
2808;2808;0;0;2808;2808;2808;2808;2808;2808;2808;2808;2808;2808;2808;2808;2808;2808;2808;2808;2808;2808;2808;2808;2808;2808;2808;2808;2808;2808;2808;2808;2808;2808;2808;2808;2808;2808;2808;2808;2808;2808;2808;2808;2808;2808;2808;2808;2808;2808;2808;2808;2808;2808;2808;2808;2808;2808;2808;2808;2808;2808;2808;2808;2808;2808;2808;2808;2808;2808;2808;2808;2808;2808;2808;2808;0;2808;0;2808;0;2808;0;2808;0;2808;1630;0;1630;0;1630;0;1630;0;1630;2808;0;0;2808;2808;
2808;0;0;0;2808;0;0;0;0;0;0;0;0;0;0;0;0;0;12;2808;0;0;0;0;0;12;2808;0;0;0;0;0;12;2808;0;0;0;0;0;0;0;0;0;0;0;0;0;0;0;0;0;0;0;0;0;0;0;0;0;0;454;0;0;454;0;0;454;0;0;454;0;0;454;0;0;2808;454;2808;454;2808;0;2808;454;2808;454;2808;1630;0;1630;0;1630;0;1630;0;1630;2808;0;0;0;2808;
2808;0;0;0;2808;0;2808;2808;2808;2808;2808;454;454;0;0;0;0;0;0;2808;0;0;0;0;0;0;2808;0;0;0;0;0;0;2808;0;0;0;0;0;0;0;0;0;102;0;0;0;102;0;0;0;102;0;0;0;102;0;0;0;0;0;0;0;0;0;0;0;0;0;0;0;0;0;0;0;0;0;0;0;0;0;0;0;0;0;2808;1630;0;1630;0;1630;0;1630;0;1630;2808;0;0;0;2808;
2808;0;0;2808;2808;0;0;0;0;0;0;454;454;454;0;0;0;0;0;2808;0;0;0;0;0;0;2808;0;0;0;0;0;0;2808;0;0;0;0;0;0;0;0;0;0;0;0;0;0;0;0;0;0;0;0;0;0;0;0;0;0;0;0;0;0;0;0;0;0;0;0;0;0;0;0;0;0;0;0;0;0;0;0;0;0;0;2808;1630;0;1630;0;1630;0;1630;0;1630;2808;2808;0;0;2808;
2808;0;0;0;2808;2808;2808;2808;2808;2808;0;454;454;454;454;0;410;0;0;2808;12;12;12;0;12;0;2808;12;12;12;0;12;0;2808;12;12;12;0;12;410;0;0;454;454;454;454;454;454;454;454;454;454;454;454;454;454;454;454;410;0;454;0;0;454;0;0;454;0;0;454;0;0;454;0;0;0;0;0;0;0;410;0;0;0;0;2808;1630;0;1630;0;1630;0;1630;0;1630;2808;0;0;0;2808;
2808;0;0;0;2808;0;0;0;0;0;0;2808;2808;2808;2808;2808;2808;2808;2808;2808;2808;2808;2808;2808;2808;2808;2808;2808;2808;2808;2808;2808;2808;2808;2808;2808;2808;2808;2808;2808;2808;2808;2808;2808;2808;2808;2808;2808;2808;2808;2808;2808;2808;2808;2808;2808;2808;2808;2808;2808;2808;2808;2808;2808;2808;2808;2808;2808;2808;2808;2808;2808;2808;2808;2808;60;2808;2808;2808;2808;2808;2808;2808;2808;2808;2808;1630;0;1630;0;1630;0;1630;0;1630;2808;0;0;0;2808;
2808;2808;0;0;2808;0;2808;2808;2808;2808;2808;2808;0;0;0;0;0;0;454;0;0;0;0;2808;2808;2808;2808;2808;0;0;0;0;0;0;0;526;0;0;0;0;0;0;0;526;0;0;0;0;0;0;0;2808;0;0;0;0;526;0;0;0;0;0;0;0;526;0;0;0;0;0;0;0;0;0;0;0;2808;2808;2808;2808;2808;2808;2808;2808;2808;2808;1630;0;1630;0;1630;0;1630;0;1630;2808;0;0;2808;2808;
2808;0;0;0;2808;0;0;0;0;0;0;0;0;410;0;454;0;0;0;0;0;0;0;0;0;2808;2808;2808;0;0;0;454;0;0;0;526;0;0;0;454;0;0;0;526;0;0;0;454;0;0;0;0;0;0;0;0;526;0;0;0;0;0;102;0;526;0;0;0;0;2808;2808;2808;2808;2808;2808;2808;2808;2808;2808;2808;2808;2808;2808;2808;2808;2808;1630;0;1630;0;1630;0;1630;0;1630;2808;0;0;0;2808;
2808;0;0;0;2808;2808;2808;2808;2808;2808;2808;2808;2808;2808;2808;2808;2808;2808;2808;2808;2808;2808;0;0;0;0;2808;2808;0;0;454;454;454;0;0;0;0;0;454;454;454;0;0;0;0;0;454;454;454;0;0;2808;0;0;526;0;526;0;0;526;102;102;526;0;526;0;0;0;0;2808;1630;1630;1630;1630;1630;1630;2808;2808;2808;2808;1630;1630;1630;1630;1630;2808;1630;0;1630;0;1630;0;1630;0;1630;2808;0;0;0;2808;
2808;0;0;2808;2808;2808;2808;2808;2808;2808;2808;2808;2808;2808;2808;2808;2808;2808;2808;2808;2808;2808;1630;0;0;0;0;0;0;102;454;0;454;102;0;102;0;102;454;0;454;102;0;102;0;102;454;0;454;102;0;2808;0;0;526;0;0;0;0;526;0;0;526;0;526;0;0;0;0;0;0;0;0;0;0;0;0;0;0;0;0;0;0;0;544;2808;1630;0;1630;0;1630;0;1630;0;1630;2808;2808;0;0;2808;
2808;0;0;0;0;0;0;0;454;0;0;0;0;0;454;0;0;0;0;0;0;1630;2808;1630;0;0;0;0;0;0;454;954;166;0;0;0;0;0;454;954;166;0;0;0;0;0;166;954;454;0;0;2808;0;0;526;0;0;0;0;526;0;0;526;0;0;0;0;410;0;102;1630;1630;1630;1630;1630;1630;2808;2808;2808;2808;1630;1630;1630;1630;1630;2808;1630;0;1630;0;1630;0;1630;0;1630;2808;0;0;0;2808;
2808;0;0;0;0;454;0;0;0;0;0;454;0;0;0;0;0;454;410;20;0;0;1630;2808;2808;2808;2808;2808;2808;2808;2808;2808;2808;2808;2808;2808;2808;2808;2808;2808;2808;2808;2808;2808;2808;2808;2808;2808;2808;2808;2808;2808;2808;2808;2808;2808;2808;2808;2808;2808;2808;2808;2808;2808;2808;2808;2808;2808;2808;2808;2808;2808;2808;2808;2808;2808;2808;2808;2808;2808;2808;2808;2808;2808;2808;2808;1630;1630;1630;0;1630;1630;1630;1630;1630;2808;0;0;0;2808;
2808;2808;2808;2808;2808;2808;2808;2808;2808;2808;2808;2808;2808;2808;2808;2808;2808;2808;2808;2808;0;0;0;1630;2808;2808;2808;0;0;1630;0;0;1630;0;0;0;1630;0;0;1630;0;0;0;2808;0;0;0;2808;0;0;0;2808;0;0;0;454;0;0;0;0;0;0;0;0;0;410;0;0;2808;2808;2808;2808;2808;2808;2808;2808;2808;2808;2808;2808;2808;2808;2808;2808;0;2808;2808;2808;2808;0;2808;2808;2808;2808;2808;2808;0;0;2808;2808;
2808;2808;2808;2808;2808;2808;2808;2808;2808;2808;2808;2808;2808;2808;2808;2808;2808;2808;2808;2808;2808;0;0;0;1630;2808;2808;0;0;0;0;0;0;0;0;0;0;0;0;0;0;0;0;0;0;0;0;0;0;0;0;0;0;0;0;454;0;102;102;102;102;102;102;102;454;102;0;0;2808;2808;2808;0;0;0;2808;0;0;0;2808;0;0;0;2808;2808;0;0;0;0;0;0;0;0;0;0;0;2808;0;0;0;2808;
984;12;0;0;0;0;0;0;0;0;60;1770;60;1770;60;1770;60;1770;2808;2808;2808;2808;0;0;0;1630;2808;0;0;0;0;0;0;0;0;0;0;0;0;0;0;0;0;2808;0;2808;0;2808;0;2808;0;2808;0;0;0;454;102;102;102;102;102;102;102;0;454;0;0;20;0;0;0;0;2808;0;0;0;2808;0;0;0;2808;0;0;0;0;0;0;0;0;0;0;0;0;0;0;2808;0;0;0;2808;
1278;410;0;0;1324;0;102;0;0;0;60;102;2808;102;2808;102;2808;102;2808;2808;2808;2808;2808;0;0;0;0;0;0;1630;0;0;1630;0;0;0;1630;0;0;1630;0;410;20;2808;454;2808;454;2808;454;2808;454;2808;0;410;20;0;0;102;102;102;102;102;102;102;454;0;0;102;2808;2808;1630;2808;2808;2808;1630;2808;2808;2808;1630;2808;2808;2808;1630;2808;102;0;0;0;0;0;0;0;0;0;0;2808;2808;0;0;2808;
1276;20;0;1450;1450;1450;0;1450;1450;1450;60;102;0;102;12;102;0;102;2808;2808;2808;2808;2808;2808;2808;2808;2808;2808;2808;2808;2808;2808;2808;2808;2808;2808;2808;2808;2808;2808;2808;2808;2808;2808;2808;2808;2808;2808;2808;2808;2808;2808;2808;2808;2808;2808;2808;2808;2808;2808;2808;2808;2808;2808;2808;2808;2808;2808;2808;2808;2808;2808;2808;2808;2808;2808;2808;2808;2808;2808;2808;2808;2808;2808;2808;2808;2808;2808;2808;2808;2808;2808;2808;2808;2808;2808;0;0;0;2808;
2808;60;2808;2808;2808;2808;2808;2808;2808;2808;2808;2808;2808;2808;2808;2808;2808;2808;2808;0;0;0;0;0;0;0;0;0;0;0;0;0;0;0;0;0;0;0;0;0;0;0;0;0;2808;0;2808;0;0;0;2808;0;0;0;0;0;0;0;0;0;0;0;0;0;0;0;0;0;0;0;0;0;0;0;0;0;0;0;0;0;0;0;0;0;0;0;0;0;0;0;0;0;0;0;0;0;0;0;0;2808;
242;0;762;20;0;0;0;0;0;0;0;0;0;0;0;0;0;0;0;0;0;0;0;0;0;0;0;0;0;0;0;0;0;0;0;0;0;0;0;0;0;0;0;0;0;0;2808;0;2808;0;0;0;0;0;0;0;0;0;0;0;0;0;0;0;0;0;0;0;0;0;0;0;0;0;0;0;0;0;0;0;0;0;0;0;0;0;0;0;0;0;0;0;0;0;0;0;0;0;2808;2808;
2808;2808;2808;2808;2808;102;658;658;0;0;0;102;102;102;0;102;102;102;0;0;0;0;454;0;0;0;0;0;454;0;0;0;0;0;454;0;0;0;0;0;454;0;0;0;2808;0;0;0;2808;0;2808;0;0;0;0;0;0;0;0;0;0;0;0;0;0;0;0;0;0;0;0;0;0;0;0;0;0;0;0;0;454;0;0;0;0;0;0;0;454;0;0;0;0;0;0;0;0;0;0;2808;
2808;6;0;0;3286;0;20;20;0;20;0;20;0;20;0;0;0;0;0;20;410;0;2808;0;0;0;0;0;2808;0;0;0;0;0;2808;0;0;0;0;0;2808;20;410;0;2808;0;2808;0;2808;0;2808;20;410;0;2808;454;454;454;454;454;2808;454;454;454;454;454;2808;454;454;454;454;454;2808;20;410;0;454;0;0;0;454;0;0;0;454;0;0;0;454;0;0;0;454;0;0;0;0;0;0;2808;
2808;8;2808;2808;2808;2808;2808;2808;2808;2808;2808;2808;2808;2808;2808;2808;2808;2808;2808;2808;2808;2808;2808;2808;2808;2808;2808;2808;2808;2808;2808;2808;2808;2808;2808;2808;2808;2808;2808;2808;2808;2808;2808;2808;2808;2808;2808;2808;2808;2808;2808;2808;2808;2808;2808;2808;2808;2808;2808;2808;2808;2808;2808;2808;2808;2808;2808;2808;2808;2808;2808;2808;2808;2808;2808;2808;2808;2808;2808;2808;2808;2808;2808;2808;2808;2808;2808;2808;2808;2808;2808;2808;2808;2808;2808;2808;2808;2808;2808;2808;
8;8;8;8;8;8;8;8;8;8;8;8;8;8;8;8;8;8;8;8;8;8;8;8;8;8;8;8;8;8;8;8;8;8;8;8;8;8;8;8;8;8;8;8;8;8;8;8;8;8;8;8;8;8;8;8;8;8;8;8;8;8;8;8;8;8;8;8;8;8;8;8;8;8;8;8;8;8;8;8;8;8;8;8;8;8;8;8;8;8;8;8;8;8;8;8;8;8;8;8;
8;8;8;8;8;8;8;8;8;8;8;8;8;8;8;8;8;8;8;8;8;8;8;8;8;8;8;8;8;8;8;8;8;8;8;8;8;8;8;8;8;8;8;8;8;8;8;8;8;8;8;8;8;8;8;8;8;8;8;8;8;8;8;8;8;8;8;8;8;8;8;8;8;8;8;8;8;8;8;8;8;8;8;8;8;8;8;8;8;8;8;8;8;8;8;8;8;8;8;8;
8;8;8;8;8;8;8;8;8;8;8;8;8;8;8;8;8;8;8;8;8;8;8;8;8;8;8;8;8;8;8;8;8;8;8;8;8;8;8;8;8;8;8;8;8;8;8;8;8;8;8;8;8;8;8;8;8;8;8;8;8;8;8;8;8;8;8;8;8;8;8;8;8;8;8;8;8;8;8;8;8;8;8;8;8;8;8;8;8;8;8;8;8;8;8;8;8;8;8;8;
8;8;8;8;8;8;8;8;8;8;8;8;8;8;8;8;8;8;8;8;8;8;8;8;8;8;8;8;8;8;8;8;8;8;8;8;8;8;8;8;8;8;8;8;8;8;8;8;8;8;8;8;8;8;8;8;8;8;8;8;8;8;8;8;8;8;8;8;8;8;8;8;8;8;8;8;8;8;8;8;8;8;8;8;8;8;8;8;8;8;8;8;8;8;8;8;8;8;8;8;
8;8;8;8;8;8;8;8;8;8;8;8;8;8;8;8;8;8;8;8;8;8;8;8;8;8;8;8;8;8;8;8;8;8;8;8;8;8;8;8;8;8;8;8;8;8;8;8;8;8;8;8;8;8;8;8;8;8;8;8;8;8;8;8;8;8;8;8;8;8;8;8;8;8;8;8;8;8;8;8;8;8;8;8;8;8;8;8;8;8;8;8;8;8;8;8;8;8;8;8;
8;8;8;8;8;8;8;8;8;8;8;8;8;8;8;8;8;8;8;8;8;8;8;8;8;8;8;8;8;8;8;8;8;8;8;8;8;8;8;8;8;8;8;8;8;8;8;8;8;8;8;8;8;8;8;8;8;8;8;8;8;8;8;8;8;8;8;8;8;8;8;8;8;8;8;8;8;8;8;8;8;8;8;8;8;8;8;8;8;8;8;8;8;8;8;8;8;8;8;8;
