1004;1004;1004;1004;1004;1004;1004;1004;1004;1004;1004;1004;1004;1004;1004;1004;1004;1004;1004;1004;1004;1004;1004;1004;1004;1004;1004;1004;1004;1004;1004;1004;1004;1004;1004;1004;1004;1004;1004;1004;1004;1004;1004;1004;1004;1004;1004;1004;1004;1004;1004;1004;1004;1004;1004;1004;1004;1004;1004;1004;1004;1004;1004;1004;1004;1004;1004;1004;1004;1004;1004;1004;1004;1004;1004;1004;1004;1004;1004;1004;1004;1004;1004;1004;1004;1004;1004;1004;1004;1004;1004;1004;1004;1004;1004;1004;1004;1004;1004;1004;
1004;0;0;0;0;0;0;0;0;0;0;0;0;0;0;0;0;0;0;0;0;0;0;0;0;0;0;0;0;0;0;0;0;0;0;0;0;0;0;0;0;0;0;0;0;0;0;0;0;0;0;0;0;0;0;0;0;0;0;0;0;0;0;0;0;0;0;0;0;0;0;0;0;0;0;0;0;0;0;0;0;0;0;0;0;0;0;0;0;0;0;0;0;0;0;0;0;0;0;1004;
1004;0;0;0;0;0;0;0;0;0;0;0;0;0;0;0;0;0;0;0;0;0;0;0;0;0;0;0;0;0;0;0;0;0;0;0;0;0;0;0;0;0;0;0;0;0;0;0;0;0;0;0;0;0;0;0;0;0;0;0;0;0;0;0;0;0;0;0;0;0;0;0;0;0;0;0;0;0;0;0;0;0;0;0;0;0;0;0;0;0;0;0;0;0;0;0;0;0;0;1004;
1004;0;0;0;0;0;0;0;0;0;0;0;0;0;0;0;0;0;0;0;0;0;0;0;0;0;0;0;0;0;0;0;0;0;0;0;0;0;0;0;0;0;0;0;0;0;0;0;0;0;0;0;0;0;0;0;0;0;0;0;0;0;0;0;0;0;0;0;0;0;0;0;0;0;0;0;0;0;0;0;0;0;0;0;0;0;0;0;0;0;0;0;0;0;0;0;0;0;0;1004;
1004;102;102;102;102;102;102;102;102;102;102;102;102;102;102;102;102;102;102;102;102;102;102;102;102;102;102;102;102;102;102;102;102;102;102;102;102;102;102;102;102;102;102;102;102;102;102;102;102;102;0;0;0;0;1104;1104;1104;1104;1104;1104;1104;1104;1104;1104;1104;1104;1104;1104;1104;1104;1104;1104;0;0;0;0;0;0;0;0;0;0;0;0;0;0;0;0;0;0;0;0;0;0;0;0;0;0;0;1004;
1004;0;0;0;0;0;0;0;0;0;0;0;0;0;0;0;0;0;0;0;0;0;0;0;0;0;0;0;0;0;0;0;0;0;0;0;0;0;0;0;0;0;0;0;0;0;0;0;0;0;0;1004;1004;1004;1104;438;438;438;438;438;438;438;438;438;438;438;438;438;438;438;438;438;438;438;438;438;438;438;1104;1004;1004;1004;1004;1004;1004;1004;1004;1004;1004;1004;1004;1004;1004;1004;1004;1004;1004;1004;0;1004;
1004;102;102;102;102;102;102;102;102;102;102;102;102;102;102;102;102;102;102;102;102;102;102;102;102;102;102;102;102;102;102;102;102;102;102;102;102;102;102;102;102;102;102;102;102;102;102;102;102;102;0;0;0;0;1104;438;438;438;438;438;438;438;438;438;438;438;438;438;438;438;438;438;438;438;438;438;438;438;1104;0;0;0;0;0;0;0;0;0;0;0;0;0;0;0;0;0;0;0;0;1004;
1004;0;0;0;0;0;0;0;0;0;0;0;0;0;0;0;0;0;0;0;0;0;0;0;0;0;0;0;0;0;0;0;0;0;0;0;0;0;0;0;0;0;0;0;0;0;0;0;0;0;0;0;0;0;1104;438;438;438;170;170;170;170;170;170;170;170;170;170;170;170;170;170;170;170;170;438;438;438;1104;0;0;0;0;0;0;0;0;0;0;0;0;0;0;0;0;0;0;0;0;1004;
1004;0;102;102;102;102;102;102;102;102;102;102;102;102;102;102;102;102;102;102;102;102;102;102;102;102;102;102;102;102;102;102;102;102;102;102;102;102;102;102;102;102;102;102;102;102;102;102;102;102;0;1004;1004;1004;1104;1104;1104;1104;60;0;0;0;0;0;0;0;1278;0;0;0;0;0;0;0;60;1104;1104;1104;1104;1004;1004;1004;1004;1004;1004;1004;1004;1004;1004;1004;1004;1004;1004;1004;1004;1004;1004;1004;0;1004;
1004;0;0;0;0;0;0;0;0;0;0;0;0;0;0;0;0;0;0;0;0;0;0;0;0;0;0;0;0;0;0;0;0;0;0;0;0;0;0;0;0;0;0;0;0;0;0;0;0;0;0;0;0;0;1104;438;3408;3408;170;102;0;0;0;0;0;0;0;0;0;0;0;0;0;102;170;3408;3408;438;1104;0;0;0;0;0;0;0;0;0;0;0;0;0;0;0;0;0;0;0;0;1004;
1004;0;102;102;102;102;102;102;102;102;102;102;102;102;102;102;102;102;102;102;102;102;102;102;102;102;102;102;102;102;102;102;102;102;102;102;102;102;102;102;102;102;102;102;102;102;102;102;102;102;260;0;0;0;1104;438;438;438;170;0;102;170;60;170;170;60;170;60;170;170;60;170;102;0;170;438;438;438;1104;0;0;0;0;0;0;0;0;0;0;0;0;0;0;0;0;0;0;0;0;1004;
1004;0;0;0;0;0;0;0;0;0;0;0;0;0;0;0;0;0;0;0;0;0;0;0;0;0;0;0;0;0;0;0;0;0;0;0;0;0;0;0;0;0;0;0;0;0;0;0;0;0;260;1004;1004;1004;1104;1104;438;438;170;0;0;170;1594;0;1594;0;1594;0;1594;0;1594;170;0;0;170;438;438;1104;1104;1004;1004;1004;1004;1004;1004;1004;0;0;0;0;0;0;0;0;0;0;0;0;0;1004;
1004;0;0;0;0;0;0;0;0;0;0;0;0;0;0;0;0;0;0;0;0;0;0;0;0;0;0;0;0;0;0;0;0;0;0;0;0;0;0;0;0;0;0;0;0;0;0;0;0;0;260;0;0;0;1104;1104;438;438;170;0;0;170;1594;102;1594;102;1594;102;1594;102;1594;170;0;0;170;438;438;1104;1104;0;0;0;0;0;0;0;0;0;0;0;0;0;0;0;0;0;0;0;0;1004;
1004;0;0;0;0;0;0;0;0;0;0;0;0;0;0;0;0;0;0;0;0;0;0;0;0;0;0;0;0;0;0;0;0;0;0;0;0;0;0;0;0;0;0;0;0;0;0;0;0;0;260;0;0;0;1104;1104;438;438;170;848;842;170;1594;0;1594;0;6;0;1594;0;1594;170;0;0;170;438;438;1104;1104;0;0;0;0;0;0;0;0;0;0;0;0;0;0;0;0;0;0;0;0;1004;
1004;0;0;0;0;0;0;0;0;0;0;0;0;0;0;0;0;0;0;0;0;0;0;0;0;0;0;0;0;0;0;0;0;0;0;0;0;0;0;0;0;0;0;0;0;0;0;0;0;0;224;1004;1004;1004;1104;1104;438;438;170;0;170;170;60;170;170;170;8;170;170;170;60;170;170;0;170;438;438;1104;1104;1004;1004;1004;0;0;0;0;0;0;0;0;0;0;0;0;0;0;0;0;0;1004;
1004;0;0;0;0;0;0;0;0;0;0;0;0;0;0;0;0;0;0;0;0;0;0;0;0;0;0;0;0;0;0;0;0;0;0;0;0;0;0;0;0;0;0;0;0;0;0;0;100;100;260;0;0;0;1104;1104;438;438;170;0;0;0;0;0;1452;1452;1236;1452;1452;0;0;0;0;0;170;438;438;1104;1104;0;0;0;0;0;0;0;0;0;0;0;0;0;0;0;0;0;0;0;0;1004;
1004;0;0;0;0;0;0;0;0;0;0;0;0;0;0;0;0;0;0;0;0;0;0;0;0;0;0;0;0;0;0;0;0;0;0;0;0;0;0;0;0;0;0;0;0;0;0;0;0;0;260;0;0;1308;1104;1104;438;438;170;102;0;0;102;0;1514;1514;1514;1514;1514;0;102;0;0;102;170;438;438;1104;1104;0;0;0;0;0;0;0;0;0;0;0;0;0;0;0;0;0;0;0;0;1004;
1004;0;0;0;0;0;0;0;0;0;0;0;0;0;0;0;0;0;0;0;0;0;0;0;0;0;0;0;0;0;0;0;0;0;0;0;0;0;0;0;0;0;0;0;0;0;0;0;0;0;260;1004;1004;1004;1104;1104;438;438;170;0;0;0;0;0;0;0;714;0;0;0;0;0;0;0;170;438;438;1104;1104;1004;1004;1004;0;0;0;0;0;0;0;0;0;0;0;0;0;0;0;0;0;1004;
1004;0;0;0;0;0;0;0;0;0;0;0;0;0;0;0;0;0;0;0;0;0;0;0;0;0;0;0;0;0;0;0;0;0;0;0;0;0;0;0;0;0;0;0;0;0;0;0;0;0;260;0;0;1308;1104;1104;1104;1104;60;0;0;0;0;0;1514;1514;1514;1514;1514;0;0;0;0;0;60;1104;1104;1104;1104;0;0;0;0;0;0;0;0;0;0;0;0;0;0;0;0;0;0;0;0;1004;
1004;0;0;0;0;0;0;0;0;0;0;0;0;0;0;0;0;0;0;0;0;0;0;0;0;0;0;0;0;0;0;0;0;0;0;0;0;0;0;0;0;0;0;0;0;0;0;0;0;0;260;0;0;1308;1104;438;3408;3408;170;170;170;170;170;170;0;0;0;0;0;170;170;170;170;170;170;3408;3408;438;1104;0;0;0;0;866;0;0;0;0;0;0;0;0;0;0;0;0;0;0;0;1004;
1004;0;0;0;0;0;0;0;0;0;0;0;0;0;0;0;0;0;0;0;0;0;0;0;0;0;0;0;0;0;0;0;0;0;0;0;0;0;0;0;0;0;0;0;0;0;0;0;0;0;260;0;1004;1004;1104;438;438;438;438;438;438;438;438;438;438;438;438;438;438;438;438;438;438;438;438;438;438;438;1104;1004;1004;1004;0;0;0;0;0;0;0;0;0;0;0;0;0;0;0;0;0;1004;
1004;0;0;0;0;0;0;0;0;0;0;0;0;0;0;0;0;0;0;0;0;0;0;0;0;0;0;0;0;0;0;0;0;0;0;0;0;0;0;0;0;0;0;0;0;0;0;0;0;0;260;0;0;1308;1104;438;438;438;438;438;438;438;438;438;438;438;438;438;438;438;438;438;438;438;438;438;438;438;1104;0;0;0;0;0;0;0;0;0;0;0;0;0;0;0;0;0;0;0;0;1004;
1004;0;0;0;0;0;0;0;0;0;0;0;0;0;0;0;0;0;0;0;0;0;0;0;0;0;0;0;0;0;0;0;0;0;0;0;0;0;0;0;0;0;0;0;0;0;0;0;0;0;260;102;0;0;1104;1104;1104;1104;1104;1104;1104;1104;1104;1104;1104;1104;1104;1104;1104;1104;1104;1104;1104;1104;1104;1104;1104;1104;1104;0;0;102;0;0;0;0;0;0;0;0;0;0;0;0;0;0;0;0;0;1004;
1004;0;0;0;0;0;0;0;0;0;0;0;0;0;0;0;0;0;0;0;0;0;0;0;0;0;0;0;0;0;0;0;0;0;0;0;0;0;0;0;0;0;0;0;0;0;0;0;0;0;260;0;0;0;0;0;0;0;0;0;0;0;0;0;0;0;0;0;0;0;0;0;0;0;0;0;0;0;0;0;0;0;0;0;0;0;0;0;0;0;0;0;0;0;0;0;0;0;0;1004;
1004;0;0;0;0;0;0;0;0;0;0;0;0;0;0;0;0;0;0;0;0;0;0;0;0;0;0;0;0;0;0;0;0;0;0;0;0;0;0;0;0;0;0;0;0;0;0;0;0;0;260;0;0;0;0;0;260;260;260;260;260;260;260;224;260;260;260;260;260;224;260;260;260;260;260;260;260;0;0;0;0;0;0;0;0;0;0;0;0;0;0;0;0;0;0;0;0;0;0;1004;
1004;0;0;0;0;0;0;0;0;0;0;0;0;0;0;0;0;0;0;0;0;0;0;0;0;0;0;0;0;0;0;0;0;0;0;0;0;0;0;0;0;0;0;0;0;0;0;0;0;0;260;102;0;0;0;102;224;224;0;260;0;224;0;0;224;0;260;0;224;0;0;224;0;260;0;224;224;102;0;0;0;102;0;0;0;0;0;0;0;0;0;0;0;0;0;0;0;0;0;1004;
1004;0;0;0;0;0;0;0;0;0;0;0;0;0;0;0;0;0;0;0;0;0;0;0;0;0;0;0;0;0;0;0;0;0;0;0;0;0;0;0;0;0;0;0;0;0;0;0;0;0;260;0;0;0;0;0;224;260;260;260;260;260;102;0;260;260;260;260;260;0;102;260;260;260;260;260;224;0;0;0;0;0;0;0;0;0;0;0;0;0;0;0;0;0;0;0;0;0;0;1004;
1004;0;0;0;0;0;0;0;0;0;0;0;0;0;0;0;0;0;0;0;0;0;0;0;0;0;0;0;0;0;0;0;0;0;0;0;0;0;0;0;0;0;0;0;0;0;0;0;0;0;260;0;0;0;0;0;224;224;0;260;0;224;0;0;224;0;260;0;224;0;0;224;1422;260;0;224;224;0;0;0;0;0;260;0;0;0;0;0;0;0;0;0;0;0;0;0;0;0;0;1004;
1004;0;0;0;0;0;0;0;0;0;0;0;0;0;0;0;0;0;0;0;0;0;0;0;0;0;0;0;0;0;0;0;0;0;0;0;0;0;0;0;0;0;0;0;0;0;0;0;0;0;260;102;0;0;0;102;224;260;260;260;260;260;0;102;260;260;260;260;260;102;0;260;260;260;260;260;224;102;0;0;0;102;260;0;0;0;0;0;0;0;0;0;0;0;0;0;0;0;0;1004;
1004;0;0;0;0;0;0;0;0;0;0;0;0;0;0;0;0;0;0;0;0;0;0;0;0;0;0;0;0;0;0;0;0;0;0;0;0;0;0;0;0;0;0;0;0;0;0;0;0;0;260;0;0;0;0;0;224;224;0;260;0;224;0;0;224;0;260;0;224;0;0;224;1422;260;0;224;224;0;0;0;0;0;260;0;0;0;0;0;0;0;0;0;0;0;0;0;0;0;0;1004;
1004;0;0;0;0;0;0;0;0;0;0;0;0;0;0;0;0;0;0;0;0;0;0;0;0;0;0;0;0;0;0;0;0;0;0;0;0;0;0;0;0;0;0;0;0;0;0;0;0;0;260;0;0;0;0;0;224;260;260;260;260;260;102;0;260;260;260;260;260;0;102;260;260;260;260;260;224;0;0;0;0;0;260;0;0;0;0;0;0;0;0;0;0;0;0;0;0;0;0;1004;
1004;0;0;0;0;0;0;0;0;0;0;0;0;0;0;0;0;0;0;0;0;0;0;0;0;0;0;0;0;0;0;0;0;0;0;0;0;0;0;0;0;0;0;0;0;0;0;0;0;0;260;102;0;0;0;102;224;224;0;260;0;224;0;0;224;0;260;0;224;0;0;224;1422;260;0;224;224;102;0;0;0;102;260;0;0;0;0;0;0;0;0;0;0;0;0;0;0;0;0;1004;
1004;0;0;0;0;0;0;0;0;0;0;0;0;0;0;0;0;0;0;0;0;0;0;0;0;0;0;0;0;0;0;0;0;0;0;0;0;0;0;0;0;0;0;0;0;0;0;0;0;0;260;0;0;0;0;0;224;260;260;260;260;260;224;102;260;260;260;260;260;102;224;260;260;260;260;260;224;0;0;0;0;0;260;0;0;0;0;0;0;0;0;0;0;0;0;0;0;0;0;1004;
1004;0;0;0;0;0;0;0;0;0;0;0;0;0;0;0;0;0;0;0;0;0;0;0;0;0;0;0;0;0;0;0;0;0;0;0;0;0;0;0;0;0;0;0;0;0;0;0;0;0;260;0;0;0;0;0;224;0;0;0;0;0;0;0;0;0;0;0;0;0;0;0;0;0;0;0;224;0;0;0;0;0;260;0;0;0;0;0;0;0;0;0;0;0;0;0;0;0;0;1004;
1004;0;0;0;0;0;0;0;0;0;0;0;0;0;0;0;0;0;0;0;0;0;0;0;0;0;0;0;0;0;0;0;0;0;0;0;0;0;0;0;0;0;0;0;0;0;0;0;0;0;260;260;260;260;224;260;260;260;260;260;260;260;260;260;260;260;260;260;260;260;260;260;260;260;260;260;260;260;224;260;260;260;260;0;0;0;0;0;0;0;0;0;0;0;0;0;0;0;0;1004;
1004;0;0;0;0;0;0;0;0;0;0;0;0;0;0;0;0;0;0;0;0;0;0;0;0;0;0;0;0;0;0;0;0;0;0;0;0;0;0;0;0;0;0;0;0;0;0;0;0;0;260;0;0;0;0;0;0;0;0;0;0;0;0;0;0;0;0;0;0;0;0;0;0;0;0;0;0;0;0;0;0;0;260;0;0;0;0;0;0;0;0;0;0;0;0;0;0;0;0;1004;
1004;0;0;0;0;0;0;0;0;0;0;0;0;0;0;0;0;0;0;0;0;0;0;0;0;0;0;0;0;0;0;0;0;0;0;0;0;0;0;0;0;0;0;0;0;0;0;0;0;0;260;0;0;0;0;0;0;0;0;0;0;0;0;0;0;0;0;0;0;0;0;0;0;0;0;0;0;0;0;0;0;0;260;0;0;0;0;0;0;0;0;0;0;0;0;0;0;0;0;1004;
1004;0;0;0;0;0;0;0;0;0;0;0;0;0;0;0;0;0;0;0;0;0;0;0;0;0;0;0;0;0;0;0;0;0;0;0;0;0;0;0;0;0;0;0;0;0;0;0;0;0;1514;1514;1514;1514;224;1514;1514;1514;1514;1514;1514;1514;1514;1514;1514;1514;1514;1514;1514;1514;1514;1514;1514;1514;1514;1514;1514;1514;224;1514;1514;1514;1514;0;0;0;0;0;0;0;0;0;0;0;0;0;0;0;0;1004;
1004;0;0;0;0;0;0;0;0;0;0;0;0;0;0;0;0;0;0;0;0;0;0;0;0;0;0;0;0;0;0;0;0;0;0;0;0;0;0;0;0;0;0;0;0;0;0;0;0;0;0;0;0;0;0;0;0;0;0;0;0;0;0;0;0;0;0;0;0;0;0;0;0;0;0;0;0;0;0;0;0;0;0;0;0;0;0;0;0;0;0;0;0;0;0;0;0;0;0;1004;
1004;0;0;0;0;0;0;0;0;0;0;0;0;0;0;0;0;0;0;0;0;0;0;0;0;0;0;0;0;0;0;0;0;0;0;0;0;0;0;0;0;0;0;0;0;0;0;0;0;0;0;0;0;0;0;0;0;0;0;0;0;0;0;0;0;0;0;0;0;0;0;0;0;0;0;0;0;0;0;0;0;0;0;0;0;0;0;0;0;0;0;0;0;0;0;0;0;0;0;1004;
1004;0;0;0;0;0;0;0;0;0;0;0;0;0;0;0;0;0;0;0;0;0;0;0;0;0;0;0;0;0;0;0;0;0;0;0;0;0;0;0;0;0;0;0;0;0;0;0;0;0;0;0;0;0;0;0;0;0;0;0;0;0;0;0;0;0;0;0;0;0;0;0;0;0;0;0;0;0;100;100;100;0;0;0;0;0;0;0;0;0;0;0;0;0;0;0;0;0;0;1004;
1004;0;0;0;0;0;0;0;0;0;0;0;0;0;0;0;0;0;0;0;0;0;0;0;0;0;0;0;0;0;0;0;0;0;0;0;0;0;0;0;0;0;0;0;0;0;0;0;0;0;0;0;0;0;0;0;0;0;0;0;0;0;0;0;0;0;0;0;0;0;0;0;0;0;0;0;0;0;0;0;0;0;0;0;0;0;0;0;0;0;0;0;0;0;0;0;0;0;0;1004;
1004;0;0;0;0;0;0;0;0;0;0;0;0;0;0;0;0;0;0;0;0;0;0;0;0;0;0;0;0;0;0;0;0;0;0;0;0;0;0;0;0;0;0;0;0;0;0;0;0;0;0;0;0;0;0;0;0;0;0;0;0;0;0;0;0;0;0;0;0;0;0;0;0;0;0;0;0;0;0;0;0;0;0;0;0;0;0;0;0;0;0;0;0;0;0;0;0;0;0;1004;
1004;0;0;0;0;0;0;0;0;0;0;0;0;0;0;0;0;0;0;0;0;0;0;0;0;0;0;0;0;0;0;0;0;0;0;0;0;0;0;0;0;0;0;0;0;0;0;0;0;0;0;0;0;0;0;0;0;0;0;0;0;0;0;0;0;0;0;0;0;0;0;0;0;0;0;0;0;0;0;0;0;0;0;0;0;0;0;0;0;0;0;0;0;0;0;0;0;0;0;1004;
1004;0;0;0;0;0;0;0;0;0;0;0;0;0;0;0;0;0;0;0;0;0;0;0;0;0;0;0;0;0;0;0;0;0;0;0;0;0;0;0;0;0;0;0;0;0;0;0;0;0;0;0;0;0;0;0;0;0;0;0;0;0;0;0;0;0;0;0;0;0;0;0;0;0;0;0;0;0;0;0;0;0;0;0;0;0;0;0;0;0;0;0;0;0;0;0;0;0;0;1004;
1004;0;0;0;0;0;0;0;0;0;0;0;0;0;0;0;0;0;0;0;0;0;0;0;0;0;0;0;0;0;0;0;0;0;0;0;0;0;0;0;0;0;0;0;0;0;0;0;0;0;0;0;0;0;0;0;0;0;0;0;0;0;0;0;0;0;0;0;0;0;0;0;0;0;0;0;0;0;0;0;0;0;0;0;0;0;0;0;0;0;0;0;0;0;0;0;0;0;0;1004;
1004;0;0;0;0;0;0;0;0;0;0;0;0;0;0;0;0;0;0;0;0;0;0;0;0;0;0;0;0;0;0;0;0;0;0;0;0;0;0;0;0;0;0;0;0;0;0;0;0;0;0;0;0;0;0;0;0;0;0;0;0;0;0;0;0;0;0;0;0;0;0;0;0;0;0;0;0;0;0;0;0;0;0;0;0;0;0;0;0;0;0;0;0;0;0;0;0;0;0;1004;
1004;0;0;0;0;0;0;0;0;0;0;0;0;0;0;0;0;0;0;0;0;0;0;0;0;0;0;0;0;0;0;0;0;0;0;0;0;0;0;0;0;0;0;0;0;0;0;0;0;0;0;0;0;0;0;0;0;0;0;0;0;0;0;0;0;0;0;0;0;0;0;0;0;0;0;0;0;0;0;0;0;0;0;0;0;0;0;0;0;0;0;0;0;0;0;0;0;0;0;1004;
1004;0;0;0;0;0;0;0;0;0;0;0;0;0;0;0;0;0;0;0;0;0;0;0;0;0;0;0;0;0;0;0;0;0;0;0;0;0;0;0;0;0;0;0;0;0;0;0;0;0;0;0;0;0;0;0;0;0;0;0;0;0;0;0;0;0;0;0;0;0;0;0;0;0;0;0;0;0;0;0;0;0;0;0;0;0;0;0;0;0;0;0;0;0;0;0;0;0;0;1004;
1004;0;0;0;0;0;0;0;0;0;0;0;0;0;0;0;0;0;0;0;0;0;0;0;0;0;0;0;0;0;0;0;0;0;0;0;0;0;0;0;0;0;0;0;0;0;0;1004;1004;224;1004;1004;0;0;0;0;0;0;0;0;0;0;0;0;0;0;0;0;0;0;0;0;0;0;0;0;0;0;0;0;0;0;0;0;0;0;0;0;0;0;0;0;0;0;0;0;0;0;0;1004;
1004;0;0;0;0;0;0;0;0;0;0;0;0;0;0;0;0;0;0;0;0;0;0;0;0;0;0;0;0;0;0;0;0;0;0;0;0;0;0;0;0;0;0;0;0;0;0;1004;0;0;0;1004;0;0;0;0;0;0;0;0;0;0;0;0;0;0;0;0;0;0;0;0;0;0;0;0;0;0;0;0;0;0;0;0;0;0;0;0;0;0;0;0;0;0;0;0;0;0;0;1004;
1004;0;0;0;0;0;0;0;0;0;0;0;0;0;0;0;0;0;0;0;0;0;0;0;0;0;0;0;0;0;0;0;0;0;0;0;0;0;0;0;0;0;0;0;0;0;0;1004;102;102;102;1004;0;0;0;0;0;0;0;0;0;0;0;0;0;0;0;0;0;0;0;0;0;0;0;0;0;0;0;0;0;0;0;0;0;0;0;0;0;0;0;0;0;0;0;0;0;0;934;1004;
1004;0;0;0;0;0;0;0;0;0;0;0;0;0;0;0;0;0;0;0;0;0;0;0;0;0;0;0;0;0;0;0;0;0;0;0;0;0;0;0;0;0;0;0;0;0;0;224;0;0;0;224;0;0;0;0;0;0;0;0;0;0;0;0;0;0;0;0;0;0;0;0;0;0;0;0;0;0;0;0;0;0;0;0;0;0;0;0;0;0;0;0;0;0;0;0;0;0;1004;1004;
1004;1004;1004;1004;1004;1004;1004;1004;1004;1004;1004;1004;1004;1004;1004;1004;1004;1004;1004;1004;1004;1004;1004;1004;1004;1004;1004;1004;1004;1004;1004;1004;1004;1004;1004;1004;1004;1004;1004;1004;1004;1004;1004;1004;1004;1004;1004;1004;1004;1004;1004;1004;1004;1004;1004;1004;1004;1004;1004;1004;1004;1004;1004;1004;1004;1004;1004;1004;1004;1004;1004;1004;1004;1004;1004;1004;1004;1004;1004;1004;1004;1004;1004;1004;1004;1004;1004;1004;1004;1004;1004;1004;1004;1004;1004;1004;1004;1004;1004;242;
8;8;8;8;8;8;8;8;8;8;8;8;8;8;8;8;8;8;8;8;8;8;8;8;8;8;8;8;8;8;8;8;8;8;8;8;8;8;8;8;8;8;8;8;8;8;8;8;8;8;8;8;8;8;8;8;8;8;8;8;8;8;8;8;8;8;8;8;8;8;8;8;8;8;8;8;8;8;8;8;8;8;8;8;8;8;8;8;8;8;8;8;8;8;8;8;8;8;8;8;
8;8;8;8;8;8;8;8;8;8;8;8;8;8;8;8;8;8;8;8;8;8;8;8;8;8;8;8;8;8;8;8;8;8;8;8;8;8;8;8;8;8;8;8;8;8;8;8;8;8;8;8;8;8;8;8;8;8;8;8;8;8;8;8;8;8;8;8;8;8;8;8;8;8;8;8;8;8;8;8;8;8;8;8;8;8;8;8;8;8;8;8;8;8;8;8;8;8;8;8;
8;8;8;8;8;8;8;8;8;8;8;8;8;8;8;8;8;8;8;8;8;8;8;8;8;8;8;8;8;8;8;8;8;8;8;8;8;8;8;8;8;8;8;8;8;8;8;8;8;8;8;8;8;8;8;8;8;8;8;8;8;8;8;8;8;8;8;8;8;8;8;8;8;8;8;8;8;8;8;8;8;8;8;8;8;8;8;8;8;8;8;8;8;8;8;8;8;8;8;8;
8;8;8;8;8;8;8;8;8;8;8;8;8;8;8;8;8;8;8;8;8;8;8;8;8;8;8;8;8;8;8;8;8;8;8;8;8;8;8;8;8;8;8;8;8;8;8;8;8;8;8;8;8;8;8;8;8;8;8;8;8;8;8;8;8;8;8;8;8;8;8;8;8;8;8;8;8;8;8;8;8;8;8;8;8;8;8;8;8;8;8;8;8;8;8;8;8;8;8;8;
8;8;8;8;8;8;8;8;8;8;8;8;8;8;8;8;8;8;8;8;8;8;8;8;8;8;8;8;8;8;8;8;8;8;8;8;8;8;8;8;8;8;8;8;8;8;8;8;8;8;8;8;8;8;8;8;8;8;8;8;8;8;8;8;8;8;8;8;8;8;8;8;8;8;8;8;8;8;8;8;8;8;8;8;8;8;8;8;8;8;8;8;8;8;8;8;8;8;8;8;
8;8;8;8;8;8;8;8;8;8;8;8;8;8;8;8;8;8;8;8;8;8;8;8;8;8;8;8;8;8;8;8;8;8;8;8;8;8;8;8;8;8;8;8;8;8;8;8;8;8;8;8;8;8;8;8;8;8;8;8;8;8;8;8;8;8;8;8;8;8;8;8;8;8;8;8;8;8;8;8;8;8;8;8;8;8;8;8;8;8;8;8;8;8;8;8;8;8;8;8;
