0;0;0;0;0;0;0;0;0;0;0;0;0;0;0;0;0;0;0;0;0;0;0;0;0;0;0;0;0;0;0;0;0;0;0;0;0;0;0;0;0;0;0;0;0;0;0;0;0;0;0;0;0;0;0;0;0;0;0;0;0;0;0;0;0;0;0;0;0;0;0;0;0;0;0;0;0;0;0;0;0;0;0;0;0;0;0;0;0;0;0;0;0;0;0;0;0;0;0;0;
0;0;0;0;0;0;0;0;0;0;0;0;0;0;0;0;0;0;0;0;0;0;0;0;0;0;0;0;0;0;0;0;0;0;0;0;0;0;0;0;0;0;0;0;0;0;0;0;0;0;0;0;0;0;0;0;0;0;0;0;0;0;0;0;0;0;0;0;0;0;0;0;0;0;0;0;0;0;0;0;0;0;0;0;0;0;0;0;0;0;0;0;0;0;0;0;0;0;0;0;
0;0;0;0;0;0;0;0;0;0;0;0;0;0;0;0;0;0;0;0;2;2;2;2;0;0;0;0;0;0;0;0;0;0;0;0;0;0;0;0;0;0;0;0;0;0;0;0;0;0;0;0;0;0;0;0;0;0;0;0;0;0;0;0;0;0;0;0;0;0;0;0;0;0;0;0;0;0;0;0;0;0;0;0;0;0;0;0;0;0;0;0;0;0;0;0;0;0;0;0;
0;0;0;0;0;0;0;0;0;0;0;0;0;0;0;0;0;0;0;0;60;0;0;0;0;0;0;0;0;0;0;0;0;0;0;0;0;0;0;0;0;0;0;0;0;0;0;0;0;0;0;0;0;0;0;0;0;0;0;0;0;0;0;0;0;0;0;0;0;0;0;0;0;0;0;0;0;0;0;0;0;0;0;0;0;0;0;0;0;0;0;0;0;0;0;0;0;0;0;0;
0;0;0;0;0;0;0;2489;0;0;0;0;0;0;0;0;1003;0;0;0;3557;2;2;0;3557;0;0;0;0;0;0;0;0;0;0;0;0;0;0;0;0;0;0;0;0;0;0;0;0;0;0;0;0;0;0;0;0;0;0;0;0;0;0;0;0;0;0;0;0;0;0;0;0;0;0;0;0;0;0;0;0;0;0;0;0;0;0;0;0;0;0;0;0;0;0;0;0;0;0;0;
0;0;0;2;2;2;2;2;2;2;2;2;2;2;2;2;2;2;2;2;2;2;2;2;2;2;2;2;2;2;2;2;2;2;2;2;2;2;2;2;2;2;2;2;2;2;2;2;2;2;2;2;2;2;2;2;2;2;2;0;0;0;0;0;0;0;0;0;0;0;0;0;0;0;0;0;0;0;0;0;0;0;0;0;0;0;0;0;0;0;0;0;0;0;0;0;0;0;0;0;
0;0;0;0;0;0;0;0;0;0;778;778;778;0;0;0;0;0;0;0;0;0;0;0;0;0;0;0;0;0;0;0;0;0;0;0;0;0;0;0;0;0;0;0;0;0;0;0;0;0;0;0;0;0;0;0;0;0;0;0;0;0;0;0;0;0;0;0;0;0;0;0;0;0;0;0;0;0;0;0;0;0;0;0;0;0;0;0;0;0;0;0;0;0;0;0;0;0;0;0;
0;0;0;0;778;0;0;0;0;0;0;778;0;0;0;0;0;0;0;0;0;0;0;0;0;0;0;0;0;0;0;0;0;0;0;0;0;0;0;0;0;0;0;0;0;0;0;0;0;0;0;0;0;0;0;0;0;0;0;0;0;0;0;0;0;0;0;0;0;0;0;0;0;0;0;0;0;0;0;0;0;0;0;0;0;0;0;0;0;0;0;0;0;0;0;0;0;0;0;0;
0;0;2;0;0;0;0;0;0;778;0;778;778;0;778;0;0;0;0;0;0;0;0;0;0;0;0;0;0;0;0;0;0;0;0;0;0;0;0;0;0;0;0;0;0;0;0;0;0;0;0;0;0;0;0;0;0;0;0;0;0;0;0;0;0;0;0;0;0;0;0;0;0;0;0;0;0;0;0;0;0;0;0;0;0;0;0;0;0;0;0;0;0;0;0;0;0;0;0;0;
0;0;0;0;0;0;0;778;0;0;0;0;0;0;0;0;0;0;0;0;0;0;0;0;0;0;0;0;0;0;0;0;0;0;0;0;0;0;0;0;0;0;0;0;0;0;0;0;0;0;0;0;0;0;0;0;0;0;0;0;0;0;0;0;0;0;0;0;0;0;0;0;0;0;0;0;0;0;0;0;0;0;0;0;0;0;0;0;0;0;0;0;0;0;0;0;0;0;0;0;
0;0;0;0;0;0;0;0;0;778;0;778;0;0;0;0;0;0;0;0;0;0;0;0;0;0;0;0;0;0;0;0;0;0;0;0;0;0;0;0;0;0;0;0;0;0;0;0;0;0;0;0;0;0;0;0;0;0;0;0;0;0;0;0;0;0;0;0;0;0;0;0;0;0;0;0;0;0;0;0;0;0;0;0;0;0;0;0;0;0;0;0;0;0;0;0;0;0;0;0;
0;0;0;0;2;0;0;0;0;0;0;0;0;0;0;0;0;0;0;0;0;0;0;0;0;0;0;0;0;0;0;0;0;0;0;0;0;0;0;0;0;0;0;0;0;0;0;0;0;0;0;0;0;0;0;0;0;0;0;0;0;0;0;0;0;0;0;0;0;0;0;0;0;0;0;0;0;0;0;0;0;0;0;0;0;0;0;0;0;0;0;0;0;0;0;0;0;0;0;0;
0;0;0;0;0;0;0;0;0;0;0;0;0;0;0;0;0;0;0;0;0;0;0;0;0;0;0;0;0;0;0;0;0;0;0;0;0;0;0;0;0;0;0;0;0;0;0;0;0;0;0;0;0;0;0;0;0;0;0;0;0;0;0;0;0;0;0;0;0;0;0;0;0;0;0;0;0;0;0;0;0;0;0;0;0;0;0;0;0;0;0;0;0;0;0;0;0;0;0;0;
0;0;0;0;0;0;0;0;0;0;0;0;0;0;0;0;0;0;0;0;0;0;0;0;0;0;0;0;0;0;0;0;0;0;0;0;0;0;0;0;0;0;0;0;0;0;0;0;0;0;0;0;0;0;0;0;0;0;0;0;0;0;0;0;0;0;0;0;0;0;0;0;0;0;0;0;0;0;0;0;0;0;0;0;0;0;0;0;0;0;0;0;0;0;0;0;0;0;0;0;
0;0;0;0;0;0;2;0;0;0;0;0;0;0;0;0;0;0;0;0;0;0;0;0;0;0;0;0;0;0;0;0;0;0;0;0;0;0;0;0;0;0;0;0;0;0;0;0;0;0;0;0;0;0;0;0;0;0;0;0;0;0;0;0;0;0;0;0;0;0;0;0;0;0;0;0;0;0;0;0;0;0;0;0;0;0;0;0;0;0;0;0;0;0;0;0;0;0;0;0;
0;0;0;0;0;0;0;0;0;0;0;0;0;0;0;0;0;0;0;0;0;0;0;0;0;0;0;0;0;0;0;0;0;0;0;0;0;0;0;0;0;0;0;0;0;0;0;0;0;0;0;0;0;0;0;0;0;0;0;0;0;0;0;0;0;0;0;0;0;0;0;0;0;0;0;0;0;0;0;0;0;0;0;0;0;0;0;0;0;0;0;0;0;0;0;0;0;0;0;0;
0;0;0;0;0;0;0;0;0;0;0;0;0;0;0;0;0;0;0;0;0;0;0;0;0;0;0;0;0;0;0;0;0;0;0;0;0;0;0;0;0;0;0;0;0;0;0;0;0;0;0;0;0;0;0;0;0;0;0;0;0;0;0;0;0;0;0;0;0;0;0;0;0;0;0;0;0;0;0;0;0;0;0;0;0;0;0;0;0;0;0;0;0;0;0;0;0;0;0;0;
0;3564;3564;3564;3564;3564;3564;3564;548;548;548;548;548;548;548;548;548;548;548;548;548;548;548;548;548;548;548;548;548;548;548;548;548;548;548;548;548;548;548;548;548;548;548;548;548;548;548;548;548;548;548;548;548;548;548;548;548;548;548;548;548;548;548;548;548;548;548;548;548;548;548;548;548;548;548;548;548;548;548;548;548;548;548;548;548;548;548;548;548;548;548;548;548;548;548;548;548;548;548;548;
3572;3564;0;0;0;0;0;3564;548;0;0;0;0;0;0;0;0;0;0;0;0;0;0;0;0;0;0;548;0;0;0;0;0;0;0;0;0;0;0;0;0;0;0;0;0;0;0;0;3584;242;3584;0;0;0;0;0;0;0;0;0;0;0;0;0;0;0;0;0;0;0;0;0;0;0;0;0;0;0;0;0;0;0;0;0;0;0;0;0;0;0;0;0;0;0;0;0;0;0;0;548;
0;3564;0;3564;0;3564;0;3564;548;0;0;0;0;2;0;2;0;2;0;0;0;0;0;0;0;0;0;548;0;0;0;0;0;0;0;0;0;0;0;0;0;0;0;0;0;0;0;0;0;2646;0;0;0;0;0;786;0;0;0;0;0;0;0;0;665;0;847;0;1567;0;0;0;2811;0;653;0;1047;0;2633;0;2501;0;2509;0;523;0;2497;0;2499;0;2503;0;2507;0;2505;0;1113;0;0;548;
0;3564;0;0;0;0;0;3564;548;0;0;0;0;0;0;0;0;0;0;0;0;0;0;0;0;0;0;548;0;0;0;0;0;0;0;0;0;0;0;0;0;0;0;0;0;0;0;0;3158;3158;3158;0;0;0;0;1766;548;2946;548;2946;548;2946;548;2946;548;2946;548;2946;548;2946;548;2946;548;2946;548;2946;548;2946;548;2946;548;2946;548;2946;548;2946;548;2946;548;2946;548;2946;548;2946;548;2946;548;1766;0;548;
0;3564;0;3564;0;3564;0;3564;548;0;0;0;0;2;0;2;0;2;0;0;0;2;0;2;0;0;0;548;0;0;0;0;0;0;0;0;0;0;0;0;0;0;0;0;0;0;0;526;1882;3532;1882;526;0;0;0;1766;548;548;548;548;548;548;548;548;548;548;548;548;548;548;548;548;548;548;548;548;548;548;548;548;548;548;548;548;548;548;548;548;548;548;548;548;548;548;548;548;548;1766;0;548;
0;3564;0;0;0;0;0;3564;548;0;0;0;0;0;0;0;0;0;0;0;0;0;0;0;0;0;0;548;0;0;0;0;658;0;658;0;658;0;658;0;0;0;0;0;0;0;0;0;1728;1728;1728;0;0;0;0;0;0;0;0;0;0;0;0;0;0;0;0;0;0;0;0;0;0;0;0;0;0;0;0;0;0;0;0;0;0;0;0;0;0;0;0;0;0;0;0;0;0;0;0;548;
0;3564;0;3564;0;3564;0;3564;548;0;0;0;0;2;0;2;0;100;0;2;0;2;0;0;0;2;0;548;0;0;0;786;0;0;0;1660;0;0;0;786;0;0;0;0;0;0;714;2946;2946;2946;2946;2946;714;0;0;786;0;0;989;0;521;0;61;0;973;0;3523;0;331;0;1565;0;265;0;859;0;433;0;253;0;339;0;1105;0;439;0;333;0;677;0;1427;0;183;0;2565;0;2515;0;0;548;
3572;3564;0;0;0;0;0;3564;548;0;0;0;0;0;0;0;0;0;0;0;0;0;0;0;0;0;0;548;0;0;1728;548;1610;548;1610;548;1610;548;1610;548;1728;0;0;0;0;1196;2946;0;0;3448;0;0;2946;1196;0;1766;548;2946;548;2946;548;2946;548;2946;548;2946;548;2946;548;2946;548;2946;548;2946;548;2946;548;2946;548;2946;548;2946;548;2946;548;2946;548;2946;548;2946;548;2946;548;2946;548;2946;548;1766;0;548;
3572;3564;0;3564;0;3564;0;3564;548;0;0;0;0;2;0;2;0;0;0;2;0;2;0;2;0;2;0;548;0;0;1728;1610;1610;1610;1610;1610;1610;1610;1610;1610;1728;0;0;0;0;2946;0;1240;2946;2946;2946;1240;0;2946;0;1766;548;548;548;548;548;548;548;548;548;548;548;548;548;548;548;548;548;548;548;548;548;548;548;548;548;548;548;548;548;548;548;548;548;548;548;548;548;548;548;548;548;1766;0;548;
0;3564;0;0;0;0;0;3564;548;0;0;0;0;0;0;0;0;0;0;0;0;0;0;0;0;0;0;548;0;0;1728;0;0;0;0;0;0;0;0;0;1728;0;0;0;0;2946;0;2946;0;2862;0;2946;0;2946;0;0;0;0;0;0;0;0;0;0;0;0;0;0;0;0;0;0;0;0;0;0;0;0;0;0;0;0;0;0;0;0;0;0;0;0;0;0;0;0;0;0;0;0;0;548;
0;3564;0;3564;0;3564;0;3564;548;0;0;0;0;2;0;2;0;2;0;2;0;2;0;0;0;2;0;548;0;0;1728;0;0;0;0;0;0;0;0;0;0;786;1596;0;410;2810;1042;2586;1299;6;0;2586;1042;2810;0;786;0;0;3083;0;281;0;781;0;329;0;459;0;1041;0;421;0;2787;0;2789;0;1043;0;2797;0;181;0;613;0;65;0;283;0;553;0;425;0;987;0;627;0;2017;0;0;548;
0;3564;0;0;0;0;0;3564;548;0;0;0;0;0;0;0;0;0;0;0;0;0;0;0;0;0;0;548;0;0;1728;1610;2946;1610;2946;1610;2946;1610;2946;1610;2946;1610;1728;0;1766;2946;1728;2946;1728;8;1728;2946;1728;2946;0;1766;548;2946;548;2946;548;2946;548;2946;548;2946;548;2946;548;2946;548;2946;548;2946;548;2946;548;2946;548;2946;548;2946;548;2946;548;2946;548;2946;548;2946;548;2946;548;2946;548;2946;548;1766;0;548;
0;3564;0;3564;0;3564;0;3564;548;0;0;0;0;2;0;2;0;0;0;2;0;2;0;2;0;2;0;548;3402;0;1728;1610;1610;1610;1610;1610;1610;1610;1610;1610;1610;1610;1728;0;0;2946;2946;2946;0;0;0;2946;2946;2946;0;1766;548;548;548;548;548;548;548;548;548;548;548;548;548;548;548;548;548;548;548;548;548;548;548;548;548;548;548;548;548;548;548;548;548;548;548;548;548;548;548;548;548;1766;0;548;
3572;3564;0;0;0;0;0;3564;548;0;0;0;0;0;0;0;0;0;0;0;0;0;0;0;0;0;0;548;1728;0;1728;0;0;0;0;0;0;0;0;0;0;0;1728;0;0;2946;2946;2946;2946;2946;2946;2946;2946;2946;0;0;0;0;0;0;0;0;0;0;0;0;0;0;0;0;0;0;0;0;0;0;0;0;0;0;0;0;0;0;0;0;0;0;0;0;0;0;0;0;0;0;0;0;0;548;
0;3564;0;3564;0;3564;0;3564;548;0;0;2;0;2;0;2;0;2;0;2;0;2;0;2;0;2;0;548;0;0;1728;0;0;0;0;0;0;0;0;0;0;786;1728;0;0;0;0;0;0;1436;0;0;0;0;0;786;0;0;1611;0;995;0;997;0;963;0;1481;3569;218;0;197;0;2023;0;2021;0;1305;0;823;0;1039;0;231;0;487;0;483;0;0;0;427;0;1757;0;2009;0;3081;0;0;548;
0;3564;0;0;0;0;0;3564;548;0;0;0;0;0;0;0;0;0;0;0;0;0;0;0;0;0;0;548;0;0;1728;1610;2946;1610;2946;1610;2946;1610;2946;1610;2946;1610;1728;0;0;0;0;0;0;0;2;0;0;0;0;1766;548;2946;548;2946;548;2946;548;2946;548;2946;548;2946;548;2946;548;2946;548;2946;548;2946;548;2946;548;2946;548;2946;548;2946;548;2946;548;2946;548;2946;548;2946;548;2946;548;2946;548;1766;0;548;
0;3564;0;3564;0;3564;0;3564;548;0;0;2;0;2;0;2;0;2;0;2;0;2;0;2;0;2;0;548;0;0;1728;1610;1610;1610;1610;1610;1610;1610;1610;1610;1610;1610;1728;0;0;0;548;548;548;2946;548;548;548;0;0;1766;548;548;548;548;548;548;548;548;548;548;548;548;548;548;548;548;548;548;548;548;548;548;548;548;548;548;548;548;548;548;548;548;548;548;548;548;548;548;548;548;548;1766;0;548;
0;3564;0;0;0;0;0;3564;548;0;0;0;0;0;0;0;0;0;0;0;0;0;0;0;0;0;0;548;0;0;1728;0;0;0;0;0;0;0;0;0;0;0;1728;0;0;0;0;0;0;1984;0;0;0;0;0;0;0;0;0;0;0;0;0;0;0;0;0;0;0;0;0;0;0;0;0;0;0;0;0;0;0;0;0;0;0;0;0;0;0;0;0;0;0;0;0;0;0;0;0;548;
3572;3564;0;3564;0;3564;0;3564;548;0;0;2;0;518;0;518;0;0;0;518;0;0;0;0;0;518;0;548;0;0;1728;786;0;0;0;53;0;0;0;0;0;0;0;0;0;0;0;0;0;0;0;786;0;0;0;786;0;0;0;0;193;0;127;0;1433;0;1005;0;173;0;413;0;2809;0;225;0;111;0;109;0;513;0;201;0;59;0;607;0;285;0;2029;0;2013;0;2015;0;1557;0;0;548;
0;3564;0;0;0;0;0;3564;548;0;0;0;0;0;0;0;0;0;0;0;0;0;0;0;0;0;0;548;0;0;1728;1610;2946;1610;2946;1610;2946;1610;2946;1610;2946;1610;2946;1610;2946;1610;2946;1610;2946;1610;2946;1610;1728;0;0;1766;548;2946;548;2946;548;2946;548;2946;548;2946;548;2946;548;2946;548;2946;548;2946;548;2946;548;2946;548;2946;548;2946;548;2946;548;2946;548;2946;548;2946;548;2946;548;2946;548;2946;548;1766;0;548;
0;3564;0;3564;0;3564;0;3564;548;0;0;2;0;518;0;518;0;0;0;518;0;0;0;518;0;518;0;548;0;0;1728;1610;1610;1610;1610;1610;1610;1610;1610;1610;1610;1610;1610;1610;1610;1610;1610;1610;1610;1610;1610;1610;1728;0;0;1766;548;548;548;548;548;548;548;548;548;548;548;548;548;548;548;548;548;548;548;548;548;548;548;548;548;548;548;548;548;548;548;548;548;548;548;548;548;548;548;548;548;1766;0;548;
0;3564;0;0;0;0;0;3564;548;0;0;0;0;0;0;0;0;0;0;0;0;0;0;0;0;0;0;548;0;0;1728;0;0;0;0;0;0;0;0;0;0;0;0;0;0;0;0;0;0;0;0;0;1728;0;0;0;0;0;0;0;0;0;0;0;0;0;0;0;0;0;0;0;0;0;0;0;0;0;0;0;0;0;0;0;0;0;0;0;0;0;0;0;0;0;0;0;0;0;0;548;
0;3564;0;3564;0;3564;0;3564;548;0;0;2;0;518;0;518;0;0;0;518;0;0;0;518;0;518;0;548;0;0;1728;0;0;0;0;0;0;0;0;0;0;0;0;0;0;0;0;0;0;0;0;786;1728;0;0;786;0;0;0;0;671;0;1559;0;31;0;0;0;107;0;0;0;515;0;1561;0;1563;0;681;2978;549;0;199;0;119;0;885;0;175;0;223;0;55;0;169;0;189;0;0;548;
0;3564;0;0;0;0;0;3564;548;0;0;0;0;0;0;0;0;0;0;0;0;0;0;0;0;0;0;548;0;0;1728;1610;2946;1610;2946;1610;2946;1610;2946;1610;2946;1610;2946;1610;2946;1610;2946;1610;2946;1610;2946;1610;1728;0;0;1766;548;2946;548;2946;548;2946;548;2946;548;2946;548;2946;548;2946;548;2946;548;2946;548;2946;548;2946;548;2946;548;2946;548;2946;548;2946;548;2946;548;2946;548;2946;548;2946;548;2946;548;1766;0;548;
3572;3564;3564;3564;3564;3564;3564;3564;548;0;0;2;0;518;0;518;0;0;0;518;0;0;0;518;0;518;0;548;0;0;1728;1610;1610;1610;1610;1610;1610;1610;1610;1610;1610;1610;1610;1610;1610;1610;1610;1610;1610;1610;1610;1610;1728;0;0;1766;548;548;548;548;548;548;548;548;548;548;548;548;548;548;548;548;548;548;548;548;548;548;548;548;548;548;548;548;548;548;548;548;548;548;548;548;548;548;548;548;548;1766;0;548;
0;0;0;0;0;0;0;0;548;0;0;0;0;0;0;0;0;0;0;0;0;0;0;0;0;0;0;548;0;0;1728;0;0;0;0;0;0;0;0;0;0;0;0;0;0;0;0;0;0;0;0;0;1728;0;0;0;0;0;0;0;0;0;0;0;0;0;0;0;0;0;0;0;0;0;0;0;0;0;0;0;0;0;0;0;0;0;0;0;0;0;0;0;0;0;0;0;0;0;0;548;
0;0;0;0;0;0;0;0;548;0;0;2;0;518;0;0;0;0;0;518;0;0;0;0;0;518;0;548;0;0;1728;786;0;0;0;0;0;0;0;0;0;0;0;0;2018;0;2018;0;2018;0;2018;786;1728;0;0;786;0;0;881;0;167;0;185;0;1323;0;165;0;369;0;25;0;171;0;53;0;103;0;179;0;29;0;249;0;177;0;511;0;1325;0;337;0;519;0;517;0;1555;0;0;548;
1882;0;0;2;0;0;0;0;548;0;0;0;0;0;0;0;0;0;0;0;0;0;0;0;0;0;0;548;0;0;1728;1610;2946;1610;2946;1610;2946;1610;2946;1610;2946;1610;2946;1610;2946;1610;2946;1610;2946;1610;2946;1610;1728;0;0;1766;548;2946;548;2946;548;2946;548;2946;548;2946;548;2946;548;2946;548;2946;548;2946;548;2946;548;2946;548;2946;548;2946;548;2946;548;2946;548;2946;548;2946;548;2946;548;2946;548;2946;548;1766;0;548;
0;0;0;0;0;0;0;0;548;0;0;0;0;0;0;0;0;0;0;0;0;0;0;0;0;0;2947;224;0;0;0;1610;518;518;518;518;518;518;518;518;518;518;518;518;518;518;518;518;518;518;518;1610;1728;0;0;1766;548;548;548;548;548;548;548;548;548;548;548;548;548;548;548;548;548;548;548;548;548;548;548;548;548;548;548;548;548;548;548;548;548;548;548;548;548;548;548;548;548;1766;0;548;
100;0;0;0;0;0;0;0;548;0;518;518;518;518;518;518;518;518;518;518;518;518;518;518;518;518;518;518;518;518;0;548;518;0;0;0;0;0;0;0;0;0;0;0;0;0;0;0;0;0;518;548;1728;0;0;0;0;0;0;0;0;0;0;0;0;0;0;0;0;0;0;0;0;0;0;0;0;0;0;0;0;0;0;0;0;0;0;0;0;0;0;0;0;0;0;0;0;0;0;548;
1882;1882;0;0;0;0;0;0;548;0;518;598;598;598;598;598;598;598;598;598;598;598;598;598;598;598;598;598;598;598;410;548;518;0;0;0;0;0;0;0;0;0;0;598;0;0;0;0;0;0;518;548;1728;0;0;786;0;0;13;0;57;0;17;0;0;0;1139;0;0;0;2793;0;21;0;101;0;379;0;117;0;27;0;23;0;581;0;195;0;105;0;191;0;377;0;1307;0;697;0;0;548;
1882;224;0;0;0;0;0;0;224;0;518;598;518;518;518;518;518;518;518;518;518;518;518;518;518;518;518;518;518;518;518;518;518;0;0;0;0;0;0;0;0;0;1728;0;0;0;0;0;0;0;518;548;1728;0;0;1766;548;2946;548;2946;548;2946;548;2946;548;2946;548;2946;548;2946;548;2946;548;2946;548;2946;548;2946;548;2946;548;2946;548;2946;548;2946;548;2946;548;2946;548;2946;548;2946;548;2946;548;1766;0;548;
1882;1882;102;0;0;0;0;0;548;102;518;598;518;0;0;0;0;0;0;0;0;696;0;0;0;0;0;0;0;0;0;0;3564;0;0;0;0;0;0;0;0;0;1610;0;0;0;0;0;0;0;518;548;1728;0;0;1766;548;548;548;548;548;548;548;548;548;548;548;548;548;548;548;548;548;548;548;548;548;548;548;548;548;548;548;548;548;548;548;548;548;548;548;548;548;548;548;548;548;1766;0;548;
1882;224;0;0;0;0;0;2314;548;0;518;598;518;518;518;518;518;518;518;518;518;518;518;518;518;518;518;518;518;518;518;518;518;0;0;0;0;0;2009;0;0;2;2;598;253;0;0;0;0;0;518;548;1728;0;0;0;0;0;0;0;0;0;0;0;0;0;0;0;0;0;0;0;0;0;0;0;0;0;0;0;0;0;0;0;0;0;0;0;0;0;0;0;0;0;0;0;0;0;0;548;
1882;1882;1882;102;0;0;0;0;548;0;518;598;598;598;598;598;598;598;598;598;598;598;598;598;598;598;598;598;598;598;598;224;0;3564;0;0;0;0;102;0;0;2;2;548;390;0;0;0;0;0;0;224;1728;0;0;786;0;0;0;0;0;0;0;0;0;0;0;0;0;0;0;0;0;0;0;0;0;0;0;0;0;0;0;0;0;0;0;0;0;0;0;0;0;0;0;0;0;0;0;548;
0;1882;224;0;0;0;0;0;548;0;518;518;518;518;518;518;518;518;518;518;518;518;518;518;518;518;518;518;518;518;518;518;518;518;518;518;518;518;518;518;518;518;518;518;518;518;518;518;0;518;518;518;548;548;548;548;548;2946;2946;2946;2946;2946;2946;2946;2946;548;548;1728;1728;1728;1728;1728;1728;1728;1728;1728;1728;1728;1728;1728;1728;1728;1728;1728;1728;1728;1728;1728;1728;1728;1728;1728;1728;1728;1728;1728;1728;1728;1728;548;
1882;1882;1882;102;0;0;0;0;548;102;0;0;0;0;0;0;0;0;0;0;0;0;0;0;0;0;0;0;0;0;0;0;0;0;0;0;1433;1433;549;3402;1433;1433;1433;887;887;0;413;1299;1299;0;0;0;548;548;548;548;548;548;548;548;548;548;548;548;548;548;548;206;0;0;0;0;0;0;0;0;0;0;0;0;0;0;0;0;0;0;0;0;0;0;0;0;0;0;0;0;0;0;0;548;
8;8;8;8;8;8;8;8;8;8;8;8;8;8;8;8;8;8;8;8;8;8;8;8;8;8;8;8;8;8;8;8;8;8;8;8;8;8;8;8;8;8;8;8;8;8;8;8;8;8;8;8;8;8;8;8;8;8;8;8;8;8;8;8;8;8;8;8;8;8;8;8;8;8;8;8;8;8;8;8;8;8;8;8;8;8;8;8;8;8;8;8;8;8;8;8;8;8;8;8;
8;8;8;8;8;8;8;8;8;8;8;8;8;8;8;8;8;8;8;8;8;8;8;8;8;8;8;8;8;8;8;8;8;8;8;8;8;8;8;8;8;8;8;8;8;8;8;8;8;8;8;8;8;8;8;8;8;8;8;8;8;8;8;8;8;8;8;8;8;8;8;8;8;8;8;8;8;8;8;8;8;8;8;8;8;8;8;8;8;8;8;8;8;8;8;8;8;8;8;8;
8;8;8;8;8;8;8;8;8;8;8;8;8;8;8;8;8;8;8;8;8;8;8;8;8;8;8;8;8;8;8;8;8;8;8;8;8;8;8;8;8;8;8;8;8;8;8;8;8;8;8;8;8;8;8;8;8;8;8;8;8;8;8;8;8;8;8;8;8;8;8;8;8;8;8;8;8;8;8;8;8;8;8;8;8;8;8;8;8;8;8;8;8;8;8;8;8;8;8;8;
8;8;8;8;8;8;8;8;8;8;8;8;8;8;8;8;8;8;8;8;8;8;8;8;8;8;8;8;8;8;8;8;8;8;8;8;8;8;8;8;8;8;8;8;8;8;8;8;8;8;8;8;8;8;8;8;8;8;8;8;8;8;8;8;8;8;8;8;8;8;8;8;8;8;8;8;8;8;8;8;8;8;8;8;8;8;8;8;8;8;8;8;8;8;8;8;8;8;8;8;
8;8;8;8;8;8;8;8;8;8;8;8;8;8;8;8;8;8;8;8;8;8;8;8;8;8;8;8;8;8;8;8;8;8;8;8;8;8;8;8;8;8;8;8;8;8;8;8;8;8;8;8;8;8;8;8;8;8;8;8;8;8;8;8;8;8;8;8;8;8;8;8;8;8;8;8;8;8;8;8;8;8;8;8;8;8;8;8;8;8;8;8;8;8;8;8;8;8;8;8;
8;8;8;8;8;8;8;8;8;8;8;8;8;8;8;8;8;8;8;8;8;8;8;8;8;8;8;8;8;8;8;8;8;8;8;8;8;8;8;8;8;8;8;8;8;8;8;8;8;8;8;8;8;8;8;8;8;8;8;8;8;8;8;8;8;8;8;8;8;8;8;8;8;8;8;8;8;8;8;8;8;8;8;8;8;8;8;8;8;8;8;8;8;8;8;8;8;8;8;8;
