168;166;166;0;0;0;0;0;0;0;0;0;0;0;0;0;16;16;22;0;0;0;166;166;166;166;166;166;166;166;12;166;166;166;166;166;166;102;166;166;102;166;166;0;0;0;0;0;0;0;0;0;0;0;0;0;0;0;0;0;0;0;0;0;0;0;0;0;0;0;0;0;0;0;0;0;0;0;0;0;0;0;0;0;0;0;778;0;0;0;0;0;0;0;0;0;0;0;0;0;
242;0;168;0;0;0;0;0;0;0;0;0;0;0;0;0;626;168;628;0;0;0;168;0;0;526;0;526;0;0;0;0;0;0;0;168;598;0;598;0;0;0;168;0;0;0;0;0;0;0;0;0;0;0;0;0;0;0;0;0;0;0;0;0;0;0;0;0;0;0;0;0;0;0;0;0;0;0;166;166;166;166;166;166;166;166;166;166;166;166;166;166;166;166;166;0;0;0;0;0;
102;0;166;0;0;0;0;0;0;0;16;22;16;0;0;0;166;648;166;0;0;0;168;0;0;0;0;0;0;0;0;0;526;0;0;168;598;102;598;0;102;0;168;0;0;0;0;0;0;0;0;0;0;0;0;0;0;0;0;0;0;0;0;0;0;0;0;0;0;0;0;0;0;0;0;0;166;166;0;0;0;0;0;0;0;0;0;0;0;0;0;0;0;0;0;166;166;0;0;0;
0;596;224;0;0;16;190;16;0;0;632;640;630;0;0;0;632;168;630;0;0;0;168;0;526;0;0;0;526;0;0;0;0;0;0;168;598;102;60;60;102;0;168;0;0;0;0;0;0;0;0;0;0;0;0;0;0;0;0;0;0;0;0;0;0;0;0;0;0;0;0;0;0;778;166;166;0;0;0;0;0;0;0;0;0;0;0;0;0;0;0;0;0;0;0;0;0;166;0;0;
224;168;166;0;0;628;638;626;0;0;634;642;636;0;0;190;16;16;0;0;0;0;168;0;0;0;526;0;0;0;526;0;0;0;0;168;168;168;102;102;168;168;168;0;0;0;0;0;0;0;0;0;0;0;0;0;0;512;184;0;0;184;654;0;0;0;0;0;0;0;0;0;0;166;0;0;0;548;548;0;0;0;0;0;0;0;0;0;0;0;0;0;0;0;0;0;0;0;166;0;
102;0;0;0;0;636;648;634;0;0;626;638;628;0;0;630;166;632;0;0;0;0;168;778;0;0;0;0;0;0;0;0;0;526;0;168;0;0;0;0;0;0;0;0;0;0;0;0;0;0;0;0;0;0;0;0;0;512;184;0;0;184;654;0;0;0;0;0;0;0;0;0;166;0;0;0;548;0;0;0;0;0;0;0;0;0;0;0;0;0;0;0;0;0;0;0;0;0;166;0;
102;0;0;0;0;630;640;632;0;0;0;0;0;0;0;168;642;168;0;0;0;0;168;526;0;0;526;0;0;0;0;0;0;0;0;168;0;0;0;0;0;0;0;0;0;0;0;0;0;0;0;0;0;0;0;0;0;0;0;0;0;0;0;0;0;0;0;0;0;0;0;0;166;0;0;0;548;0;0;0;0;0;0;0;0;0;0;0;0;0;0;0;0;0;0;0;0;0;166;0;
102;0;0;0;0;0;0;0;0;0;0;0;0;0;0;628;166;626;0;0;0;0;168;0;0;0;0;0;0;0;0;526;0;0;0;168;0;0;102;102;0;0;0;0;0;0;0;0;0;0;0;0;0;0;0;522;0;824;1359;1359;1359;1359;1359;1359;522;0;0;0;0;0;0;0;166;0;0;0;548;0;0;0;0;0;0;0;0;0;0;0;0;0;0;0;0;0;0;0;0;0;166;0;
0;102;0;0;16;1175;16;16;1175;16;1175;16;1175;16;16;1175;16;1175;1175;16;0;0;168;0;526;0;0;0;526;0;0;0;0;0;526;168;0;0;0;0;0;0;0;0;0;0;0;0;0;0;0;0;0;0;0;0;522;522;522;522;522;522;522;522;0;0;0;0;670;0;0;0;0;166;0;0;0;548;548;0;0;0;0;0;0;0;0;0;0;0;0;0;0;0;0;0;0;0;166;0;
0;0;102;548;548;548;548;548;548;548;548;548;548;548;548;548;548;548;548;548;0;0;168;0;0;0;0;0;0;0;526;0;0;0;0;168;0;0;0;0;0;0;0;0;0;0;0;0;0;0;0;0;0;0;0;0;0;0;0;0;0;0;0;0;0;0;670;0;670;2;0;0;0;0;166;166;0;0;0;0;0;0;0;0;0;0;0;0;0;0;0;0;0;0;0;0;0;166;0;0;
0;102;0;168;0;0;0;0;0;0;0;0;0;0;0;0;0;0;0;168;0;0;168;0;0;0;0;0;0;0;0;0;0;0;0;168;0;0;0;0;0;522;522;0;0;0;0;0;12;12;12;12;12;0;0;0;0;0;0;0;0;0;0;0;0;0;670;0;670;0;0;0;0;0;0;0;166;166;0;0;0;778;0;0;0;0;0;0;1377;1377;1377;0;1377;1377;0;166;166;0;0;0;
102;0;0;168;0;0;0;0;0;0;0;0;0;0;0;0;0;0;0;168;0;0;168;0;0;0;0;0;0;0;0;0;0;0;0;168;0;0;0;0;522;0;0;522;0;0;102;100;100;100;100;100;100;100;100;12;0;0;0;0;0;0;0;0;0;0;670;0;0;0;0;0;0;0;0;0;0;0;166;166;166;166;166;166;166;0;0;166;166;166;166;166;166;166;166;0;0;0;0;0;
0;102;0;168;579;579;579;579;579;579;579;579;579;579;579;579;579;579;579;224;0;0;224;16;16;0;190;192;192;0;16;1064;0;190;192;224;0;0;0;0;0;0;0;522;0;0;0;100;0;0;0;0;0;0;100;102;0;0;0;0;0;0;0;0;1364;0;670;0;0;0;2;0;0;0;0;0;0;0;0;0;0;0;0;0;0;0;0;0;0;0;0;0;0;0;0;0;0;0;0;0;
0;0;102;168;2;2;2;2;2;2;2;2;2;2;2;2;2;2;2;168;598;598;168;2;2;1002;2;2;2;1002;2;2;1002;2;2;168;168;0;0;0;0;280;522;0;0;0;762;552;0;0;0;0;102;102;100;12;0;0;0;0;984;1364;1210;946;776;0;670;0;0;0;0;0;0;0;0;0;0;0;0;0;0;376;376;376;376;376;552;376;376;376;376;0;0;0;0;0;0;0;0;0;
0;102;0;168;168;168;168;168;168;168;168;168;168;168;168;168;168;168;168;168;0;0;168;168;168;168;168;168;168;168;168;168;168;168;168;168;0;0;974;596;0;522;0;0;0;0;102;100;102;0;0;658;0;0;100;102;0;0;670;670;670;670;670;670;670;670;0;0;0;0;0;0;0;0;0;0;0;0;0;0;0;548;658;0;0;0;0;0;0;0;548;0;0;0;0;0;0;0;0;0;
102;0;0;168;0;0;0;0;0;0;168;168;168;0;0;778;0;0;0;168;0;0;596;12;596;596;12;596;596;12;0;0;596;628;166;0;0;331;166;648;166;638;0;456;0;0;0;100;0;0;716;716;102;0;100;0;0;0;0;0;0;0;0;0;0;0;0;0;0;0;0;0;2;0;0;0;0;0;336;0;320;376;596;596;30;688;606;606;606;606;376;320;0;0;0;0;0;0;0;0;
0;102;778;168;0;0;0;168;168;0;0;0;0;0;168;168;0;0;0;168;102;0;658;102;102;102;102;102;102;102;0;912;628;648;632;0;0;168;382;0;0;646;0;780;776;0;1256;100;379;379;379;379;1008;0;552;625;0;0;696;696;696;696;696;696;696;696;696;696;696;696;696;696;696;696;696;696;696;696;696;696;696;696;376;376;376;376;376;376;376;376;696;696;696;696;696;0;0;0;0;0;
0;0;102;168;0;0;168;0;0;0;0;0;0;0;0;0;168;0;0;168;0;0;0;928;928;928;928;928;928;928;928;628;648;632;168;168;168;0;102;382;0;640;0;0;0;0;102;100;100;100;100;100;100;100;100;102;0;696;507;507;507;507;507;507;507;507;507;507;505;505;505;505;505;505;505;501;501;501;501;501;501;501;503;503;503;503;503;503;503;525;525;525;509;509;509;0;0;0;778;0;
0;102;0;168;0;168;0;0;0;0;1361;280;1361;0;0;0;0;168;0;168;0;0;168;168;168;168;168;168;168;168;168;166;632;168;168;642;102;102;0;102;102;168;12;784;622;0;0;0;12;0;12;0;12;0;12;0;0;102;164;164;164;164;164;164;164;164;164;164;164;164;164;164;164;164;164;164;164;164;164;164;164;164;164;164;164;164;164;164;164;164;164;164;164;164;164;0;164;164;164;164;
102;0;0;168;0;168;0;0;65;627;548;548;548;1175;859;0;0;168;778;168;0;0;168;0;0;0;0;0;168;168;0;0;0;0;0;168;0;0;0;0;0;642;1390;168;0;1377;1377;0;1377;1377;0;1377;1377;1377;1377;1377;0;0;1531;1531;1531;0;1521;1521;1521;0;0;0;0;0;0;0;1373;1373;1373;1373;1373;1373;1373;1373;0;0;0;0;0;0;0;0;0;0;0;0;0;3402;0;0;392;392;10;10;
0;102;0;168;168;0;0;281;548;548;0;0;0;548;548;1175;0;0;168;168;0;0;168;0;526;12;0;526;168;168;0;974;12;12;12;642;382;1422;1422;0;1420;168;168;0;598;168;640;630;632;636;628;646;626;638;634;644;642;648;168;636;626;628;626;628;626;628;626;628;634;552;630;632;630;632;630;632;636;632;630;632;630;632;630;632;636;626;628;626;628;626;628;626;636;632;630;632;630;632;630;634;
0;0;102;168;0;0;0;548;0;0;0;0;0;0;0;548;0;0;0;168;598;598;168;102;168;168;168;168;168;168;224;168;168;168;168;168;168;642;168;0;168;642;0;482;0;482;0;0;0;0;0;0;0;0;0;0;0;0;0;634;0;0;0;0;114;0;0;0;636;550;252;0;336;0;252;0;634;0;0;0;340;0;0;0;634;0;0;0;0;0;0;0;634;0;0;0;0;0;0;636;
0;102;0;0;0;0;0;0;0;0;0;0;0;0;0;0;0;0;0;0;0;0;0;0;0;0;0;0;0;0;0;0;0;0;0;202;658;0;0;0;12;202;0;0;0;0;0;0;0;0;0;0;0;0;0;0;0;0;0;636;62;0;0;0;0;0;0;0;634;550;0;1448;336;480;0;658;636;0;0;444;0;0;252;460;636;0;0;0;190;665;0;0;636;0;0;0;0;0;0;168;
102;0;0;188;192;0;127;309;0;192;190;778;197;301;0;192;22;0;1359;309;0;192;190;0;197;301;0;22;0;0;127;309;0;192;1064;224;6;20;12;610;16;224;974;176;168;327;1196;615;28;22;0;1428;1359;190;22;16;542;192;656;224;102;0;0;254;1420;0;254;0;224;102;218;102;286;102;218;0;224;0;218;222;1420;458;280;102;224;0;218;222;222;222;218;952;224;0;300;0;230;0;106;638;
0;102;0;630;166;542;632;630;542;166;632;542;166;166;542;630;166;542;632;630;542;166;632;542;166;166;542;630;166;542;632;630;542;166;632;630;8;166;632;630;166;166;632;630;166;166;632;630;166;166;632;630;166;166;632;630;166;166;632;630;166;166;632;630;166;166;632;630;166;166;632;630;166;166;632;630;166;166;632;630;166;166;632;630;166;166;632;630;166;166;632;630;166;166;632;630;166;166;632;630;
0;0;102;0;630;632;168;168;630;632;168;168;630;632;168;168;630;632;168;168;630;632;168;168;630;632;168;168;630;632;168;168;630;632;168;168;630;632;168;168;630;632;168;168;630;632;168;168;630;632;168;168;630;632;168;168;630;632;168;168;630;632;168;168;630;632;168;168;630;632;168;168;630;632;168;168;630;632;168;168;630;632;168;168;630;632;168;168;630;632;168;168;630;632;168;168;630;632;168;168;
0;102;0;0;60;579;579;579;579;579;579;579;579;579;579;579;579;579;579;579;579;579;579;579;579;579;579;579;579;579;579;579;579;579;579;16;16;121;121;121;688;16;579;579;579;579;579;579;579;579;579;579;579;579;579;579;579;579;579;579;579;579;579;579;579;579;579;579;579;579;579;579;579;579;579;579;579;579;579;579;579;579;579;579;579;579;579;579;579;579;579;579;579;579;579;579;579;579;579;579;
102;0;0;102;628;626;168;168;628;626;168;168;628;626;168;168;628;626;168;168;628;626;168;168;628;626;168;168;628;626;168;168;628;626;168;168;628;626;168;168;628;626;168;168;628;626;168;168;628;626;168;168;628;626;168;168;628;626;168;168;628;626;168;168;628;626;168;168;628;626;168;168;628;626;168;168;628;626;168;168;628;626;168;168;628;626;168;168;628;626;168;168;628;626;168;168;628;626;168;168;
0;102;0;628;166;166;626;628;166;166;626;628;166;166;626;628;166;166;626;628;166;166;626;628;166;166;626;628;166;166;626;628;166;166;626;628;166;166;626;628;166;166;626;628;166;166;626;628;166;166;626;628;166;166;626;628;166;166;626;628;166;166;626;628;166;166;626;628;166;166;626;628;166;166;626;628;166;166;626;628;166;166;626;628;166;166;626;628;166;166;626;628;166;166;626;628;166;166;626;628;
0;0;102;778;0;0;0;0;1359;0;0;0;0;0;0;0;0;778;0;0;579;579;579;579;579;579;579;579;579;579;579;579;579;579;579;0;0;0;0;0;0;0;0;0;0;0;0;0;0;0;0;0;778;0;0;0;0;0;0;0;0;0;0;0;0;0;0;0;0;0;0;0;0;0;0;0;0;0;0;0;0;0;0;0;0;0;0;0;0;0;0;0;0;0;0;0;0;0;0;0;
0;102;0;102;202;166;166;166;166;748;166;166;166;166;166;166;166;166;166;166;166;166;166;166;166;166;166;166;166;166;166;166;166;166;166;166;166;166;166;166;166;166;166;166;166;166;166;166;166;166;166;166;166;166;166;166;166;166;166;166;166;166;166;166;648;644;166;0;0;0;0;0;0;0;0;0;0;0;0;0;0;0;0;0;0;0;0;0;0;0;0;778;0;0;0;648;644;644;644;648;
102;0;0;0;0;0;0;0;166;166;224;0;0;0;0;0;0;0;0;0;0;0;0;0;0;0;0;0;0;0;0;0;0;0;0;0;0;0;1482;0;0;0;0;0;0;0;0;0;0;746;0;0;0;0;0;0;0;0;0;0;0;280;166;166;646;12;646;0;0;0;0;0;0;0;0;0;0;0;0;0;0;0;0;0;0;0;0;0;0;0;10;10;0;0;0;646;330;330;330;646;
0;102;0;0;0;0;778;0;0;0;0;744;166;166;756;1600;0;0;0;0;0;0;0;0;0;0;0;0;0;0;0;0;0;0;758;0;0;0;0;0;0;758;0;0;0;758;778;0;0;166;0;0;0;0;0;0;0;1482;0;0;280;166;544;166;646;410;646;0;0;0;0;0;0;0;0;0;0;0;0;0;0;0;0;0;0;0;0;0;778;0;10;10;0;0;0;646;330;546;330;646;
0;0;102;0;168;168;168;168;0;0;778;0;0;0;166;166;746;756;1600;0;0;0;0;0;0;0;218;456;456;218;0;0;0;218;926;926;218;0;0;0;218;926;926;218;218;926;926;218;0;224;0;0;0;0;460;0;0;0;0;280;166;0;0;166;646;902;646;102;0;0;0;0;0;0;0;0;0;0;0;0;0;0;0;0;0;0;0;10;10;10;10;10;0;0;0;646;330;330;330;646;
0;102;0;0;0;0;0;0;168;168;168;778;0;0;0;0;0;166;166;166;756;0;0;0;0;166;748;166;166;166;166;742;166;166;166;166;746;166;166;166;166;744;166;166;166;166;748;166;166;166;166;166;166;166;102;0;0;0;280;166;0;0;0;166;648;644;648;0;0;0;0;0;0;0;0;0;0;0;0;0;0;0;0;0;0;10;10;10;10;10;10;0;0;0;0;648;644;644;644;648;
102;0;0;102;0;0;0;0;0;0;0;168;0;0;0;0;0;0;0;0;166;742;166;0;0;224;0;0;0;0;0;0;0;0;0;0;0;0;0;0;0;0;0;550;550;550;550;550;550;166;0;0;0;0;0;0;0;280;166;0;0;0;102;166;0;0;0;102;0;0;0;0;0;0;0;0;0;0;0;0;0;0;0;0;0;10;10;10;10;10;0;0;100;0;0;0;0;0;0;0;
0;102;0;0;0;0;0;0;0;0;0;0;0;0;0;0;0;0;0;0;0;0;0;166;166;166;218;286;0;0;0;0;0;0;0;0;0;0;0;0;0;0;0;550;550;550;550;550;550;166;0;0;1372;0;0;0;280;166;0;0;0;0;0;166;0;0;0;0;0;0;0;0;0;0;0;0;0;0;0;0;0;0;0;0;0;0;0;0;0;0;778;0;0;0;0;0;0;0;0;0;
0;778;102;0;0;0;0;0;0;0;0;0;0;0;548;0;0;0;0;0;0;0;0;0;0;0;166;166;166;218;286;0;0;0;0;0;0;0;218;222;286;222;218;550;550;550;550;550;550;166;0;0;0;0;0;280;166;0;0;398;398;398;398;166;0;0;0;102;0;0;0;0;0;0;0;0;0;0;0;0;0;0;0;0;0;0;0;0;778;0;778;0;0;0;0;0;0;0;0;0;
0;102;0;0;0;0;0;0;0;0;0;0;0;0;0;0;0;0;0;548;0;0;0;0;0;0;0;0;0;166;166;166;218;286;218;0;0;0;102;102;102;102;102;102;102;102;102;102;102;166;0;0;0;0;280;166;0;0;0;166;166;166;166;166;0;0;0;0;0;0;0;0;0;0;0;0;0;0;0;0;0;0;0;0;100;100;100;100;552;100;100;100;100;0;0;0;0;12;202;12;
102;0;0;0;0;0;0;0;0;0;0;0;0;0;0;0;0;0;0;0;0;0;0;0;0;0;0;0;0;0;0;0;166;166;166;218;286;0;0;0;0;0;0;0;218;222;286;222;218;166;0;0;0;280;166;0;0;0;398;398;398;398;398;166;0;0;0;0;0;0;0;0;0;0;0;0;0;0;0;0;0;0;0;548;100;100;100;100;552;100;100;100;100;548;0;0;0;166;166;166;
0;102;0;0;0;0;0;0;0;0;2;2;2;0;0;0;0;0;0;0;0;0;0;0;0;0;0;0;0;0;0;0;0;0;0;166;166;166;218;286;0;0;0;0;102;102;102;102;102;166;0;0;0;166;0;0;0;0;166;166;166;166;166;166;0;102;0;0;0;0;0;0;0;0;0;0;0;0;0;0;0;0;0;0;548;100;100;100;12;100;100;100;548;0;0;0;0;224;2;2;
0;0;102;0;0;0;0;0;2;2;2;2;2;2;2;0;0;0;0;0;0;0;0;0;0;0;0;548;0;0;0;0;0;0;0;0;0;0;166;166;166;218;286;218;0;0;0;0;0;224;0;0;0;224;0;0;778;398;398;398;398;398;398;166;0;0;0;0;0;0;0;0;0;0;0;0;0;0;0;0;0;0;0;0;548;0;0;0;0;0;0;0;548;0;0;0;102;166;166;166;
0;102;0;0;0;0;0;2;2;2;0;0;0;2;2;2;0;0;0;0;0;0;0;0;0;0;0;0;0;0;0;0;0;0;0;0;0;0;0;0;0;166;166;166;218;286;778;0;166;166;166;166;166;166;166;166;166;166;166;166;166;166;166;166;0;0;0;3402;0;0;0;0;0;0;0;0;0;0;0;0;0;778;0;548;300;0;0;0;0;778;0;0;0;548;0;0;0;224;2;2;
102;0;0;0;0;0;2;0;0;0;0;0;0;0;0;0;2;0;0;0;0;0;0;0;0;0;0;0;0;0;0;0;0;0;0;0;0;0;0;0;0;0;0;0;166;166;166;778;0;224;0;0;0;0;0;0;0;0;0;1594;1594;1594;1594;166;0;0;0;102;0;0;0;0;0;0;0;0;0;0;0;0;0;548;548;548;202;2;2;2;2;2;2;2;100;548;0;0;102;166;166;166;
0;102;0;0;0;0;0;0;0;0;0;0;0;0;0;0;0;0;0;0;0;0;0;0;0;0;0;0;0;0;0;0;0;0;0;0;548;0;0;0;0;0;0;0;0;0;0;166;166;166;0;0;0;0;0;0;0;0;0;1594;0;0;1594;166;0;0;0;0;0;0;0;0;0;0;0;0;0;0;0;0;548;0;548;548;0;0;0;0;0;0;0;0;0;548;548;0;0;224;0;2;
0;0;102;0;168;0;866;0;866;866;866;0;866;866;0;866;866;0;168;0;0;0;0;0;0;0;0;0;0;0;0;0;0;0;0;0;0;0;0;0;0;0;0;0;0;0;0;0;0;0;166;166;166;0;0;0;0;0;0;1594;1604;1604;1594;166;0;0;0;0;0;0;0;0;0;0;0;0;0;0;0;0;0;0;548;548;0;0;0;0;0;0;0;0;0;548;548;0;102;166;166;166;
0;102;0;0;168;0;2;2;2;2;2;2;2;2;2;2;2;0;168;0;0;0;0;0;0;0;0;0;0;0;0;0;0;0;0;0;0;0;0;0;0;0;0;0;0;0;0;0;0;0;0;0;0;166;166;166;0;0;0;102;102;102;102;166;0;102;0;0;0;0;0;0;0;0;0;0;0;0;0;0;0;0;548;548;12;0;0;0;0;0;0;0;0;548;548;0;0;224;0;0;
102;778;0;0;168;0;0;0;0;0;0;0;0;0;0;0;0;0;168;0;0;0;0;0;0;0;0;0;0;0;0;0;0;0;0;0;778;0;0;0;778;0;0;0;0;0;0;0;0;0;0;0;0;0;0;0;166;166;0;0;0;0;1596;166;0;0;0;0;0;0;0;0;0;0;0;0;0;0;0;0;0;0;548;548;336;0;0;0;0;0;0;0;0;548;548;0;102;166;166;166;
0;102;0;0;168;0;866;866;0;866;866;0;866;866;866;0;866;0;168;0;0;0;0;0;0;0;0;0;0;0;0;0;0;0;2;2;2;2;2;2;2;2;0;0;0;0;0;0;0;0;168;0;0;0;0;0;0;0;224;166;166;166;648;166;0;0;0;778;0;0;0;0;0;0;0;0;0;0;0;0;548;0;548;548;336;0;0;0;0;0;0;0;0;548;548;0;0;224;0;0;
0;0;102;0;168;0;2;2;2;2;2;2;2;2;2;2;2;0;168;0;0;0;0;0;0;0;0;0;0;0;0;0;0;0;0;2;0;0;1129;2;2;0;0;0;0;0;0;0;0;0;0;0;0;0;0;0;0;0;0;0;0;0;166;166;0;0;0;102;0;0;0;0;0;778;0;0;0;778;778;0;0;548;548;548;204;0;0;0;0;0;0;0;0;548;0;0;102;166;166;166;
0;102;0;0;168;0;0;0;0;0;0;0;0;0;0;0;0;778;168;0;0;0;0;0;0;0;0;0;0;0;0;0;0;0;0;2;2;392;392;2;2;0;0;0;0;0;0;0;0;0;0;0;0;0;0;0;0;168;168;778;778;0;0;0;0;0;0;0;0;166;166;166;166;166;166;166;166;166;166;1174;166;166;166;548;546;0;0;0;0;778;0;0;0;548;0;0;0;224;0;0;
102;0;0;0;224;0;866;0;866;866;866;0;866;866;0;866;866;778;224;1303;0;0;0;0;0;0;0;0;0;0;0;0;0;0;0;20;2;1128;1128;2;0;0;0;0;778;0;778;0;0;0;778;0;0;0;0;0;0;0;0;224;168;168;0;0;0;0;0;0;0;1174;1175;1175;1175;1175;1175;1175;1175;1175;1175;1175;1175;1175;1175;1175;548;548;548;548;548;548;548;548;548;1175;1174;0;102;166;166;166;
0;102;0;102;168;168;168;168;168;168;168;168;168;168;168;168;168;168;168;168;168;168;168;168;168;168;168;168;168;168;168;168;168;168;168;168;168;0;0;168;168;168;168;168;168;168;168;168;168;168;168;168;168;168;168;168;0;168;168;168;168;168;168;168;0;0;0;0;102;166;166;166;166;166;166;166;166;166;166;578;166;166;166;166;166;166;166;166;166;166;166;166;166;166;166;0;0;224;0;0;
0;0;102;12;0;16;16;16;16;0;1359;16;16;16;16;1175;16;16;16;16;16;0;0;16;16;1175;1175;0;0;0;16;16;1175;1359;1175;16;16;16;872;872;872;872;872;872;872;872;872;872;872;872;1175;872;872;872;872;16;0;1359;16;190;16;16;16;1175;1175;581;12;581;1175;578;579;579;579;579;579;579;579;579;579;579;579;579;579;579;579;579;579;579;579;579;579;579;579;579;578;0;102;166;166;166;
8;8;8;8;8;8;8;8;8;8;8;8;8;8;8;8;8;8;8;8;8;8;8;8;8;8;8;8;8;8;8;8;8;8;8;8;8;8;8;8;8;8;8;8;8;8;8;8;8;8;8;8;8;8;8;8;8;8;8;8;8;8;8;8;8;8;8;8;8;8;8;8;8;8;8;8;8;8;8;8;8;8;8;8;8;8;8;8;8;8;8;8;8;8;8;8;8;8;8;8;
8;8;8;8;8;8;8;8;8;8;8;8;8;8;8;8;8;8;8;8;8;8;8;8;8;8;8;8;8;8;8;8;8;8;8;8;8;8;8;8;8;8;8;8;8;8;8;8;8;8;8;8;8;8;8;8;8;8;8;8;8;8;8;8;8;8;8;8;8;8;8;8;8;8;8;8;8;8;8;8;8;8;8;8;8;8;8;8;8;8;8;8;8;8;8;8;8;8;8;8;
8;8;8;8;8;8;8;8;8;8;8;8;8;8;8;8;8;8;8;8;8;8;8;8;8;8;8;8;8;8;8;8;8;8;8;8;8;8;8;8;8;8;8;8;8;8;8;8;8;8;8;8;8;8;8;8;8;8;8;8;8;8;8;8;8;8;8;8;8;8;8;8;8;8;8;8;8;8;8;8;8;8;8;8;8;8;8;8;8;8;8;8;8;8;8;8;8;8;8;8;
8;8;8;8;8;8;8;8;8;8;8;8;8;8;8;8;8;8;8;8;8;8;8;8;8;8;8;8;8;8;8;8;8;8;8;8;8;8;8;8;8;8;8;8;8;8;8;8;8;8;8;8;8;8;8;8;8;8;8;8;8;8;8;8;8;8;8;8;8;8;8;8;8;8;8;8;8;8;8;8;8;8;8;8;8;8;8;8;8;8;8;8;8;8;8;8;8;8;8;8;
8;8;8;8;8;8;8;8;8;8;8;8;8;8;8;8;8;8;8;8;8;8;8;8;8;8;8;8;8;8;8;8;8;8;8;8;8;8;8;8;8;8;8;8;8;8;8;8;8;8;8;8;8;8;8;8;8;8;8;8;8;8;8;8;8;8;8;8;8;8;8;8;8;8;8;8;8;8;8;8;8;8;8;8;8;8;8;8;8;8;8;8;8;8;8;8;8;8;8;8;
8;8;8;8;8;8;8;8;8;8;8;8;8;8;8;8;8;8;8;8;8;8;8;8;8;8;8;8;8;8;8;8;8;8;8;8;8;8;8;8;8;8;8;8;8;8;8;8;8;8;8;8;8;8;8;8;8;8;8;8;8;8;8;8;8;8;8;8;8;8;8;8;8;8;8;8;8;8;8;8;8;8;8;8;8;8;8;8;8;8;8;8;8;8;8;8;8;8;8;8;
