0;0;0;0;0;0;0;0;0;0;0;0;0;0;0;0;0;0;0;0;0;0;0;0;0;0;0;0;0;0;0;0;0;0;0;0;0;0;0;0;0;0;0;0;0;0;0;0;0;0;0;0;0;0;0;0;0;0;0;0;0;0;0;0;0;0;0;0;0;0;0;0;0;0;0;0;0;0;0;0;0;0;0;0;0;0;0;0;0;0;0;0;0;0;0;0;0;0;0;0;
0;0;0;0;0;0;0;0;0;0;0;0;0;0;0;0;0;0;0;0;0;0;0;0;0;0;0;0;0;0;0;0;0;0;0;0;0;0;0;0;0;0;0;0;0;0;0;0;0;0;0;0;0;0;0;0;0;0;0;0;0;0;0;0;0;0;0;0;0;0;0;0;0;0;0;0;0;0;0;0;0;0;0;0;0;0;0;0;0;0;0;0;0;0;0;0;0;0;0;0;
0;0;0;0;0;0;0;0;0;0;0;0;0;0;0;0;0;0;0;0;0;0;0;0;0;0;0;0;0;0;0;0;0;0;0;0;0;0;0;0;0;0;0;0;0;0;0;0;0;0;0;0;0;0;0;0;0;0;0;0;0;0;0;0;0;0;0;0;0;0;0;0;0;0;0;0;0;0;0;0;0;0;0;0;0;0;0;0;0;0;0;0;0;0;0;0;0;0;0;0;
0;0;0;0;0;0;0;0;0;0;0;0;0;0;0;0;0;0;0;0;0;0;0;0;0;0;0;0;0;0;0;0;0;0;0;0;0;0;0;0;0;0;0;0;0;0;0;0;0;0;0;0;0;0;0;0;0;0;0;0;0;0;0;0;0;0;0;0;0;0;0;0;0;0;0;0;0;0;0;0;0;0;0;0;0;0;0;0;0;0;0;0;0;0;0;0;0;0;0;0;
0;0;0;0;0;0;0;0;0;0;0;0;0;0;0;0;0;0;0;0;0;0;0;0;0;0;0;0;0;0;0;0;0;0;0;0;0;0;0;0;0;0;0;0;0;0;0;0;0;0;0;0;0;0;0;0;0;0;0;0;0;0;0;0;0;0;0;0;0;0;0;0;0;0;0;0;0;0;0;0;0;0;0;0;0;0;0;0;0;0;0;0;0;0;0;0;0;0;0;0;
0;0;0;0;0;0;0;0;0;0;0;0;0;0;0;0;0;0;0;0;0;0;0;0;0;0;0;0;0;0;0;0;0;0;0;0;0;0;0;0;0;0;0;0;0;0;0;0;0;0;0;0;0;0;0;0;0;0;0;0;0;0;0;0;0;0;0;0;0;0;0;0;0;0;0;0;0;0;0;0;0;0;0;0;0;0;0;0;0;0;0;0;0;0;0;0;0;0;0;0;
0;0;0;0;0;0;0;0;0;0;0;0;0;0;0;0;0;0;0;0;0;0;0;0;0;0;0;0;0;0;0;0;0;0;0;0;0;0;0;0;0;0;0;0;0;0;0;0;0;0;0;0;0;0;0;0;0;0;0;0;0;0;0;0;0;0;0;0;0;0;0;0;0;0;0;0;0;0;0;0;0;0;0;0;0;0;0;0;0;0;0;0;0;0;0;0;0;0;0;0;
0;0;0;0;0;0;0;0;0;0;0;0;0;0;0;0;0;0;0;0;0;0;0;0;0;0;0;0;0;0;0;0;0;0;0;0;0;0;0;0;0;0;0;0;0;0;0;0;0;0;0;0;0;0;0;0;0;0;0;0;0;0;0;0;0;0;0;0;0;0;0;0;0;0;0;0;0;0;0;0;0;0;0;0;0;0;0;0;0;0;0;0;0;0;0;0;0;0;0;0;
0;0;0;0;0;0;0;0;0;0;0;0;0;0;0;0;0;0;0;0;0;0;0;0;0;0;0;0;0;0;0;0;0;0;0;0;0;0;0;0;0;0;0;0;0;0;0;0;0;0;0;0;0;0;0;0;0;0;0;0;0;0;0;0;0;0;0;0;0;0;0;0;0;0;0;0;0;0;0;0;0;0;0;0;0;0;0;0;0;0;0;0;0;0;0;0;0;0;0;0;
0;0;0;0;0;0;0;0;0;0;0;0;0;0;0;0;0;0;0;0;0;0;0;0;0;0;0;0;0;0;0;0;0;0;0;0;0;0;0;0;0;0;0;0;0;0;0;0;0;0;0;0;0;0;0;0;0;0;0;0;0;0;0;0;0;0;0;0;0;0;0;0;0;0;0;0;0;0;0;0;0;0;0;0;0;0;0;0;0;0;0;0;0;0;0;0;0;0;0;0;
0;0;0;0;0;0;0;0;0;0;0;0;0;0;0;0;0;0;0;0;0;0;0;0;0;0;0;0;0;0;0;0;0;0;0;0;0;0;0;0;0;0;0;0;0;0;0;0;0;0;0;0;0;0;0;0;0;0;0;0;0;0;0;0;0;0;0;0;0;0;0;0;0;0;0;0;0;0;0;0;0;0;0;0;0;0;0;0;0;0;0;0;0;0;0;0;0;0;0;0;
0;0;0;0;0;0;0;0;0;0;0;0;0;0;0;0;0;0;0;0;0;0;0;0;0;0;0;0;0;0;0;0;0;0;0;0;0;0;0;0;0;0;0;0;0;0;0;0;0;0;0;0;0;0;0;0;0;0;0;0;0;0;0;0;0;0;0;0;0;0;0;0;0;0;0;0;0;0;0;0;0;0;0;0;0;0;0;0;0;0;0;0;0;0;0;0;0;0;0;0;
0;0;0;0;0;0;0;0;0;0;0;0;0;0;0;0;0;0;0;0;0;0;0;0;0;0;0;0;0;0;0;0;0;0;0;0;0;0;0;0;0;0;0;0;0;0;0;0;0;0;0;0;0;0;0;0;0;0;0;0;0;0;0;0;0;0;0;0;0;0;0;0;0;0;0;0;0;0;0;0;0;0;0;0;0;0;0;0;0;0;0;0;0;0;0;0;0;0;0;0;
0;0;0;0;0;0;0;0;0;0;0;0;0;0;0;0;0;0;0;0;0;0;0;0;0;0;0;0;0;0;0;0;0;0;0;0;0;0;0;0;0;0;0;0;0;0;0;0;0;0;0;0;0;0;0;0;0;0;0;0;0;0;0;0;0;0;0;0;0;0;0;0;0;0;0;0;0;0;0;0;0;0;0;0;0;0;0;0;0;0;0;0;0;0;0;0;0;0;0;0;
0;0;0;0;0;0;0;0;0;0;0;0;0;0;0;0;0;0;0;0;0;0;0;0;0;0;0;0;0;0;0;0;0;0;0;0;0;0;0;0;0;0;0;0;0;0;0;0;0;0;0;0;0;0;0;0;0;0;0;0;0;0;0;0;0;0;0;0;0;0;0;0;0;0;0;0;0;0;0;0;0;0;0;0;0;0;0;0;0;0;0;0;0;0;0;0;0;0;0;0;
0;0;0;0;0;0;0;0;0;0;0;0;0;0;0;0;0;0;0;0;0;0;0;0;0;0;0;0;0;0;0;0;0;0;0;0;0;0;0;0;0;0;0;0;0;0;0;0;0;0;0;0;0;0;0;0;0;0;0;0;0;0;0;0;0;0;0;0;0;0;0;0;0;0;0;0;0;0;0;0;0;0;0;0;0;0;0;0;0;0;0;0;0;0;0;0;0;0;0;0;
0;0;0;0;0;0;0;0;0;0;0;0;0;0;0;0;0;0;0;0;0;0;0;0;0;0;0;0;0;0;0;0;0;0;0;0;0;0;0;0;0;0;0;0;0;0;0;0;0;0;0;0;0;0;0;0;0;0;0;0;0;0;0;0;0;0;0;0;0;0;0;0;0;0;0;0;0;0;0;0;0;0;0;0;0;0;0;0;0;0;0;0;0;0;0;0;0;0;0;0;
0;0;0;0;0;0;0;0;0;0;0;0;0;0;0;0;0;0;0;0;0;0;0;0;0;0;0;0;0;0;0;0;0;0;0;0;0;0;0;0;0;0;0;0;0;0;0;0;0;0;0;0;0;0;0;0;0;0;0;0;0;0;0;0;0;0;0;0;0;0;0;0;0;0;0;0;0;0;0;0;0;0;0;0;0;0;0;0;0;0;0;0;0;0;0;0;0;0;0;0;
0;0;0;0;0;0;0;0;0;0;0;0;0;0;0;0;0;0;0;0;0;0;0;0;0;0;0;0;0;0;0;0;0;0;0;0;0;0;0;0;0;0;0;0;0;0;0;0;0;0;0;0;0;0;0;0;0;0;0;0;0;0;0;0;0;0;0;0;0;0;0;0;0;0;0;0;0;0;0;0;0;0;0;0;0;0;0;0;0;0;0;0;0;0;0;0;0;0;0;0;
0;0;0;0;0;0;0;0;0;0;0;0;0;0;0;0;0;0;0;0;0;0;0;0;0;0;0;0;0;0;0;0;0;0;0;0;0;0;0;0;0;0;0;0;0;0;0;0;0;0;0;0;0;0;0;0;0;0;0;0;0;0;0;0;0;0;0;0;0;0;0;0;0;0;0;0;0;0;0;0;0;0;0;0;0;0;0;0;0;0;0;0;0;0;0;0;0;0;0;0;
0;0;0;0;0;0;0;0;0;0;0;0;0;0;0;0;0;0;0;0;0;0;0;0;0;0;0;0;0;0;0;0;0;0;0;0;0;0;0;0;0;0;0;0;0;0;0;0;0;0;0;0;0;0;0;0;0;0;0;0;0;0;0;0;0;0;0;0;0;0;0;0;0;0;0;0;0;0;0;0;0;0;0;0;0;0;0;0;0;0;0;0;0;0;0;0;0;0;0;0;
0;0;0;0;0;0;0;0;0;0;0;0;0;0;0;0;0;0;0;0;0;0;0;0;0;0;0;0;0;0;0;0;0;0;0;0;0;0;0;0;0;0;0;0;0;0;0;0;0;0;0;0;0;0;0;0;0;0;0;0;0;0;0;0;0;0;0;0;0;0;0;0;0;0;0;0;0;0;0;0;0;0;0;0;0;0;0;0;0;0;0;0;0;0;0;0;0;0;0;0;
0;0;0;0;0;0;0;0;0;0;0;0;0;0;0;0;0;0;0;0;0;0;0;0;0;0;0;0;0;0;0;0;0;0;0;0;0;0;0;0;0;0;0;0;0;0;0;0;0;0;0;0;0;0;0;0;0;0;0;0;0;0;0;0;0;0;0;0;0;0;0;0;0;0;0;0;0;0;0;0;0;0;0;0;0;0;0;0;0;0;0;0;0;0;0;0;0;0;0;0;
0;0;0;0;0;0;0;0;0;0;0;0;0;0;0;0;0;0;0;0;0;0;0;0;0;0;0;0;0;0;0;0;0;0;0;0;0;0;0;0;0;0;0;0;0;0;0;0;0;0;0;0;0;0;0;0;0;0;0;0;0;0;0;0;0;0;0;0;0;0;0;0;0;0;0;0;0;0;0;0;0;0;0;0;0;0;0;0;0;0;0;0;0;0;0;0;0;0;0;0;
0;0;0;0;0;0;0;0;0;0;0;0;0;0;0;0;0;0;0;0;0;0;0;0;0;0;0;0;0;0;0;0;0;0;0;0;0;0;0;0;0;0;0;0;0;0;0;0;0;0;0;0;0;0;0;0;0;0;0;0;0;0;0;0;0;0;0;0;0;0;0;0;0;0;0;0;0;0;0;0;0;0;0;0;0;0;0;0;0;0;0;0;0;0;0;0;0;0;0;0;
0;0;0;0;0;0;0;0;0;0;0;0;0;0;0;0;0;0;0;0;0;0;0;0;0;0;0;0;0;0;0;0;0;0;0;0;0;0;0;0;0;0;0;0;0;0;0;0;0;0;0;0;0;0;0;0;0;0;0;0;0;0;0;0;0;0;0;0;0;0;0;0;0;0;0;0;0;0;0;0;0;0;0;0;0;0;0;0;0;0;0;0;0;0;0;0;0;0;0;0;
0;0;0;0;0;0;0;0;0;0;0;0;0;0;0;0;0;0;0;0;0;0;0;0;0;0;0;0;0;0;0;0;0;0;0;0;0;0;0;0;0;0;0;0;0;0;0;0;0;0;0;0;0;0;0;0;0;0;0;0;0;0;0;0;0;0;0;0;0;0;0;0;0;0;0;0;0;0;0;0;0;0;0;0;0;0;0;0;0;0;0;0;0;0;0;0;0;0;0;0;
0;0;0;0;0;0;0;0;0;0;0;0;0;0;0;0;0;0;0;0;0;0;0;0;0;0;0;0;0;0;0;0;0;0;0;0;0;0;0;0;0;0;0;0;0;0;0;0;0;0;0;0;0;0;0;0;0;0;0;0;0;0;0;0;0;0;0;0;0;0;0;0;0;0;0;0;0;0;0;0;0;0;0;0;0;0;0;0;0;0;0;0;0;0;0;0;0;0;0;0;
0;0;0;0;0;0;0;0;0;0;0;0;0;0;0;0;0;0;0;0;0;0;0;0;0;0;0;0;0;0;0;0;0;0;0;0;0;0;0;0;0;0;0;0;0;0;0;0;0;0;0;0;0;0;0;0;0;0;0;0;0;0;0;0;0;0;0;0;0;0;0;0;0;0;0;0;0;0;0;0;0;0;0;0;0;0;0;0;0;0;0;0;0;0;0;0;0;0;0;0;
0;0;0;0;0;0;0;0;0;0;0;0;0;0;0;0;0;0;0;0;0;0;0;0;0;0;0;0;0;0;0;0;0;0;0;0;0;0;0;0;0;0;0;0;0;0;0;0;0;0;0;0;0;0;0;0;0;0;0;0;0;0;0;0;0;0;0;0;0;0;0;0;0;0;0;0;0;0;0;0;0;0;0;0;0;0;0;0;0;0;0;0;0;0;0;0;0;0;0;0;
0;0;0;0;0;0;0;0;0;0;0;0;0;0;0;0;0;0;0;0;0;0;0;0;0;0;0;0;0;0;0;0;0;0;0;0;0;0;0;0;0;0;0;0;0;0;0;0;0;0;0;0;0;0;0;0;0;0;0;0;0;0;0;0;0;0;0;0;0;0;0;0;0;0;0;0;0;0;0;0;0;0;0;0;0;0;0;0;0;0;0;0;0;0;0;0;0;0;0;0;
0;0;0;0;0;0;0;0;0;0;0;0;0;0;0;0;0;0;0;0;0;0;0;0;0;0;0;0;0;0;0;0;0;0;0;0;0;0;0;0;0;0;0;0;0;0;0;0;0;0;0;0;0;0;0;0;0;0;0;0;0;0;0;0;0;0;0;0;0;0;0;0;0;0;0;0;0;0;0;0;0;0;0;0;0;0;0;0;0;0;0;0;0;0;0;0;0;0;0;0;
0;0;0;0;0;1446;1446;1446;1446;1446;1446;1446;1446;1446;1446;1446;1446;1446;1446;1446;1446;1446;1446;1446;1446;1446;1446;1446;1446;1446;1446;1446;1446;1446;1446;1446;1446;1446;1446;1446;1446;1446;0;0;0;0;0;0;0;0;0;0;0;0;0;0;0;1446;1446;1446;1446;1446;1446;1446;1446;1446;1446;1446;1446;1446;1446;1446;1446;1446;1446;1446;1446;1446;1446;1446;1446;1446;1446;1446;1446;1446;1446;1446;1446;1446;1446;1446;1446;1446;1446;0;0;0;0;0;
0;0;0;0;0;0;0;0;0;0;0;0;0;0;0;0;0;0;0;0;0;0;0;0;0;0;0;0;0;0;0;0;0;2978;2978;2978;2978;2978;2978;2978;2978;2978;0;1042;0;0;0;0;0;0;0;0;0;0;0;1042;0;2978;2978;2978;2978;2978;2978;2978;2978;2978;2978;2978;2978;2978;2978;2978;2978;2978;2978;2978;0;0;0;0;0;0;0;0;0;0;0;0;0;0;0;0;0;0;0;0;0;0;0;0;
0;0;0;1308;1004;2946;2946;2946;2946;2946;2946;2946;2946;2946;2946;2946;2946;2946;2946;2946;2946;2946;2946;2946;2946;2946;2946;2946;2946;2946;2946;2946;2946;2946;2946;2946;2946;2946;2946;2946;2946;2946;1004;1308;0;0;0;0;0;0;0;0;0;0;0;1308;1004;2946;2946;2946;2946;2946;2946;2946;2946;2946;2946;2946;2946;2946;2946;2946;2946;2946;2946;2946;2946;2946;2946;2946;2946;2946;2946;2946;2946;2946;2946;2946;2946;2946;2946;2946;2946;2946;2946;1004;1308;0;0;0;
0;0;0;1308;1004;1004;1004;1004;1004;1004;1004;1004;1004;1004;1004;1004;1004;1004;1004;1004;1004;1004;1004;1004;1004;1004;1004;1004;1004;1004;1004;1004;1004;1004;1004;1004;1004;1004;1004;1004;1004;1004;1004;1308;0;0;0;0;0;0;0;0;0;0;0;1308;1004;1004;1004;1004;1004;1004;1004;1004;1004;1004;1004;1004;1004;1004;1004;1004;1004;1004;1004;1004;1004;1004;1004;1004;1004;1004;1004;1004;1004;1004;1004;1004;1004;1004;1004;1004;1004;1004;1004;1004;1308;0;0;0;
0;0;0;0;0;1446;1446;1446;1446;1446;1446;1446;1446;1446;1446;1446;1446;1446;1446;1446;1446;1446;1446;1446;1446;1446;1446;1446;1446;1446;1446;1446;1446;1446;1446;1446;1446;1446;1446;1446;1446;1446;0;0;0;0;0;0;0;0;0;0;0;0;0;0;0;1446;1446;1446;1446;1446;1446;1446;1446;1446;1446;1446;1446;1446;1446;1446;1446;1446;1446;1446;1446;1446;1446;1446;1446;1446;1446;1446;1446;1446;1446;1446;1446;1446;1446;1446;1446;1446;1446;0;0;0;0;0;
0;0;0;0;0;0;0;0;0;0;0;0;0;0;0;0;0;0;0;0;0;0;2978;2978;2978;2978;2978;2978;2978;2978;2978;2978;2978;2978;2978;2978;2978;2978;2978;2978;2978;2978;0;1042;0;0;0;0;0;0;0;0;0;0;0;1042;0;2978;2978;2978;2978;2978;2978;2978;2978;2978;2978;0;0;0;0;0;0;0;0;0;0;0;0;0;0;0;0;0;0;0;0;0;0;0;0;0;0;0;0;0;0;0;0;0;
0;0;0;1308;1004;2946;2946;2946;2946;2946;2946;2946;2946;2946;2946;2946;2946;2946;2946;2946;2946;2946;2946;2946;2946;2946;2946;2946;2946;2946;2946;2946;2946;2946;2946;2946;2946;2946;2946;2946;2946;2946;1004;1308;0;0;0;0;0;0;0;0;0;0;0;1308;1004;2946;2946;2946;2946;2946;2946;2946;2946;2946;2946;2946;2946;2946;2946;2946;2946;2946;2946;2946;2946;2946;2946;2946;2946;2946;2946;2946;2946;2946;2946;2946;2946;2946;2946;2946;2946;2946;2946;1004;1308;0;0;0;
0;0;0;1308;1004;1004;1004;1004;1004;1004;1004;1004;1004;1004;1004;1004;1004;1004;1004;1004;1004;1004;1004;1004;1004;1004;1004;1004;1004;1004;1004;1004;1004;1004;1004;1004;1004;1004;1004;1004;1004;1004;1004;1308;0;0;0;0;0;0;0;0;0;0;0;1308;1004;1004;1004;1004;1004;1004;1004;1004;1004;1004;1004;1004;1004;1004;1004;1004;1004;1004;1004;1004;1004;1004;1004;1004;1004;1004;1004;1004;1004;1004;1004;1004;1004;1004;1004;1004;1004;1004;1004;1004;1308;0;0;0;
0;0;0;0;0;1446;1446;1446;1446;1446;1446;1446;1446;1446;1446;1446;1446;1446;1446;1446;1446;1446;1446;1446;1446;1446;1446;1446;1446;1446;1446;1446;1446;1446;1446;1446;1446;1446;1446;1446;1446;1446;0;0;0;0;0;0;0;0;0;0;0;0;0;0;0;1446;1446;1446;1446;1446;1446;1446;1446;1446;1446;1446;1446;1446;1446;1446;1446;1446;1446;1446;1446;1446;1446;1446;1446;1446;1446;1446;1446;1446;1446;1446;1446;1446;1446;1446;1446;1446;1446;0;0;0;0;0;
0;0;0;0;0;0;0;0;0;0;0;0;0;0;0;0;0;0;0;0;0;0;0;2978;2978;2978;2978;2978;2978;2978;2978;2978;2978;2978;2978;2978;2978;2978;2978;2978;2978;2978;0;1042;0;0;0;0;0;0;0;0;0;0;0;1042;0;2978;2978;2978;2978;2978;2978;2978;2978;2978;2978;2978;2978;2978;0;0;0;0;0;0;0;0;0;0;0;0;0;0;0;0;0;0;0;0;0;0;0;0;0;0;0;0;0;0;
0;0;0;1308;1004;2946;2946;2946;2946;2946;2946;2946;2946;2946;2946;2946;2946;2946;2946;2946;2946;2946;2946;2946;2946;2946;2946;2946;2946;2946;2946;2946;2946;2946;2946;2946;2946;2946;2946;2946;2946;2946;1004;1308;0;0;0;0;0;0;0;0;0;0;0;1308;1004;2946;2946;2946;2946;2946;2946;2946;2946;2946;2946;2946;2946;2946;2946;2946;2946;2946;2946;2946;2946;2946;2946;2946;2946;2946;2946;2946;2946;2946;2946;2946;2946;2946;2946;2946;2946;2946;2946;1004;1308;0;0;0;
0;0;0;1308;1004;1004;1004;1004;1004;1004;1004;1004;1004;1004;1004;1004;1004;1004;1004;1004;1004;1004;1004;1004;1004;1004;1004;1004;1004;1004;1004;1004;1004;1004;1004;1004;1004;1004;1004;1004;1004;1004;1004;1308;0;0;0;0;0;0;0;0;0;0;0;1308;1004;1004;1004;1004;1004;1004;1004;1004;1004;1004;1004;1004;1004;1004;1004;1004;1004;1004;1004;1004;1004;1004;1004;1004;1004;1004;1004;1004;1004;1004;1004;1004;1004;1004;1004;1004;1004;1004;1004;1004;1308;0;0;0;
0;0;0;0;0;1446;1446;1446;1446;1446;1446;1446;1446;1446;1446;1446;1446;1446;1446;1446;1446;1446;1446;1446;1446;1446;1446;1446;1446;1446;1446;1446;1446;1446;1446;1446;1446;1446;1446;1446;1446;1446;0;0;0;0;0;0;0;0;0;0;0;0;0;0;0;1446;1446;1446;1446;1446;1446;1446;1446;1446;1446;1446;1446;1446;1446;1446;1446;1446;1446;1446;1446;1446;1446;1446;1446;1446;1446;1446;1446;1446;1446;1446;1446;1446;1446;1446;1446;1446;1446;0;0;0;0;0;
0;0;0;0;0;0;0;0;0;0;0;0;0;0;0;0;0;0;0;0;0;0;0;2978;2978;2978;2978;2978;2978;2978;2978;2978;2978;2978;2978;2978;2978;2978;2978;2978;2978;2978;0;1042;0;0;0;0;0;0;0;0;0;0;0;1042;0;2978;2978;2978;2978;2978;2978;2978;2978;2978;2978;2978;2978;2978;2978;2978;0;0;0;0;0;0;0;0;0;0;0;0;0;0;0;0;0;0;0;0;0;0;0;0;0;0;0;0;
0;0;0;1308;1004;2946;2946;2946;2946;2946;2946;2946;2946;2946;2946;2946;2946;2946;2946;2946;2946;2946;2946;2946;2946;2946;2946;2946;2946;2946;2946;2946;2946;2946;2946;2946;2946;2946;2946;2946;2946;2946;1004;1308;0;0;0;0;0;0;0;0;0;0;0;1308;1004;2946;2946;2946;2946;2946;2946;2946;2946;2946;2946;2946;2946;2946;2946;2946;2946;2946;2946;2946;2946;2946;2946;2946;2946;2946;2946;2946;2946;2946;2946;2946;2946;2946;2946;2946;2946;2946;2946;1004;1308;0;0;0;
0;0;0;1308;1004;1004;1004;1004;1004;1004;1004;1004;1004;1004;1004;1004;1004;1004;1004;1004;1004;1004;1004;1004;1004;1004;1004;1004;1004;1004;1004;1004;1004;1004;1004;1004;1004;1004;1004;1004;1004;1004;1004;1308;0;0;0;0;0;0;0;0;0;0;0;1308;1004;1004;1004;1004;1004;1004;1004;1004;1004;1004;1004;1004;1004;1004;1004;1004;1004;1004;1004;1004;1004;1004;1004;1004;1004;1004;1004;1004;1004;1004;1004;1004;1004;1004;1004;1004;1004;1004;1004;1004;1308;0;0;0;
0;0;0;0;0;1446;1446;1446;1446;1446;1446;1446;1446;1446;1446;1446;1446;1446;1446;1446;1446;1446;1446;1446;1446;1446;1446;1446;1446;1446;1446;1446;1446;1446;1446;1446;1446;1446;1446;1446;1446;1446;0;0;0;0;0;1004;1004;1004;1004;1004;0;0;0;0;0;1446;1446;1446;1446;1446;1446;1446;1446;1446;1446;1446;1446;1446;1446;1446;1446;1446;1446;1446;1446;1446;1446;1446;1446;1446;1446;1446;1446;1446;1446;1446;1446;1446;1446;1446;1446;1446;1446;0;0;0;0;0;
0;0;0;0;0;0;0;0;0;0;0;0;0;0;0;0;0;0;0;0;0;2978;2978;2978;2978;2978;2978;2978;2978;2978;2978;2978;2978;2978;2978;2978;2978;2978;2978;2978;2978;2978;0;1042;0;0;1004;1004;1004;1004;1004;1004;1004;0;0;1042;0;2978;2978;2978;2978;2978;2978;2978;2978;2978;2978;2978;2978;2978;2978;2978;2978;0;0;0;0;0;0;0;0;0;0;0;0;0;0;0;0;0;0;0;0;0;0;0;0;0;0;0;
0;0;0;1308;1004;2946;2946;2946;2946;2946;2946;2946;2946;2946;2946;2946;2946;2946;2946;2946;2946;2946;2946;2946;2946;2946;2946;2946;2946;2946;2946;2946;2946;2946;2946;2946;2946;2946;2946;2946;2946;2946;1004;1308;0;0;1004;0;0;0;0;0;1004;0;0;1308;1004;2946;2946;2946;2946;2946;2946;2946;2946;2946;2946;2946;2946;2946;2946;2946;2946;2946;2946;2946;2946;2946;2946;2946;2946;2946;2946;2946;2946;2946;2946;2946;2946;2946;2946;2946;2946;2946;2946;1004;1308;0;0;0;
0;0;0;1308;1004;1004;1004;1004;1004;1004;1004;1004;1004;1004;1004;1004;1004;1004;1004;1004;1004;1004;1004;1004;1004;1004;1004;1004;1004;1004;1004;1004;1004;1004;1004;1004;1004;1004;1004;1004;1004;1004;1004;1308;0;0;1162;658;0;0;0;0;1162;0;0;1308;1004;1004;1004;1004;1004;1004;1004;1004;1004;1004;1004;1004;1004;1004;1004;1004;1004;1004;1004;1004;1004;1004;1004;1004;1004;1004;1004;1004;1004;1004;1004;1004;1004;1004;1004;1004;1004;1004;1004;1004;1308;0;0;202;
0;0;0;0;0;0;0;0;0;0;0;0;0;0;0;0;0;0;0;0;0;0;0;0;0;0;0;0;0;0;0;0;0;0;0;0;0;0;0;0;0;0;0;0;0;0;1162;1042;1042;6;1042;1042;1162;0;0;0;0;0;0;0;0;0;0;0;0;0;0;0;0;0;0;0;0;0;0;0;0;0;0;0;0;0;0;0;0;0;0;0;0;0;0;0;0;0;0;0;0;0;0;2744;
1004;1004;1004;1004;1004;1004;1004;1004;1004;1004;1004;1004;1004;1004;1004;1004;1004;1004;1004;1004;1004;1004;1004;1004;1004;1004;1004;1004;1004;1004;1004;1004;1004;1004;1004;1004;1004;1004;1004;1004;1004;1004;1004;1004;1004;1004;1004;1004;1004;8;1004;1004;1004;1004;1004;1004;1004;1004;1004;1004;1004;1004;1004;1004;1004;1004;1004;1004;1004;1004;1004;1004;1004;1004;1004;1004;1004;1004;1004;1004;1004;1004;1004;1004;1004;1004;1004;1004;1004;1004;1004;1004;1004;1004;1004;1004;1004;242;1278;1276;
8;8;8;8;8;8;8;8;8;8;8;8;8;8;8;8;8;8;8;8;8;8;8;8;8;8;8;8;8;8;8;8;8;8;8;8;8;8;8;8;8;8;8;8;8;8;8;8;8;8;8;8;8;8;8;8;8;8;8;8;8;8;8;8;8;8;8;8;8;8;8;8;8;8;8;8;8;8;8;8;8;8;8;8;8;8;8;8;8;8;8;8;8;8;8;8;8;8;8;8;
8;8;8;8;8;8;8;8;8;8;8;8;8;8;8;8;8;8;8;8;8;8;8;8;8;8;8;8;8;8;8;8;8;8;8;8;8;8;8;8;8;8;8;8;8;8;8;8;8;8;8;8;8;8;8;8;8;8;8;8;8;8;8;8;8;8;8;8;8;8;8;8;8;8;8;8;8;8;8;8;8;8;8;8;8;8;8;8;8;8;8;8;8;8;8;8;8;8;8;8;
8;8;8;8;8;8;8;8;8;8;8;8;8;8;8;8;8;8;8;8;8;8;8;8;8;8;8;8;8;8;8;8;8;8;8;8;8;8;8;8;8;8;8;8;8;8;8;8;8;8;8;8;8;8;8;8;8;8;8;8;8;8;8;8;8;8;8;8;8;8;8;8;8;8;8;8;8;8;8;8;8;8;8;8;8;8;8;8;8;8;8;8;8;8;8;8;8;8;8;8;
8;8;8;8;8;8;8;8;8;8;8;8;8;8;8;8;8;8;8;8;8;8;8;8;8;8;8;8;8;8;8;8;8;8;8;8;8;8;8;8;8;8;8;8;8;8;8;8;8;8;8;8;8;8;8;8;8;8;8;8;8;8;8;8;8;8;8;8;8;8;8;8;8;8;8;8;8;8;8;8;8;8;8;8;8;8;8;8;8;8;8;8;8;8;8;8;8;8;8;8;
8;8;8;8;8;8;8;8;8;8;8;8;8;8;8;8;8;8;8;8;8;8;8;8;8;8;8;8;8;8;8;8;8;8;8;8;8;8;8;8;8;8;8;8;8;8;8;8;8;8;8;8;8;8;8;8;8;8;8;8;8;8;8;8;8;8;8;8;8;8;8;8;8;8;8;8;8;8;8;8;8;8;8;8;8;8;8;8;8;8;8;8;8;8;8;8;8;8;8;8;
8;8;8;8;8;8;8;8;8;8;8;8;8;8;8;8;8;8;8;8;8;8;8;8;8;8;8;8;8;8;8;8;8;8;8;8;8;8;8;8;8;8;8;8;8;8;8;8;8;8;8;8;8;8;8;8;8;8;8;8;8;8;8;8;8;8;8;8;8;8;8;8;8;8;8;8;8;8;8;8;8;8;8;8;8;8;8;8;8;8;8;8;8;8;8;8;8;8;8;8;
