0;0;0;0;0;0;0;0;0;0;0;0;0;0;0;0;0;0;0;0;0;0;0;0;0;0;0;0;0;0;0;0;0;0;0;0;0;0;0;0;0;0;0;0;0;0;0;0;0;0;0;0;0;0;0;0;0;0;0;0;0;0;0;0;0;0;0;0;0;0;0;0;0;0;0;0;0;0;0;0;0;0;778;0;0;0;0;0;0;0;0;0;0;0;0;0;0;0;0;0;
998;0;998;998;998;998;998;998;998;998;998;998;998;998;998;998;998;998;998;998;998;998;998;998;998;998;998;998;998;998;998;998;998;998;998;998;998;998;998;998;998;998;998;998;998;998;998;998;0;998;0;998;998;998;998;998;998;998;998;998;998;998;998;998;998;998;998;998;998;998;998;998;998;998;998;998;998;998;998;998;998;998;998;998;998;998;998;998;998;998;998;998;998;998;998;998;998;998;0;998;
778;0;0;0;0;0;0;0;0;0;0;0;0;0;0;0;0;0;0;0;0;0;0;0;0;0;0;0;0;0;0;0;0;0;0;0;0;0;0;0;0;0;0;0;0;0;0;0;0;0;0;0;0;0;0;0;0;0;0;0;0;0;0;0;0;0;0;0;0;0;0;0;0;0;0;0;0;0;0;0;0;0;0;0;0;0;0;0;0;0;0;0;0;0;0;0;0;0;0;0;
998;0;998;998;998;998;998;998;998;998;998;998;998;998;998;998;998;998;998;998;998;998;998;998;998;998;998;998;998;998;998;998;998;998;998;998;998;998;998;998;998;998;998;998;998;998;998;998;0;998;0;998;998;998;998;998;998;998;998;998;998;998;998;998;998;998;998;998;998;998;998;998;998;998;998;998;998;998;998;998;998;998;998;998;998;998;998;998;998;998;998;998;998;998;998;998;998;998;0;998;
0;0;0;0;0;0;0;0;0;0;0;0;0;0;0;0;0;0;0;0;0;0;0;0;0;0;0;0;0;0;0;0;0;0;0;0;0;0;0;0;0;0;0;0;0;0;0;0;0;0;0;0;0;0;0;0;0;0;0;0;0;0;0;0;0;0;0;0;0;0;0;0;0;0;0;0;0;0;0;0;0;0;0;0;0;0;0;0;0;0;0;0;0;0;0;0;0;0;0;0;
998;0;998;998;998;998;998;998;998;998;998;998;998;998;998;998;998;998;998;998;998;998;998;998;998;998;998;998;998;998;998;998;998;998;998;998;998;998;998;998;998;998;998;998;998;998;998;998;0;998;0;998;998;998;998;998;998;998;998;998;998;998;998;998;998;998;998;998;998;998;998;998;998;998;998;998;998;998;998;998;998;998;998;998;998;998;998;998;998;998;998;998;998;998;998;998;998;998;0;998;
0;0;0;0;0;0;0;0;0;0;0;0;0;0;0;0;0;0;0;0;0;0;0;0;0;0;0;0;0;0;0;0;0;0;0;0;0;0;0;0;0;0;0;0;0;0;0;0;0;0;0;0;0;0;0;0;0;0;0;0;0;0;0;0;0;0;0;0;0;0;0;0;0;0;0;0;0;0;0;0;0;0;0;0;0;0;0;0;0;0;0;0;0;0;0;0;0;0;0;0;
998;0;998;998;998;998;998;998;998;998;998;998;998;998;998;998;998;998;998;998;998;998;998;998;998;998;998;998;998;998;998;998;998;998;998;998;998;998;998;998;998;998;998;998;998;998;998;998;0;998;0;998;998;998;998;998;998;998;998;998;998;998;998;998;998;998;998;998;998;998;998;998;998;998;998;998;998;998;998;998;998;998;998;998;998;998;998;998;998;998;998;998;998;998;998;998;998;998;0;998;
0;0;0;0;0;0;0;0;0;0;0;0;0;0;0;0;0;0;0;0;0;0;0;0;0;0;0;0;0;0;0;0;0;0;0;0;0;0;0;0;0;0;0;0;0;0;0;0;0;0;0;0;0;0;0;0;0;0;0;0;0;0;0;0;0;0;0;0;0;0;0;0;0;0;0;0;0;0;0;0;0;0;0;0;0;0;0;0;0;0;0;0;0;0;0;0;0;0;0;0;
998;0;998;998;998;998;998;998;998;998;998;998;998;998;998;998;998;998;998;998;998;998;998;998;998;998;998;998;998;998;998;998;998;998;998;998;998;998;998;998;998;998;998;998;998;998;998;998;0;998;0;998;998;998;998;998;998;998;998;998;998;998;998;998;998;998;998;998;998;998;998;998;998;998;998;998;998;998;998;998;998;998;998;998;998;998;998;998;998;998;998;998;998;998;998;998;998;998;0;998;
0;0;0;0;0;0;0;0;0;0;0;0;0;0;0;0;0;0;0;0;0;0;0;0;0;0;0;0;0;0;0;0;0;0;0;0;0;0;0;0;0;0;0;0;0;0;0;0;0;0;0;0;0;0;0;0;0;0;0;0;0;0;0;0;0;0;0;0;0;0;0;0;0;0;0;0;0;0;0;0;0;0;0;0;0;0;0;0;0;0;0;0;0;0;0;0;0;0;0;0;
998;0;998;998;998;998;998;998;998;998;998;998;998;998;998;998;998;998;998;998;998;998;998;998;998;998;998;998;998;998;998;998;998;998;998;998;998;998;998;998;998;998;998;998;998;998;998;998;0;998;0;998;998;998;998;998;998;998;998;998;998;998;998;998;998;998;998;998;998;998;998;998;998;998;998;998;998;998;998;998;998;998;998;998;998;998;998;998;998;998;998;998;998;998;998;998;998;998;0;998;
0;0;0;0;0;0;0;0;0;0;0;0;0;0;0;0;0;0;0;0;0;0;0;0;0;0;0;0;0;0;0;0;0;0;0;0;0;0;0;0;0;0;0;0;0;0;0;0;0;0;0;0;0;0;0;0;0;0;0;0;0;0;0;0;0;0;0;0;0;0;0;0;0;0;0;0;0;0;0;0;0;0;0;0;0;0;0;0;0;0;0;0;0;0;0;0;0;0;0;0;
998;0;998;998;998;998;998;998;998;998;998;998;998;998;998;998;998;998;998;998;998;998;998;998;998;998;998;998;998;998;998;998;998;998;998;998;998;998;998;998;998;998;998;998;998;998;998;998;0;998;0;998;998;998;998;998;998;998;998;998;998;998;998;998;998;998;998;998;998;998;998;998;998;998;998;998;998;998;998;998;998;998;998;998;998;998;998;998;998;998;998;998;998;998;998;998;998;998;0;998;
0;0;0;0;0;0;0;0;0;0;0;0;0;0;0;0;0;0;0;0;0;0;0;0;0;0;0;0;0;0;0;0;0;0;0;0;0;0;0;0;0;0;0;0;0;0;0;0;0;0;0;0;0;0;0;0;0;0;0;0;0;0;0;0;0;0;0;0;0;0;0;0;0;0;0;0;0;0;0;0;0;0;0;0;0;0;0;0;0;0;0;0;0;0;0;0;0;0;0;0;
998;0;998;998;998;998;998;998;998;998;998;998;998;998;998;998;998;998;998;998;998;998;998;998;998;998;998;998;998;998;998;998;998;998;998;998;998;998;998;998;998;998;998;998;998;998;998;998;0;998;0;998;998;998;998;998;998;998;998;998;998;998;998;998;998;998;998;998;998;998;998;998;998;998;998;998;998;998;998;998;998;998;998;998;998;998;998;998;998;998;998;998;998;998;998;998;998;998;0;998;
0;0;0;0;0;0;0;0;0;0;0;0;0;0;0;0;0;0;0;0;0;0;0;0;0;0;0;0;0;0;0;0;0;0;0;0;0;0;0;0;0;0;0;0;0;0;0;0;0;0;0;0;0;0;0;0;0;0;0;0;0;0;0;0;0;0;0;0;0;0;0;0;0;0;0;0;0;0;0;0;0;0;0;0;0;0;0;0;0;0;0;0;0;0;0;0;0;0;0;0;
998;0;998;998;998;998;998;998;998;998;998;998;998;998;998;998;998;998;998;998;998;998;998;998;998;998;998;998;998;998;998;998;998;998;998;998;998;998;998;998;998;998;998;998;998;998;998;998;0;998;0;998;998;998;998;998;998;998;998;998;998;998;998;998;998;998;998;998;998;998;998;998;998;998;998;998;998;998;998;998;998;998;998;998;998;998;998;998;998;998;998;998;998;998;998;998;998;998;0;998;
0;0;0;0;0;0;0;0;0;0;0;0;0;0;0;0;0;0;0;0;0;0;0;0;0;0;0;0;0;0;0;0;0;0;0;0;0;0;0;0;0;0;0;0;0;0;0;0;0;0;0;0;0;0;0;0;0;0;0;0;0;0;0;0;0;0;0;0;0;0;0;0;0;0;0;0;0;0;0;0;0;0;0;0;0;0;0;0;0;0;0;0;0;0;0;0;0;0;0;0;
998;0;998;998;998;998;998;998;998;998;998;998;998;998;998;998;998;998;998;998;998;998;998;998;998;998;998;998;998;998;998;998;998;998;998;998;998;998;998;998;998;998;998;998;998;998;998;998;0;998;0;998;998;998;998;998;998;998;998;998;998;998;998;998;998;998;998;998;998;998;998;998;998;998;998;998;998;998;998;998;998;998;998;998;998;998;998;998;998;998;998;998;998;998;998;998;998;998;0;998;
0;0;0;0;0;0;0;0;0;0;0;0;0;0;0;0;0;0;0;0;0;0;0;0;0;0;0;0;0;0;0;0;0;0;0;0;0;0;0;0;0;0;0;0;0;0;0;0;0;0;0;0;0;0;0;0;0;0;0;0;0;0;0;0;0;0;0;0;0;0;0;0;0;0;0;0;0;0;0;0;0;0;0;0;0;0;0;0;0;0;0;0;0;0;0;0;0;0;0;0;
1004;1004;1004;1004;1004;1004;1004;1004;1004;1004;1004;1004;1004;1004;0;0;0;0;0;1004;1004;1004;1004;1004;1004;1004;1004;1162;1004;1004;1004;1004;1004;1004;1004;1004;1004;1004;60;1004;1004;1004;1004;1004;1004;1004;1004;1004;1004;1162;1004;1004;1004;1004;1004;1004;1004;1004;1004;1004;60;1004;1004;1004;1004;1004;1004;1004;1004;1004;1004;1162;1004;1004;1004;1004;1004;1004;1004;1004;0;0;0;0;0;1004;1004;1004;1004;1004;1004;1004;1004;1004;1004;1004;1004;1004;1004;1004;
1004;0;0;0;0;0;0;0;0;0;0;0;0;1004;1004;0;0;0;1004;1004;0;1006;0;0;456;758;0;0;0;758;456;0;0;0;0;1004;1004;1422;410;1422;1004;1004;0;0;998;0;0;224;0;0;0;224;0;0;998;0;0;1004;1004;1422;0;1422;1004;1004;0;0;0;0;0;0;0;0;0;0;0;0;0;0;0;1004;1004;0;0;0;1004;1004;0;0;1004;0;0;1004;0;0;1004;0;0;1004;0;1004;
1004;60;1004;1004;1004;1004;1004;1004;1004;1004;1004;1004;1004;1004;1004;1004;1004;1004;1004;1202;0;998;0;0;998;998;0;0;0;998;998;0;0;0;0;0;1004;1004;1004;1004;1004;0;0;0;998;0;1048;224;1420;6;1420;546;1048;0;998;0;0;0;1004;1004;1004;1004;1004;0;0;0;0;0;0;0;0;0;0;0;0;0;0;0;0;0;1004;1004;1004;1004;1004;0;0;0;1004;0;0;1004;0;0;1004;0;0;1004;0;1004;
1004;0;0;0;0;0;0;0;0;0;0;0;0;0;1162;0;0;0;1162;0;1138;0;954;0;1138;0;0;0;0;954;1138;0;954;0;1138;954;0;0;173;0;0;986;0;0;998;1004;1004;1452;1452;8;1452;1452;1004;1004;998;0;0;0;1162;0;0;0;1162;0;202;0;0;0;0;0;0;0;0;0;0;0;0;0;0;0;1162;0;0;0;1162;0;0;0;0;0;0;1004;0;0;0;0;0;1004;0;1004;
1004;60;1004;1004;1004;1004;1004;1004;1004;1004;1004;1004;1004;1004;1004;1004;1004;1004;1004;998;998;998;998;998;998;998;998;998;998;998;998;998;998;998;998;998;1004;1004;1004;1004;1004;998;0;0;998;998;998;998;998;998;998;998;998;998;998;0;0;998;1004;1004;1004;1004;1004;998;0;0;0;0;0;0;0;0;0;0;0;0;0;0;0;998;1004;1004;1004;1004;1004;998;0;0;0;0;0;0;0;0;0;0;0;242;0;1004;
1004;0;0;0;0;0;0;0;0;0;0;0;0;1004;1004;0;0;0;1004;1004;0;0;0;0;0;0;0;0;0;0;0;0;0;0;0;1004;1004;1422;0;1422;1004;1004;0;0;0;0;0;0;0;0;0;0;0;0;0;0;0;1004;1004;1422;0;1422;1004;1004;0;0;0;0;0;0;0;0;0;0;0;0;0;0;0;1004;1004;0;0;0;1004;1004;0;0;0;0;0;0;0;0;0;0;0;0;0;1004;
1004;1004;1004;1004;1004;1004;1004;1004;1004;1004;1004;1004;1004;1004;0;0;0;0;0;1004;1004;1004;1004;1004;1004;1004;1004;1004;1004;1004;1004;1004;1004;1004;1004;1004;1004;1004;998;1004;1004;1004;1004;1004;1004;1004;1004;1004;1004;1162;1004;1004;1004;1004;1004;1004;1004;1004;1004;1004;998;1004;1004;1004;1004;1004;1004;1004;1004;1004;1004;1162;1004;1004;1004;1004;1004;1004;1004;1004;0;0;0;0;0;1004;1004;1004;1004;1004;1004;1004;1004;1004;1004;1004;1004;1004;1004;1004;
0;0;0;0;0;0;0;0;0;0;0;0;0;0;0;0;0;0;0;0;0;0;0;0;0;0;0;0;0;0;0;0;0;0;0;0;0;0;0;0;0;0;0;0;0;0;0;0;0;0;0;0;0;0;0;0;0;0;0;0;0;0;0;0;0;0;0;0;0;0;0;0;0;0;0;0;0;0;0;0;0;0;0;0;0;0;0;0;0;0;0;0;0;0;0;0;0;0;0;0;
998;0;998;998;998;998;998;998;998;998;998;998;998;998;998;998;998;998;998;998;998;998;998;998;998;998;998;998;998;998;998;998;998;998;998;998;998;998;998;998;998;998;998;998;998;998;998;998;0;998;0;998;998;998;998;998;998;998;998;998;998;998;998;998;998;998;998;998;998;998;998;998;998;998;998;998;998;998;998;998;998;998;998;998;998;998;998;998;998;998;998;998;998;998;998;998;998;998;0;998;
0;0;0;0;0;0;0;0;0;0;0;0;0;0;0;0;0;0;0;0;0;0;0;0;0;0;0;0;0;0;0;0;0;0;0;0;0;0;0;0;0;0;0;0;0;0;0;0;0;0;0;0;0;0;0;0;0;0;0;0;0;0;0;0;0;0;0;0;0;0;0;0;0;0;0;0;0;0;0;0;0;0;0;0;0;0;0;0;0;0;0;0;0;0;0;0;0;0;0;0;
998;0;998;998;998;998;998;998;998;998;998;998;998;998;998;998;998;998;998;998;998;998;998;998;998;998;998;998;998;998;998;998;998;998;998;998;998;998;998;998;998;998;998;998;998;998;998;998;0;998;0;998;998;998;998;998;998;998;998;998;998;998;998;998;998;998;998;998;998;998;998;998;998;998;998;998;998;998;998;998;998;998;998;998;998;998;998;998;998;998;998;998;998;998;998;998;998;998;0;998;
0;0;0;0;0;0;0;0;0;0;0;0;0;0;0;0;0;0;0;0;0;0;0;0;0;0;0;0;0;0;0;0;0;0;0;0;0;0;0;0;0;0;0;0;0;0;0;0;0;0;0;0;0;0;0;0;0;0;0;0;0;0;0;0;0;0;0;0;0;0;0;0;0;0;0;0;0;0;0;0;0;0;0;0;0;0;0;0;0;0;0;0;0;0;0;0;0;0;0;0;
998;0;998;998;998;998;998;998;998;998;998;998;998;998;998;998;998;998;998;998;998;998;998;998;998;998;998;998;998;998;998;998;998;998;998;998;998;998;998;998;998;998;998;998;998;998;998;998;0;998;0;998;998;998;998;998;998;998;998;998;998;998;998;998;998;998;998;998;998;998;998;998;998;998;998;998;998;998;998;998;998;998;998;998;998;998;998;998;998;998;998;998;998;998;998;998;998;998;0;998;
0;0;0;0;0;0;0;0;0;0;0;0;0;0;0;0;0;0;0;0;0;0;0;0;0;0;0;0;0;0;0;0;0;0;0;0;0;0;0;0;0;0;0;0;0;0;0;0;0;0;0;0;0;0;0;0;0;0;0;0;0;0;0;0;0;0;0;0;0;0;0;0;0;0;0;0;0;0;0;0;0;0;0;0;0;0;0;0;0;0;0;0;0;0;0;0;0;0;0;0;
998;0;998;998;998;998;998;998;998;998;998;998;998;998;998;998;998;998;998;998;998;998;998;998;998;998;998;998;998;998;998;998;998;998;998;998;998;998;998;998;998;998;998;998;998;998;998;998;0;998;0;998;998;998;998;998;998;998;998;998;998;998;998;998;998;998;998;998;998;998;998;998;998;998;998;998;998;998;998;998;998;998;998;998;998;998;998;998;998;998;998;998;998;998;998;998;998;998;0;998;
0;0;0;0;0;0;0;0;0;0;0;0;0;0;0;0;0;0;0;0;0;0;0;0;0;0;0;0;0;0;0;0;0;0;0;0;0;0;0;0;0;0;0;0;0;0;0;0;0;0;0;0;0;0;0;0;0;0;0;0;0;0;0;0;0;0;0;0;0;0;0;0;0;0;0;0;0;0;0;0;0;0;0;0;0;0;0;0;0;0;0;0;0;0;0;0;0;0;0;0;
998;0;998;998;998;998;998;998;998;998;998;998;998;998;998;998;998;998;998;998;998;998;998;998;998;998;998;998;998;998;998;998;998;998;998;998;998;998;998;998;998;998;998;998;998;998;998;998;0;998;0;998;998;998;998;998;998;998;998;998;998;998;998;998;998;998;998;998;998;998;998;998;998;998;998;998;998;998;998;998;998;998;998;998;998;998;998;998;998;998;998;998;998;998;998;998;998;998;0;998;
0;0;0;0;0;0;0;0;0;0;0;0;0;0;0;0;0;0;0;0;0;0;0;0;0;0;0;0;0;0;0;0;0;0;0;0;0;0;0;0;0;0;0;0;0;0;0;0;0;0;0;0;0;0;0;0;0;0;0;0;0;0;0;0;0;0;0;0;0;0;0;0;0;0;0;0;0;0;0;0;0;0;0;0;0;0;0;0;0;0;0;0;0;0;0;0;0;0;0;0;
998;0;998;998;998;998;998;998;998;998;998;998;998;998;998;998;998;998;998;998;998;998;998;998;998;998;998;998;998;998;998;998;998;998;998;998;998;998;998;998;998;998;998;998;998;998;998;998;0;998;0;998;998;998;998;998;998;998;998;998;998;998;998;998;998;998;998;998;998;998;998;998;998;998;998;998;998;998;998;998;998;998;998;998;998;998;998;998;998;998;998;998;998;998;998;998;998;998;0;998;
0;0;0;0;0;0;0;0;0;0;0;0;0;0;0;0;0;0;0;0;0;0;0;0;0;0;0;0;0;0;0;0;0;0;0;0;0;0;0;0;0;0;0;0;0;0;0;0;0;0;0;0;0;0;0;0;0;0;0;0;0;0;0;0;0;0;0;0;0;0;0;0;0;0;0;0;0;0;0;0;0;0;0;0;0;0;0;0;0;0;0;0;0;0;0;0;0;0;0;0;
998;0;998;998;998;998;998;998;998;998;998;998;998;998;998;998;998;998;998;998;998;998;998;998;998;998;998;998;998;998;998;998;998;998;998;998;998;998;998;998;998;998;998;998;998;998;998;998;0;998;0;998;998;998;998;998;998;998;998;998;998;998;998;998;998;998;998;998;998;998;998;998;998;998;998;998;998;998;998;998;998;998;998;998;998;998;998;998;998;998;998;998;998;998;998;998;998;998;0;998;
0;0;0;0;0;0;0;0;0;0;0;0;0;0;0;0;0;0;0;0;0;0;0;0;0;0;0;0;0;0;0;0;0;0;0;0;0;0;0;0;0;0;0;0;0;0;0;0;0;0;0;0;0;0;0;0;0;0;0;0;0;0;0;0;0;0;0;0;0;0;0;0;0;0;0;0;0;0;0;0;0;0;0;0;0;0;0;0;0;0;0;0;0;0;0;0;0;0;0;0;
998;0;998;998;998;998;998;998;998;998;998;998;998;998;998;998;998;998;998;998;998;998;998;998;998;998;998;998;998;998;998;998;998;998;998;998;998;998;998;998;998;998;998;998;998;998;998;998;0;998;0;998;998;998;998;998;998;998;998;998;998;998;998;998;998;998;998;998;998;998;998;998;998;998;998;998;998;998;998;998;998;998;998;998;998;998;998;998;998;998;998;998;998;998;998;998;998;998;0;998;
0;0;0;0;0;0;0;0;0;0;0;0;0;0;0;0;0;0;0;0;0;0;0;0;0;0;0;0;0;0;0;0;0;0;0;0;0;0;0;0;0;0;0;0;0;0;0;0;0;0;0;0;0;0;0;0;0;0;0;0;0;0;0;0;0;0;0;0;0;0;0;0;0;0;0;0;0;0;0;0;0;0;0;0;0;0;0;0;0;0;0;0;0;0;0;0;0;0;0;0;
998;0;998;998;998;998;998;998;998;998;998;998;998;998;998;998;998;998;998;998;998;998;998;998;998;998;998;998;998;998;998;998;998;998;998;998;998;998;998;998;998;998;998;998;998;998;998;998;0;998;0;998;998;998;998;998;998;998;998;998;998;998;998;998;998;998;998;998;998;998;998;998;998;998;998;998;998;998;998;998;998;998;998;998;998;998;998;998;998;998;998;998;998;998;998;998;998;998;0;998;
0;0;0;0;0;0;0;0;0;0;0;0;0;0;0;0;0;0;0;0;0;0;0;0;0;0;0;0;0;0;0;0;0;0;0;0;0;0;0;0;0;0;0;0;0;0;778;0;0;0;0;0;0;0;0;0;0;0;0;0;0;0;0;0;0;0;0;0;0;0;0;0;0;0;0;0;0;0;0;0;778;0;0;0;0;0;0;0;0;0;0;0;0;0;0;0;0;0;0;0;
998;0;998;998;998;998;998;998;998;998;998;998;998;998;998;998;998;998;998;998;998;998;998;998;998;998;998;998;998;998;998;998;998;998;998;998;998;998;998;998;998;998;998;998;998;998;998;998;0;998;0;998;998;998;998;998;998;998;998;998;998;998;998;998;998;998;998;998;998;998;998;998;998;998;998;998;998;998;998;998;998;998;998;998;998;998;998;998;998;998;998;998;998;998;998;998;998;998;0;998;
0;0;0;0;0;0;0;0;0;0;0;0;0;0;0;0;0;0;0;0;0;0;0;0;0;0;0;0;0;0;0;0;0;0;0;0;0;0;0;0;0;0;0;0;0;0;0;0;0;0;0;0;0;0;0;0;0;0;0;0;0;0;0;0;0;0;0;0;0;0;0;0;0;0;0;0;0;0;0;0;0;0;0;0;0;0;0;0;0;0;0;0;0;0;0;0;0;0;0;0;
998;0;998;998;998;998;998;998;998;998;998;998;998;998;998;998;998;998;998;998;998;998;998;998;998;998;998;998;998;998;998;998;998;998;998;998;998;998;998;998;998;998;998;998;998;998;998;998;0;998;0;998;998;998;998;998;998;998;998;998;998;998;998;998;998;998;998;998;998;998;998;998;998;998;998;998;998;998;998;998;998;998;998;998;998;998;998;998;998;998;998;998;998;998;998;998;998;998;0;998;
0;0;0;0;0;0;0;0;0;0;0;0;0;0;0;0;0;0;0;0;0;0;0;0;0;0;0;0;0;0;0;0;0;0;0;0;0;0;0;0;0;0;0;0;0;0;0;0;0;0;0;0;0;0;0;0;0;0;0;0;0;0;0;0;0;0;0;0;0;0;0;0;0;0;0;0;0;0;0;0;0;0;0;0;0;0;0;0;0;0;0;0;0;0;0;0;0;0;0;0;
998;0;998;998;998;998;998;998;998;998;998;998;998;998;998;998;998;998;998;998;998;998;998;998;998;998;998;998;998;998;998;998;998;998;998;998;998;998;998;998;998;998;998;998;998;998;998;998;998;998;998;998;998;998;998;998;998;998;998;998;998;998;998;998;998;998;998;998;998;998;998;998;998;998;998;998;998;998;998;998;998;998;998;998;998;998;998;998;998;998;998;998;998;998;998;998;998;998;0;998;
0;0;0;0;0;0;0;0;0;0;0;0;0;0;0;0;0;0;0;0;0;0;0;0;0;0;0;0;0;0;0;0;0;0;0;0;0;0;0;0;0;0;0;0;0;0;0;0;0;0;0;0;0;0;0;0;0;0;0;0;0;0;0;0;0;0;0;0;0;0;0;0;0;0;0;0;0;0;0;0;0;0;0;0;0;0;0;0;0;0;0;0;0;0;0;0;0;0;0;0;
1298;998;998;998;998;998;998;998;998;998;998;998;998;998;998;998;998;998;998;998;998;998;998;998;998;998;998;998;998;998;998;998;998;998;998;998;998;998;998;998;998;998;998;998;998;998;998;998;998;998;998;998;998;998;998;998;998;998;998;998;998;998;998;998;998;998;998;998;998;998;998;998;998;998;998;998;998;998;998;998;998;998;998;998;998;998;998;998;998;998;998;998;998;998;998;998;998;998;998;1298;
8;8;8;8;8;8;8;8;8;8;8;8;8;8;8;8;8;8;8;8;8;8;8;8;8;8;8;8;8;8;8;8;8;8;8;8;8;8;8;8;8;8;8;8;8;8;8;8;8;8;8;8;8;8;8;8;8;8;8;8;8;8;8;8;8;8;8;8;8;8;8;8;8;8;8;8;8;8;8;8;8;8;8;8;8;8;8;8;8;8;8;8;8;8;8;8;8;8;8;8;
8;8;8;8;8;8;8;8;8;8;8;8;8;8;8;8;8;8;8;8;8;8;8;8;8;8;8;8;8;8;8;8;8;8;8;8;8;8;8;8;8;8;8;8;8;8;8;8;8;8;8;8;8;8;8;8;8;8;8;8;8;8;8;8;8;8;8;8;8;8;8;8;8;8;8;8;8;8;8;8;8;8;8;8;8;8;8;8;8;8;8;8;8;8;8;8;8;8;8;8;
8;8;8;8;8;8;8;8;8;8;8;8;8;8;8;8;8;8;8;8;8;8;8;8;8;8;8;8;8;8;8;8;8;8;8;8;8;8;8;8;8;8;8;8;8;8;8;8;8;8;8;8;8;8;8;8;8;8;8;8;8;8;8;8;8;8;8;8;8;8;8;8;8;8;8;8;8;8;8;8;8;8;8;8;8;8;8;8;8;8;8;8;8;8;8;8;8;8;8;8;
8;8;8;8;8;8;8;8;8;8;8;8;8;8;8;8;8;8;8;8;8;8;8;8;8;8;8;8;8;8;8;8;8;8;8;8;8;8;8;8;8;8;8;8;8;8;8;8;8;8;8;8;8;8;8;8;8;8;8;8;8;8;8;8;8;8;8;8;8;8;8;8;8;8;8;8;8;8;8;8;8;8;8;8;8;8;8;8;8;8;8;8;8;8;8;8;8;8;8;8;
8;8;8;8;8;8;8;8;8;8;8;8;8;8;8;8;8;8;8;8;8;8;8;8;8;8;8;8;8;8;8;8;8;8;8;8;8;8;8;8;8;8;8;8;8;8;8;8;8;8;8;8;8;8;8;8;8;8;8;8;8;8;8;8;8;8;8;8;8;8;8;8;8;8;8;8;8;8;8;8;8;8;8;8;8;8;8;8;8;8;8;8;8;8;8;8;8;8;8;8;
8;8;8;8;8;8;8;8;8;8;8;8;8;8;8;8;8;8;8;8;8;8;8;8;8;8;8;8;8;8;8;8;8;8;8;8;8;8;8;8;8;8;8;8;8;8;8;8;8;8;8;8;8;8;8;8;8;8;8;8;8;8;8;8;8;8;8;8;8;8;8;8;8;8;8;8;8;8;8;8;8;8;8;8;8;8;8;8;8;8;8;8;8;8;8;8;8;8;8;8;
