0;0;0;0;0;0;0;0;0;0;0;0;0;0;0;0;0;0;0;0;0;0;0;0;0;0;0;0;0;0;0;0;0;0;0;0;0;0;0;0;0;0;0;0;0;0;0;0;0;0;0;0;0;0;0;0;0;0;0;0;0;0;0;0;0;0;0;0;0;0;0;0;0;0;0;0;0;0;0;0;0;0;0;0;0;0;0;0;0;0;0;0;0;0;0;0;0;0;0;0;
0;0;0;0;0;0;0;0;0;0;0;0;0;0;0;0;0;0;0;0;0;0;0;0;0;0;0;0;0;0;0;0;0;0;0;0;0;0;0;0;0;0;0;0;0;0;0;0;0;0;0;0;0;0;0;0;0;0;0;0;0;0;0;0;0;0;0;0;0;0;0;0;0;0;0;0;0;0;0;0;0;0;0;0;0;0;0;0;0;0;0;0;0;0;0;0;0;0;0;0;
0;0;0;0;0;0;0;0;0;0;0;0;0;0;0;0;0;0;0;0;0;0;0;0;0;0;0;0;0;0;0;0;0;0;0;0;0;0;0;0;0;0;0;0;0;0;0;0;0;0;0;0;0;0;0;0;0;0;0;0;0;0;0;0;0;0;0;0;0;0;0;0;2;2;2;0;0;2;2;2;2;2;2;2;2;2;2;2;2;0;0;0;0;0;0;0;0;0;0;0;
0;0;0;0;0;0;0;0;0;0;0;0;0;0;0;0;0;0;0;0;0;0;0;0;0;0;0;0;0;0;0;0;0;0;0;0;0;0;0;0;0;0;0;0;0;0;0;0;0;0;0;0;0;0;0;0;0;0;0;0;0;0;0;0;0;0;0;0;0;0;0;0;0;0;0;0;0;0;0;0;0;0;0;0;0;0;0;0;0;0;0;0;0;0;0;0;0;0;0;0;
0;0;2;2;2;2;2;2;2;2;2;2;2;2;102;0;102;2;2;2;2;2;2;2;2;2;2;2;2;102;0;102;2;2;2;2;2;2;2;2;2;2;2;2;102;0;0;0;0;0;0;0;0;0;0;0;0;0;0;0;0;0;0;0;0;0;0;0;0;0;0;0;2;2;0;0;0;0;0;0;0;0;0;0;0;0;0;0;0;0;0;0;0;0;0;0;0;0;0;0;
0;0;0;0;0;0;0;0;0;0;0;0;0;0;0;0;0;0;0;0;0;0;0;0;0;0;0;0;0;0;0;0;0;0;0;0;0;0;0;0;0;0;0;0;0;0;0;0;0;0;0;0;0;0;0;0;0;0;0;0;0;0;0;0;0;0;0;0;0;0;0;0;0;0;0;0;0;0;0;0;0;0;0;0;0;0;0;0;0;0;0;0;0;0;0;0;0;0;0;0;
0;0;2;2;2;2;2;2;2;2;2;2;2;2;102;0;102;2;2;2;2;2;2;2;2;2;2;2;2;102;0;102;2;2;2;2;2;2;2;2;2;2;2;2;102;0;0;0;0;0;0;0;0;0;0;0;0;0;0;0;0;0;0;0;0;0;0;0;0;0;0;0;2;2;0;0;0;0;0;0;0;0;0;0;0;0;0;0;0;0;0;0;0;0;0;0;0;0;0;0;
0;0;0;0;0;0;0;0;0;0;0;0;0;0;0;0;0;0;0;0;0;0;0;0;0;0;0;0;0;0;0;0;0;0;0;0;0;0;0;0;0;0;0;0;0;0;0;0;0;0;0;0;0;0;0;0;0;0;0;0;0;0;0;0;0;0;0;0;0;0;0;0;0;0;0;0;0;0;0;0;0;0;0;0;0;0;0;0;0;0;0;0;0;0;0;0;0;0;0;0;
0;0;2;2;2;2;2;2;2;2;2;2;2;2;102;0;102;2;2;2;2;2;2;2;2;2;2;2;2;102;0;102;2;2;2;2;2;2;2;2;2;2;2;2;102;0;102;2;2;2;2;2;2;2;2;2;2;2;2;102;0;0;0;0;0;0;0;0;0;0;0;0;2;2;0;0;0;0;0;0;0;0;0;0;0;0;0;0;0;0;0;0;0;0;0;0;0;0;0;0;
0;0;0;0;0;0;0;0;0;0;0;0;0;0;0;0;0;0;0;0;0;0;0;0;0;0;0;0;0;0;0;0;0;0;0;0;0;0;0;0;0;0;0;0;0;0;0;0;0;0;0;0;0;0;0;0;0;0;0;0;0;0;0;0;0;0;0;0;0;0;0;0;0;0;0;0;0;0;0;0;0;0;0;0;0;0;0;0;0;0;0;0;0;0;0;0;0;0;0;0;
0;0;2;2;2;2;2;2;2;2;2;2;2;2;102;0;102;2;2;2;2;2;2;2;2;2;2;2;2;102;0;102;2;2;2;2;2;2;2;2;2;2;2;2;102;0;102;2;2;2;2;2;2;2;2;2;2;2;2;102;0;0;0;0;0;0;0;0;0;0;0;0;2;2;0;0;0;0;0;0;0;0;0;0;0;0;0;0;0;0;0;0;0;0;0;0;0;0;0;0;
0;0;0;0;0;0;0;0;0;0;0;0;0;0;0;0;0;0;0;0;0;0;0;0;0;0;0;0;0;0;0;0;0;0;0;0;0;0;0;0;0;0;0;0;0;0;0;0;0;0;0;0;0;0;0;0;0;0;0;0;0;0;0;0;0;0;0;0;0;0;0;0;0;0;0;0;0;0;0;0;0;0;0;0;0;0;0;0;0;0;0;0;0;0;0;0;0;0;0;0;
0;0;2;2;2;2;2;2;2;2;2;2;2;2;102;0;102;2;2;2;2;2;2;2;2;2;2;2;2;102;0;102;2;2;2;2;2;2;2;2;2;2;2;2;102;0;102;2;2;2;2;2;2;2;2;2;2;2;2;102;0;0;0;0;0;0;0;0;0;0;0;0;2;2;0;0;0;0;0;0;0;0;0;0;0;0;0;0;0;0;0;0;0;0;0;0;0;0;0;0;
0;0;0;0;0;0;0;0;0;0;0;0;0;0;0;0;0;0;0;0;0;0;0;0;0;0;0;0;0;0;0;0;0;0;0;0;0;0;0;0;0;0;0;0;0;0;0;0;0;0;0;0;0;0;0;0;0;0;0;0;0;0;0;0;0;0;0;0;0;0;0;0;0;0;0;0;0;0;0;0;0;0;0;0;0;0;0;0;0;0;0;0;0;0;0;0;0;0;0;0;
0;0;2;2;2;2;2;2;2;2;2;2;2;2;102;0;102;2;2;2;2;2;2;2;2;2;2;2;2;102;0;102;2;2;2;2;2;2;2;2;2;2;2;2;102;0;102;2;2;2;2;2;2;2;2;2;2;2;2;102;0;0;0;0;0;0;0;0;0;0;0;0;2;2;0;0;0;0;0;0;0;0;0;0;0;0;0;0;0;0;0;0;0;0;0;0;0;0;0;0;
0;0;0;0;0;0;0;0;0;0;0;0;0;0;0;0;0;0;0;0;0;0;0;0;0;0;0;0;0;0;0;0;0;0;0;0;0;0;0;0;0;0;0;0;0;0;0;0;0;0;0;0;0;0;0;0;0;0;0;0;0;0;0;0;0;0;0;0;0;0;0;0;0;0;0;0;0;0;0;0;0;0;0;0;0;0;0;0;0;0;0;0;0;0;0;0;0;0;0;0;
0;0;2;2;2;2;2;2;2;2;2;2;2;2;102;0;102;2;2;2;2;2;2;2;2;2;2;2;2;102;0;102;2;2;2;2;2;2;2;2;2;2;2;2;102;0;102;2;2;2;2;2;2;2;2;2;2;2;2;102;0;0;0;0;0;0;0;0;0;0;0;0;2;2;2;2;2;2;2;2;2;2;2;0;0;0;0;0;0;0;0;0;0;0;0;0;0;0;0;0;
0;0;0;0;0;0;0;0;0;0;0;0;0;0;0;0;0;0;0;0;0;0;0;0;0;0;0;0;0;0;0;0;0;0;0;0;0;0;0;0;0;0;0;0;0;0;0;0;0;0;0;0;0;0;0;0;0;0;0;0;0;0;0;0;0;0;0;0;0;0;0;0;0;0;0;0;0;0;0;0;0;0;0;0;0;0;0;0;0;0;0;0;0;0;0;0;0;0;0;0;
0;0;2;2;2;2;2;2;2;2;2;2;2;2;102;0;102;2;2;2;2;2;2;2;2;2;2;2;2;102;0;102;2;2;2;2;2;2;2;2;2;2;2;2;102;0;102;2;2;2;2;2;2;2;2;2;2;2;2;102;0;0;0;0;0;0;0;0;0;0;102;2;2;2;2;2;2;2;2;2;2;2;2;102;0;0;0;0;0;0;0;0;0;0;0;0;0;0;0;0;
0;0;0;0;0;0;0;0;0;0;0;0;0;0;0;0;0;0;0;0;0;0;0;0;0;0;0;0;0;0;0;0;0;0;0;0;0;0;0;0;0;0;0;0;0;0;0;0;0;0;0;0;0;0;0;0;0;0;0;0;0;0;0;0;0;0;0;0;0;0;0;0;0;0;0;0;0;0;0;0;0;0;0;0;0;0;0;0;0;0;0;0;0;0;0;0;0;0;0;0;
0;0;2;2;2;2;2;2;2;2;2;2;2;2;102;0;102;2;2;2;2;2;2;2;2;2;2;2;2;102;0;102;2;2;2;2;2;2;2;2;2;2;2;2;102;0;102;2;2;2;2;2;2;2;2;2;2;2;2;102;0;0;0;0;0;0;0;0;0;0;102;2;2;2;2;2;2;2;2;2;2;2;2;102;0;102;2;2;2;2;2;2;2;2;2;2;2;2;102;0;
0;0;0;0;0;0;0;0;0;0;0;0;0;0;0;0;0;0;0;0;0;0;0;0;0;0;0;0;0;0;0;0;0;0;0;0;0;0;0;0;0;0;0;0;0;0;0;0;0;0;0;0;0;0;0;0;0;0;0;0;0;0;0;0;0;0;0;0;0;2;0;0;0;0;0;0;0;0;0;0;0;0;0;0;0;0;0;0;0;0;0;0;0;0;0;0;0;0;0;0;
0;0;0;0;0;0;0;0;0;0;0;0;0;0;0;0;0;0;0;0;0;0;0;0;0;0;0;0;0;0;0;0;0;0;0;0;0;0;0;0;0;0;0;0;0;0;0;0;0;0;0;0;0;0;0;0;0;0;0;0;0;0;0;0;2;2;2;2;2;2;0;0;0;0;0;0;0;0;0;0;0;0;0;0;0;0;0;0;0;0;0;0;0;0;0;0;0;0;0;0;
0;0;0;0;0;0;0;0;0;0;0;0;0;0;0;0;0;0;0;0;0;0;0;0;0;0;0;0;0;0;0;0;0;0;0;0;0;0;0;0;0;0;0;0;0;0;0;0;0;0;0;0;0;0;0;0;0;0;0;0;0;0;0;0;0;0;224;6;2;2;0;0;0;0;0;0;0;0;0;0;0;0;0;0;0;0;0;0;0;0;0;0;0;0;0;0;0;0;0;0;
2;2;2;2;2;2;2;2;2;2;2;2;2;2;2;2;2;2;2;2;2;2;2;2;2;2;2;2;2;2;2;2;2;2;2;2;2;2;2;2;2;2;2;2;2;2;2;2;2;0;0;0;2;2;2;2;2;2;2;2;2;2;2;2;2;2;242;8;2;2;2;2;2;2;2;2;2;2;2;2;2;2;2;2;2;2;2;2;2;2;0;0;0;0;0;0;0;0;0;0;
2;2;2;2;2;2;2;2;2;2;2;2;2;2;2;2;2;2;2;2;2;2;2;2;2;2;2;2;2;2;2;2;2;2;2;2;10;2;2;2;2;2;2;2;2;2;2;2;2;0;0;0;0;0;2;2;2;2;2;2;2;2;2;2;2;2;2;2;2;2;2;2;2;2;2;2;2;2;2;2;2;2;2;2;2;0;2;2;2;2;0;2;2;2;2;2;2;2;2;2;
2;2;2;2;10;10;2;2;2;2;2;2;2;2;2;2;2;2;2;2;2;2;2;2;2;2;2;2;10;2;10;2;2;2;2;2;2;2;2;2;2;2;2;2;2;2;2;2;2;2;2;2;2;0;2;2;2;0;0;0;2;2;2;2;2;2;0;2;0;2;0;0;0;2;0;0;0;0;0;2;2;2;2;2;2;2;2;2;2;2;0;2;2;2;2;2;2;2;2;2;
2;2;2;2;2;2;2;10;2;2;2;2;2;2;2;2;2;2;2;2;2;2;2;2;2;2;2;2;2;2;2;2;2;0;0;0;0;0;0;0;0;0;0;0;0;0;0;0;0;0;0;0;0;0;0;0;0;0;0;0;0;0;0;0;0;0;0;0;0;0;0;0;0;0;0;0;0;0;0;0;0;0;0;0;0;0;0;0;0;0;0;0;0;0;0;0;2;2;2;2;
2;2;2;2;2;2;2;2;2;2;2;2;2;2;2;2;2;2;2;2;10;2;2;2;2;2;2;2;2;2;2;2;0;0;2;2;2;2;2;2;2;2;2;2;2;2;2;2;2;2;2;2;2;0;2;2;2;2;2;2;2;2;2;2;2;2;2;0;2;2;2;2;2;2;2;2;2;2;2;2;0;0;0;0;0;0;0;2;2;2;2;2;2;2;2;2;2;2;2;2;
2;2;2;2;2;2;2;2;2;2;2;2;2;2;2;2;2;2;2;2;2;2;2;2;2;2;2;2;2;2;2;2;2;0;2;2;2;2;2;2;2;2;2;2;2;2;2;2;2;2;2;2;2;2;2;2;2;2;2;2;2;2;2;2;2;2;2;0;2;2;2;2;2;2;2;2;2;2;2;2;2;2;2;2;2;2;0;2;2;2;2;0;2;2;2;2;2;2;0;2;
2;2;2;2;2;2;2;2;2;10;2;2;2;2;2;2;2;2;2;2;2;2;2;2;2;2;2;2;2;10;2;2;2;2;2;2;2;2;2;10;2;2;2;2;2;2;2;2;2;2;2;2;2;2;2;2;2;2;2;2;2;2;2;2;2;2;2;0;2;2;2;2;2;2;2;2;2;2;2;2;2;2;2;2;2;2;0;2;2;0;2;2;2;2;2;2;2;2;0;2;
2;2;2;2;2;2;2;2;2;2;2;2;2;2;2;2;2;2;2;2;2;2;2;2;2;2;2;2;2;2;2;2;2;2;2;2;2;2;2;2;2;2;2;2;2;2;2;2;10;2;2;2;2;2;2;2;2;2;2;2;2;2;2;2;2;2;2;0;2;2;2;2;2;0;0;0;0;0;0;0;0;0;0;0;0;0;0;2;0;2;2;2;2;2;2;2;2;2;0;2;
2;2;2;2;2;2;2;2;2;2;2;2;2;2;2;2;2;2;2;2;2;2;2;2;2;2;2;2;2;2;2;2;2;2;2;2;2;2;2;2;2;2;2;2;2;2;2;2;2;2;2;2;2;2;2;2;2;2;2;2;2;2;2;2;2;2;2;0;2;2;2;2;2;2;2;2;2;2;2;2;0;0;2;2;2;2;2;2;0;0;0;0;0;0;0;0;0;0;0;2;
2;2;2;2;2;2;2;2;2;10;2;2;2;2;2;2;2;2;2;2;2;2;2;2;2;2;2;2;2;2;2;2;2;2;2;2;2;2;2;2;2;2;2;2;2;2;2;2;2;2;2;2;2;2;2;2;2;10;2;2;2;2;2;2;2;2;2;0;2;2;2;2;2;2;2;2;2;2;2;2;0;0;2;2;2;2;2;2;2;2;0;2;2;2;2;2;2;2;2;2;
2;2;2;2;2;2;2;2;2;2;2;2;2;2;2;10;2;2;2;2;2;2;2;2;2;2;2;2;2;2;2;2;2;2;2;2;2;2;2;2;2;2;2;2;2;2;2;2;2;2;2;2;2;2;2;2;2;2;2;2;2;2;2;2;2;2;2;0;2;2;2;2;2;2;2;2;2;2;2;2;0;0;2;2;2;2;2;2;2;2;0;0;2;2;2;2;2;2;2;2;
2;2;2;2;2;2;2;2;2;2;2;2;2;2;2;2;2;2;2;2;2;2;2;2;2;2;2;2;2;2;2;2;2;2;2;2;2;2;2;2;2;2;2;2;2;2;2;2;2;2;10;2;2;2;2;2;2;2;2;2;2;2;2;2;2;2;0;0;2;2;2;2;2;2;2;2;2;2;2;2;0;0;2;2;2;2;2;2;2;2;2;0;2;2;2;2;2;2;2;2;
2;2;2;2;2;2;2;2;2;2;2;2;2;2;2;2;2;2;2;2;2;2;10;2;2;2;2;2;2;2;2;2;2;2;2;2;2;2;2;2;2;2;2;2;2;2;2;2;2;2;2;2;2;2;2;2;2;2;2;2;2;2;2;2;2;2;0;0;2;2;2;2;2;2;2;2;2;2;2;2;0;0;0;2;2;2;2;2;2;2;2;2;2;2;2;10;2;2;2;2;
2;2;2;2;2;2;10;2;2;2;2;2;2;2;2;2;2;10;2;2;2;10;2;2;2;2;2;2;2;2;2;2;2;2;2;2;2;2;2;2;2;10;2;2;2;2;2;2;2;2;2;2;2;2;2;2;2;2;2;2;2;2;2;2;2;2;0;0;0;0;0;0;0;0;0;0;0;0;0;0;0;2;0;2;2;2;2;2;2;2;2;2;2;2;2;10;2;2;2;2;
2;2;2;2;2;2;2;2;2;2;2;2;2;2;10;2;2;2;2;10;2;2;2;2;2;2;2;2;2;2;10;2;2;2;10;2;2;2;2;2;2;2;2;2;2;2;2;2;2;2;2;2;2;2;2;2;2;2;2;2;2;2;2;2;2;2;0;2;2;2;2;2;2;2;2;2;2;2;2;2;0;2;0;2;2;2;2;2;2;2;2;2;2;2;2;2;2;2;2;2;
2;2;2;2;2;2;2;2;2;2;2;2;2;2;2;2;2;2;2;2;2;2;2;2;10;2;2;2;2;2;2;2;2;2;2;2;2;2;2;2;2;2;2;2;2;2;2;2;2;2;2;2;2;2;2;2;2;2;2;2;2;2;2;0;0;0;0;2;2;2;2;2;2;2;2;2;2;2;2;2;0;2;0;2;2;2;2;2;2;2;2;2;2;2;2;2;2;2;2;2;
2;2;2;10;2;2;2;2;2;2;2;2;2;2;2;2;2;2;2;2;2;2;2;2;2;2;2;2;2;2;2;2;2;2;2;2;2;2;2;2;2;2;2;2;2;2;2;2;2;2;2;2;2;2;2;2;2;2;2;2;2;2;2;0;0;0;2;2;2;2;2;2;2;2;2;2;2;2;10;2;0;2;0;2;2;2;10;2;2;2;2;2;2;2;2;2;2;10;2;2;
2;2;2;2;2;2;2;2;2;2;2;2;2;2;2;2;2;2;2;2;2;2;2;2;2;2;2;2;2;2;2;2;2;2;2;2;2;2;2;2;2;2;2;2;2;2;2;2;0;0;0;0;0;0;0;0;0;0;0;0;0;0;0;0;0;0;2;2;2;2;2;2;2;2;2;2;2;2;2;2;0;2;0;2;2;2;2;10;2;2;2;2;2;2;2;2;2;2;2;2;
2;10;2;2;2;2;2;2;2;2;2;2;2;2;2;2;2;2;2;2;2;2;2;2;2;2;2;2;2;2;2;2;2;2;2;2;2;2;2;2;2;2;2;2;2;2;0;2;2;0;0;0;2;2;2;2;2;2;2;0;2;2;2;2;2;2;2;2;2;2;2;2;2;2;2;2;2;2;2;2;0;2;0;2;2;2;2;2;2;2;2;2;2;2;2;2;2;2;2;2;
2;2;2;2;2;2;2;2;2;2;2;2;2;2;2;2;2;2;2;2;2;2;2;2;2;2;2;2;2;2;2;2;2;2;2;2;2;2;2;2;2;2;2;2;2;2;2;2;2;0;0;2;2;2;2;2;2;2;2;2;2;2;2;2;2;2;2;2;2;2;2;2;2;2;2;2;2;2;2;2;0;2;0;2;2;2;2;2;2;2;2;2;2;2;10;2;2;2;2;2;
2;2;2;2;2;10;2;2;10;2;2;2;2;2;2;2;2;2;10;2;2;2;2;2;2;2;2;2;2;2;0;2;2;2;2;2;2;2;2;2;2;2;0;0;0;0;0;0;0;0;0;2;2;2;2;2;2;2;2;2;2;2;2;2;2;2;2;2;2;2;2;2;2;2;2;2;2;2;2;2;0;0;0;2;2;2;2;2;2;2;2;2;2;2;2;2;2;2;2;2;
2;2;2;2;2;2;2;10;2;2;2;2;2;2;2;2;2;2;2;2;2;2;2;2;2;2;2;2;2;2;0;2;2;2;2;2;2;2;2;2;2;2;2;0;2;2;2;2;2;2;0;2;2;2;2;2;2;2;2;2;2;2;2;2;2;2;2;2;2;2;2;2;2;2;2;2;2;2;2;2;0;0;0;2;2;2;2;2;2;2;2;2;2;2;2;2;2;2;2;2;
2;2;2;2;2;2;2;2;2;2;2;2;2;2;2;2;2;2;2;2;2;2;2;2;2;0;0;0;0;0;0;0;0;0;0;0;0;0;0;0;0;0;0;0;2;2;2;2;2;2;2;2;2;2;2;2;2;2;2;2;2;2;2;2;2;2;2;2;2;2;10;2;2;2;2;2;2;2;2;2;0;2;0;2;2;2;2;2;2;2;2;2;2;2;2;2;2;2;2;2;
2;2;2;2;2;2;2;2;2;2;2;2;2;2;2;2;2;2;2;2;2;2;2;2;2;2;0;2;2;2;0;2;2;2;0;0;0;0;2;2;2;2;2;2;2;2;2;2;2;2;2;2;2;2;2;2;2;2;2;2;2;2;2;2;2;2;2;10;2;2;2;2;2;2;2;2;2;2;2;2;0;2;0;2;2;2;2;2;2;2;2;2;2;2;2;2;2;10;10;2;
2;2;2;2;2;2;2;2;2;10;2;2;2;2;2;2;2;2;10;2;2;2;2;2;2;2;0;2;2;2;0;2;2;2;2;2;2;2;2;2;2;2;2;2;2;2;2;2;2;2;2;2;2;2;2;2;2;2;2;2;2;2;2;2;2;2;2;2;2;2;2;2;2;2;2;2;2;2;2;2;0;2;0;2;2;2;2;2;2;2;2;2;2;10;2;2;2;2;2;2;
2;2;2;2;2;2;2;2;10;2;2;2;2;2;2;2;2;2;2;2;2;2;2;2;2;2;0;2;2;2;2;2;2;2;2;2;2;2;2;2;2;2;2;2;2;2;2;2;10;2;2;2;2;2;2;2;2;2;2;2;2;2;2;2;2;2;2;2;2;2;2;2;2;2;2;2;2;2;2;2;0;2;0;0;0;2;2;2;2;2;2;2;2;2;2;2;10;2;2;2;
2;2;2;4;2;2;2;2;2;2;2;2;2;2;2;2;2;2;2;2;2;4;2;2;2;4;2;4;2;2;4;2;2;10;2;2;2;2;2;2;2;4;2;2;4;2;2;2;2;2;2;2;2;2;2;4;2;4;2;2;2;2;2;2;2;2;2;2;2;2;4;2;2;2;2;2;2;10;2;2;0;0;0;0;0;2;4;2;2;2;2;2;2;2;2;2;10;2;4;2;
2;2;2;4;4;2;2;2;2;2;2;4;2;2;2;2;2;2;2;4;2;2;2;2;2;2;2;2;2;2;2;2;2;2;2;2;4;4;2;2;2;2;4;2;2;2;2;2;2;2;2;2;2;4;2;4;2;10;2;2;2;2;4;2;2;2;2;2;2;2;2;2;2;2;2;10;2;2;2;2;0;2;2;0;0;0;2;4;2;2;2;2;0;2;2;4;2;2;2;2;
2;4;4;4;4;4;2;4;2;2;4;2;4;4;4;2;2;2;4;4;4;2;4;4;2;4;2;4;2;2;4;2;2;4;2;2;2;2;4;4;4;4;4;4;2;2;2;2;4;2;2;2;2;2;4;4;2;2;4;2;2;2;2;2;0;0;0;0;10;2;4;2;4;4;4;2;2;2;2;2;0;0;2;2;0;0;2;2;2;4;2;0;0;0;2;2;0;2;2;2;
2;0;0;0;0;0;0;0;0;0;0;0;0;0;0;0;0;0;0;0;0;0;0;0;0;0;0;0;0;0;0;0;0;0;0;0;0;0;0;0;0;0;0;0;0;0;0;0;0;0;0;0;0;0;0;0;0;0;0;0;0;0;0;0;0;0;0;0;0;0;0;0;0;0;0;0;0;0;0;0;0;0;0;0;0;0;0;0;0;0;0;0;0;0;0;0;0;0;0;0;
8;8;8;8;8;8;8;8;8;8;8;8;8;8;8;8;8;8;8;8;8;8;8;8;8;8;8;8;8;8;8;8;8;8;8;8;8;8;8;8;8;8;8;8;8;8;8;8;8;8;8;8;8;8;8;8;8;8;8;8;8;8;8;8;8;8;8;8;8;8;8;8;8;8;8;8;8;8;8;8;8;8;8;8;8;8;8;8;8;8;8;8;8;8;8;8;8;8;8;8;
8;8;8;8;8;8;8;8;8;8;8;8;8;8;8;8;8;8;8;8;8;8;8;8;8;8;8;8;8;8;8;8;8;8;8;8;8;8;8;8;8;8;8;8;8;8;8;8;8;8;8;8;8;8;8;8;8;8;8;8;8;8;8;8;8;8;8;8;8;8;8;8;8;8;8;8;8;8;8;8;8;8;8;8;8;8;8;8;8;8;8;8;8;8;8;8;8;8;8;8;
8;8;8;8;8;8;8;8;8;8;8;8;8;8;8;8;8;8;8;8;8;8;8;8;8;8;8;8;8;8;8;8;8;8;8;8;8;8;8;8;8;8;8;8;8;8;8;8;8;8;8;8;8;8;8;8;8;8;8;8;8;8;8;8;8;8;8;8;8;8;8;8;8;8;8;8;8;8;8;8;8;8;8;8;8;8;8;8;8;8;8;8;8;8;8;8;8;8;8;8;
8;8;8;8;8;8;8;8;8;8;8;8;8;8;8;8;8;8;8;8;8;8;8;8;8;8;8;8;8;8;8;8;8;8;8;8;8;8;8;8;8;8;8;8;8;8;8;8;8;8;8;8;8;8;8;8;8;8;8;8;8;8;8;8;8;8;8;8;8;8;8;8;8;8;8;8;8;8;8;8;8;8;8;8;8;8;8;8;8;8;8;8;8;8;8;8;8;8;8;8;
8;8;8;8;8;8;8;8;8;8;8;8;8;8;8;8;8;8;8;8;8;8;8;8;8;8;8;8;8;8;8;8;8;8;8;8;8;8;8;8;8;8;8;8;8;8;8;8;8;8;8;8;8;8;8;8;8;8;8;8;8;8;8;8;8;8;8;8;8;8;8;8;8;8;8;8;8;8;8;8;8;8;8;8;8;8;8;8;8;8;8;8;8;8;8;8;8;8;8;8;
8;8;8;8;8;8;8;8;8;8;8;8;8;8;8;8;8;8;8;8;8;8;8;8;8;8;8;8;8;8;8;8;8;8;8;8;8;8;8;8;8;8;8;8;8;8;8;8;8;8;8;8;8;8;8;8;8;8;8;8;8;8;8;8;8;8;8;8;8;8;8;8;8;8;8;8;8;8;8;8;8;8;8;8;8;8;8;8;8;8;8;8;8;8;8;8;8;8;8;8;
