0;0;0;0;0;0;0;0;0;0;0;0;0;0;0;0;0;0;0;0;0;0;0;0;0;0;0;0;0;0;0;0;0;0;0;0;0;0;0;0;0;0;0;0;0;0;0;0;0;0;0;0;0;0;0;0;0;0;0;0;0;0;0;0;0;0;0;0;0;0;0;0;0;0;0;0;0;0;0;0;0;0;0;0;0;0;0;0;0;0;0;0;0;0;0;0;0;0;0;0;
0;102;102;102;102;102;102;102;102;102;102;102;102;102;102;102;102;102;102;102;102;102;102;102;102;102;102;102;102;102;102;102;102;102;102;102;102;102;102;102;102;102;102;102;102;102;102;102;102;102;102;0;0;0;0;0;0;0;0;0;0;0;0;0;0;0;0;0;0;0;0;0;0;0;0;0;0;0;0;0;0;0;0;0;0;0;0;0;0;0;0;0;0;0;0;0;0;0;0;0;
0;0;0;0;0;0;0;0;0;0;0;0;0;0;0;0;0;0;0;0;0;0;0;0;0;0;0;0;0;0;0;0;0;0;0;0;0;0;0;0;0;0;0;0;0;0;0;0;0;0;0;0;0;0;0;0;0;0;0;0;0;0;0;0;0;0;0;0;0;0;0;0;0;0;0;0;0;0;0;0;0;0;0;0;0;0;0;0;0;0;0;0;0;0;0;0;0;0;0;0;
0;102;102;102;102;102;102;102;102;102;102;102;102;102;102;102;102;102;102;102;102;102;102;102;102;102;102;102;102;102;102;102;102;102;102;102;102;102;102;102;102;102;102;102;102;102;102;102;102;102;102;0;0;0;0;0;0;0;0;0;0;0;0;0;0;0;0;0;0;0;0;0;0;0;0;0;0;0;0;0;0;0;0;0;0;0;0;0;0;0;0;0;0;0;0;0;0;0;0;0;
0;0;0;0;0;0;0;0;0;0;0;0;0;0;0;0;0;0;0;0;0;0;0;0;0;0;0;0;0;0;0;0;0;0;0;0;0;0;0;0;0;0;0;0;0;0;0;0;0;0;0;0;0;0;0;0;0;0;0;0;0;0;0;0;0;0;0;0;0;0;0;0;0;0;0;0;0;0;0;0;0;0;0;0;0;0;0;0;0;0;0;0;0;0;0;0;0;0;0;0;
0;102;102;102;102;102;102;102;102;102;102;102;102;102;102;102;102;102;102;102;102;102;102;102;102;102;102;102;102;102;102;102;102;102;102;102;102;102;102;102;102;102;102;102;102;102;102;102;102;102;102;0;0;0;0;0;0;0;0;0;0;0;0;0;0;0;0;0;0;0;0;0;0;0;0;0;0;0;0;0;0;0;0;0;0;0;0;0;0;0;0;0;0;0;0;0;0;0;0;0;
0;0;0;0;0;0;0;0;0;0;0;0;0;0;0;0;0;0;0;0;0;0;0;0;0;0;0;0;0;0;0;0;0;0;0;0;0;0;0;0;0;0;0;0;0;0;0;0;0;0;0;0;0;0;0;0;0;0;0;0;0;0;0;0;0;0;0;0;0;0;0;0;0;0;0;0;0;0;0;0;0;0;0;0;0;0;0;0;0;0;0;0;0;0;0;0;0;0;0;0;
0;102;102;102;102;102;102;102;102;102;102;102;102;102;102;102;102;102;102;102;102;102;102;102;102;102;102;102;102;102;102;102;102;102;102;102;102;102;102;102;102;102;102;102;102;102;102;102;102;102;102;0;0;0;0;0;0;0;0;0;0;0;0;0;0;0;0;0;0;0;0;0;0;0;0;0;0;0;0;0;0;0;0;0;0;0;0;0;0;0;0;0;0;0;0;0;0;0;0;0;
0;0;0;0;0;0;0;0;0;0;0;0;0;0;0;0;0;0;0;3402;0;0;0;0;0;0;0;0;3402;0;0;0;0;0;0;0;0;0;0;0;0;0;0;0;0;0;0;0;0;0;0;0;0;0;0;0;0;0;0;0;0;0;0;0;0;0;0;0;0;0;0;0;0;0;0;0;0;0;0;0;0;0;0;0;0;0;0;0;0;0;0;0;0;0;0;0;0;0;0;0;
0;102;102;102;102;102;102;102;102;102;102;102;102;102;102;102;102;102;102;102;102;102;102;102;102;102;102;102;102;102;102;102;102;102;102;102;102;102;102;102;102;102;102;102;102;102;102;102;102;102;102;0;0;0;0;0;0;0;0;0;0;0;0;0;0;0;0;0;0;0;0;0;0;0;0;0;0;0;0;0;0;0;0;0;0;0;0;0;0;0;0;0;0;0;0;0;0;0;0;0;
0;0;0;0;0;0;0;0;0;0;0;0;0;0;0;0;0;0;0;0;0;0;0;0;0;0;0;0;0;0;0;0;0;0;0;0;0;0;0;0;0;0;0;0;0;0;0;0;0;0;0;0;0;0;0;0;0;0;0;0;0;0;0;0;0;0;0;0;0;0;0;0;0;0;0;0;0;0;0;0;0;0;0;0;0;0;0;0;0;0;0;0;0;0;0;0;0;0;0;0;
0;102;102;102;102;102;102;102;102;102;102;102;102;102;102;102;102;102;102;102;102;102;102;102;102;102;102;102;102;102;102;102;102;102;102;102;102;102;102;102;102;102;102;102;102;102;102;102;102;102;102;0;0;0;0;0;0;0;0;0;0;0;0;0;0;0;0;0;0;0;0;0;0;0;0;0;0;0;0;0;0;0;0;0;0;0;0;0;0;0;0;0;0;0;0;0;0;0;0;0;
12;0;0;0;0;0;0;0;0;0;0;0;0;0;0;0;0;0;0;0;0;0;0;0;0;0;0;0;0;0;0;0;0;0;0;0;0;0;0;0;0;0;0;0;0;0;0;0;0;0;0;0;0;0;0;0;0;0;0;0;0;0;0;0;0;0;0;0;0;0;0;0;0;0;0;0;0;0;0;0;0;0;0;0;0;0;0;0;0;0;0;0;0;0;0;0;0;0;0;0;
166;166;166;166;166;166;166;166;166;166;166;166;166;166;166;166;166;166;166;166;166;166;166;166;166;166;166;166;166;166;166;166;166;166;166;166;166;166;166;166;166;166;166;166;166;166;166;166;166;166;166;166;166;166;166;166;166;166;166;166;166;166;166;166;166;166;166;166;166;166;166;166;166;166;166;166;166;166;166;166;166;166;166;166;166;166;166;166;166;166;166;166;166;166;166;166;166;166;166;166;
172;172;172;172;172;172;172;172;172;0;0;0;172;0;0;0;172;0;0;0;172;0;0;0;172;0;0;0;172;0;0;0;172;0;0;0;172;0;0;0;172;0;0;0;172;0;0;0;172;0;0;0;172;0;441;0;172;166;166;166;166;166;0;0;954;954;954;954;0;0;954;10;0;954;954;954;954;954;954;954;0;0;954;10;0;954;954;954;954;0;954;392;0;954;0;0;954;392;0;12;
30;0;0;20;410;20;0;0;172;30;172;954;954;954;172;954;954;954;172;954;954;954;172;954;954;954;172;954;954;954;172;954;954;954;172;954;954;954;172;954;954;954;172;954;954;954;172;954;954;954;172;954;954;954;172;954;30;166;166;166;166;166;0;954;10;10;10;10;0;954;10;0;954;10;10;10;10;10;10;10;0;954;10;0;954;10;10;10;10;0;10;0;954;10;0;954;10;0;954;166;
172;172;172;172;172;172;172;0;172;172;172;172;172;172;172;172;172;172;172;172;172;172;172;172;172;172;172;172;172;172;172;172;172;172;172;172;172;172;172;172;172;172;172;172;172;172;172;172;172;172;172;172;172;172;172;172;172;172;166;166;166;166;0;10;0;0;954;954;954;10;0;954;10;0;954;954;954;954;954;954;954;10;0;954;10;0;0;954;954;954;10;0;10;0;0;392;0;954;10;166;
172;0;0;954;954;954;954;954;172;0;0;0;0;0;0;0;0;0;0;0;0;0;0;0;0;0;0;0;0;0;0;0;0;0;0;0;0;0;0;0;0;0;0;0;0;0;0;0;0;0;0;0;0;172;162;162;162;162;166;166;166;166;0;10;0;954;10;10;10;10;0;10;0;954;10;10;10;10;10;10;10;10;0;10;0;0;954;10;10;10;10;0;10;954;0;10;0;10;0;166;
172;0;162;172;172;172;172;172;172;0;0;20;954;954;1630;954;954;954;1630;954;954;954;1630;954;954;954;1630;954;954;954;1630;954;954;954;1630;954;954;954;1630;954;954;954;1630;954;954;954;1630;954;954;954;1630;954;0;172;0;0;0;0;162;166;166;166;0;10;0;10;0;954;0;10;0;10;0;392;0;954;0;10;0;954;0;10;0;10;0;0;10;0;954;0;10;954;0;10;0;10;954;954;0;166;
172;954;954;954;954;954;0;0;172;0;954;180;180;180;180;180;180;180;180;180;180;180;180;180;180;180;180;180;180;180;180;180;180;180;180;180;180;180;180;180;180;180;180;180;180;180;180;180;180;180;180;180;0;172;0;0;0;0;0;162;166;166;0;10;0;10;0;10;0;10;0;10;0;10;0;10;0;10;0;10;0;10;0;10;954;0;10;0;10;954;0;10;0;10;954;0;10;10;0;166;
172;172;172;172;172;172;162;0;172;0;172;0;954;954;954;954;954;954;954;954;954;954;954;954;954;954;954;954;954;954;954;954;954;954;954;954;954;954;954;954;954;954;954;954;954;954;954;954;954;954;954;954;954;172;0;0;978;0;0;0;162;166;12;10;954;954;954;10;954;954;954;10;954;954;954;10;954;954;954;10;954;954;954;954;10;954;954;954;954;10;954;954;954;954;10;954;954;954;954;166;
172;0;0;954;954;954;954;954;172;0;172;0;180;1630;1630;180;180;1630;1630;180;180;1630;1630;180;180;180;1630;180;180;180;1630;180;180;180;1630;180;180;180;1630;180;180;180;1630;180;180;180;1630;180;180;180;1630;180;180;0;0;978;172;978;0;0;0;162;166;166;166;166;166;166;166;166;166;166;166;166;166;166;166;166;166;166;166;166;166;166;166;166;166;166;166;166;166;166;166;166;166;166;166;166;166;166;
172;0;162;172;172;172;172;172;60;190;172;954;954;954;954;954;954;954;954;954;954;954;954;954;954;954;954;954;954;954;954;954;954;954;954;954;954;954;954;954;954;954;954;954;954;954;954;954;954;954;954;954;954;954;978;172;172;172;978;954;954;954;954;954;954;0;166;170;170;170;180;180;180;166;166;0;0;0;0;0;166;0;0;0;0;0;0;0;0;0;166;0;0;0;0;166;0;0;12;166;
172;954;954;954;954;954;954;954;954;172;172;172;172;172;172;172;172;172;172;172;172;172;172;172;172;172;172;172;172;172;172;172;172;172;172;172;172;172;172;172;172;172;172;172;172;172;172;172;172;172;172;172;172;172;172;172;172;172;172;172;172;172;172;172;172;0;166;170;166;166;166;166;180;166;166;0;0;0;0;0;0;0;0;0;0;0;0;0;0;0;0;0;0;0;0;0;0;0;0;166;
172;172;172;172;172;172;172;172;172;172;30;954;954;954;954;954;954;954;954;954;954;954;954;954;954;954;954;954;954;954;954;954;954;954;954;954;954;954;954;954;954;954;954;954;954;954;954;954;954;954;954;954;954;954;954;954;954;954;954;954;954;954;954;954;954;954;166;170;166;166;166;166;180;166;166;0;0;166;0;0;0;0;166;0;0;0;0;0;0;0;0;166;0;0;0;0;0;166;0;166;
166;166;166;166;166;166;166;166;166;166;166;166;166;166;166;166;166;166;166;166;166;166;166;166;166;166;166;166;166;166;166;166;166;166;166;166;166;166;166;166;166;166;166;166;166;166;166;166;166;166;166;166;166;166;166;166;166;166;166;166;166;166;166;166;166;166;166;166;166;166;166;166;166;166;166;0;0;0;0;0;166;0;0;0;0;0;0;0;166;0;0;0;0;0;166;0;0;0;0;166;
182;182;182;182;182;182;182;182;182;182;182;182;182;182;182;182;182;182;182;182;182;182;182;182;182;182;182;182;182;182;182;182;182;182;182;182;182;182;182;182;182;182;182;182;182;182;182;182;182;182;182;182;182;182;182;182;182;182;182;182;182;182;182;182;182;182;182;182;182;182;166;166;166;166;166;0;0;0;0;0;0;0;0;0;166;0;0;0;0;0;0;0;0;0;0;0;166;0;166;166;
182;0;0;0;0;182;0;0;0;182;0;0;0;182;0;0;0;0;954;954;954;0;954;954;954;954;954;954;954;0;954;954;954;954;954;0;182;182;182;0;0;0;0;182;0;954;954;954;954;954;0;162;0;0;0;0;0;0;0;0;182;0;182;0;182;0;182;0;182;0;0;0;166;166;166;0;0;166;0;0;0;0;0;0;0;0;0;0;0;0;0;0;0;0;0;0;0;0;0;166;
182;0;0;1324;0;182;0;182;0;182;0;182;0;182;0;0;954;954;978;978;978;454;978;978;978;548;978;978;978;454;978;978;978;548;978;954;0;162;182;0;0;978;0;182;0;182;182;182;182;182;0;162;0;0;0;3402;0;0;0;0;182;0;0;0;182;0;0;0;182;0;182;0;166;166;166;0;0;0;0;0;0;0;166;0;0;0;166;0;0;0;0;0;0;0;0;0;0;0;0;166;
182;0;1324;454;0;182;0;182;0;182;0;182;0;162;0;0;978;978;182;182;182;182;182;182;182;182;182;182;182;182;182;182;182;182;182;978;954;0;162;978;0;182;0;978;954;954;954;954;0;182;954;954;954;954;954;162;954;954;954;0;182;0;182;0;182;0;182;0;182;0;0;0;182;166;166;0;0;166;0;0;0;0;0;0;0;0;0;0;0;166;0;0;166;0;0;0;0;0;0;166;
182;1324;454;182;0;182;30;182;0;0;0;182;954;954;954;954;182;182;182;166;166;166;166;166;166;166;166;166;166;166;166;166;166;166;182;978;978;954;0;0;0;182;0;0;978;978;978;978;0;978;978;978;978;978;978;978;978;978;978;0;182;0;182;0;182;0;182;0;0;1324;454;0;182;182;166;0;0;0;0;0;166;0;0;166;0;0;0;166;0;0;0;0;0;0;0;166;0;0;0;166;
182;410;454;0;0;182;182;182;182;182;978;978;978;978;978;182;182;166;166;166;166;166;166;166;166;166;166;166;166;166;166;166;166;166;182;978;978;978;954;954;954;182;954;954;954;954;954;954;954;182;30;954;954;954;954;954;954;954;954;954;182;30;182;0;0;0;182;0;978;0;454;0;30;182;182;0;0;0;166;0;0;0;0;0;0;166;0;0;0;0;166;0;0;166;0;0;0;166;0;166;
182;30;166;0;1324;954;954;954;954;954;954;954;954;954;30;182;182;166;166;166;166;166;166;166;166;166;166;166;166;166;166;166;166;166;182;182;182;182;182;182;182;182;182;182;182;182;182;182;182;182;182;182;182;182;182;182;182;182;182;182;182;182;182;182;182;182;182;182;182;182;182;182;182;182;182;12;162;162;162;162;162;162;162;162;162;162;162;162;162;162;162;162;162;162;162;162;162;162;162;166;
260;166;260;166;260;166;260;166;260;166;260;166;260;166;548;166;548;166;166;166;166;166;166;166;166;166;166;166;166;166;166;166;166;166;166;166;166;166;166;166;166;166;166;166;166;166;166;166;166;166;166;166;166;166;166;166;166;166;166;166;166;166;166;166;166;166;166;166;166;166;166;166;166;166;166;166;166;166;166;166;166;166;166;166;166;166;166;166;166;166;166;166;166;166;166;166;166;166;166;166;
166;0;224;0;224;0;224;0;224;0;224;0;166;2;0;0;0;0;162;162;162;162;162;162;162;166;166;166;166;166;166;166;166;166;166;0;0;0;0;0;954;954;954;954;954;954;954;954;954;0;0;0;0;0;0;166;166;166;166;166;166;166;166;166;166;166;166;166;166;166;166;166;166;166;166;166;166;166;166;0;0;0;0;0;0;0;0;0;0;0;0;0;0;0;0;0;0;0;12;166;
260;410;166;410;166;410;166;410;166;410;166;410;260;0;0;0;0;0;0;0;0;0;0;0;0;1630;978;978;978;978;978;978;978;978;166;0;0;0;1324;454;978;978;978;978;978;978;978;978;978;0;454;0;0;0;0;0;166;166;166;166;166;166;166;166;166;166;166;166;0;0;0;0;0;0;0;954;954;544;166;0;1630;0;0;0;0;0;0;0;1630;0;0;0;0;0;0;0;440;0;0;166;
166;102;182;102;182;102;182;102;182;102;182;102;166;0;0;178;178;178;0;0;0;0;0;0;0;0;954;954;954;954;954;954;544;978;0;0;0;1324;454;454;166;166;162;0;0;0;0;0;0;166;166;454;0;0;0;0;0;0;0;0;0;166;166;166;166;166;0;0;0;0;954;954;954;954;0;978;978;978;166;0;166;0;440;0;0;0;440;0;166;0;0;0;440;0;440;0;166;0;166;166;
260;0;0;0;0;0;0;0;0;0;0;0;260;0;178;0;0;4;0;0;0;0;0;0;184;1630;978;978;978;978;978;978;978;978;0;0;1324;454;454;166;166;162;0;0;0;0;1630;0;0;0;166;166;454;0;0;0;0;0;0;0;0;0;0;0;0;0;0;0;0;0;978;978;978;978;194;166;166;166;166;0;166;0;166;0;440;0;166;0;166;0;440;0;166;0;166;0;166;0;166;166;
166;182;166;182;102;182;102;182;102;182;102;182;166;0;0;0;410;4;4;4;4;4;4;4;184;12;954;954;954;954;954;954;954;954;954;1324;0;454;166;166;162;0;0;0;0;0;1630;0;0;0;0;166;166;454;0;0;0;954;954;954;954;954;954;954;954;954;954;954;0;454;166;166;166;166;166;166;166;166;166;30;166;162;166;162;166;162;166;162;166;162;166;162;166;162;166;162;166;162;166;166;
260;30;0;224;0;0;30;0;0;30;0;0;260;194;0;184;1324;4;548;548;548;548;548;548;184;1630;978;978;978;978;978;978;978;978;978;978;194;166;166;162;0;0;172;172;172;172;172;172;172;0;0;0;166;166;454;20;0;978;978;978;978;978;978;978;978;978;978;978;194;454;166;166;166;166;166;166;166;166;166;166;166;166;166;166;166;166;166;166;166;166;166;166;166;166;166;166;166;166;166;166;
166;182;166;182;166;182;166;182;166;182;166;182;166;184;184;184;0;184;166;166;166;166;166;166;166;166;166;166;166;166;166;166;166;166;166;166;166;166;0;0;0;172;0;0;0;0;0;0;0;654;654;0;0;166;166;166;166;166;166;166;166;166;166;166;166;166;166;166;166;166;0;0;0;0;0;0;0;0;0;0;0;0;0;166;166;1612;166;166;166;166;166;548;548;548;166;548;548;548;166;166;
260;0;224;0;224;0;224;0;224;0;224;0;260;0;0;0;0;184;0;0;0;0;1630;0;0;0;0;0;1630;0;0;0;0;0;0;0;0;0;0;0;654;0;0;0;162;0;0;162;0;0;0;654;0;0;184;0;0;0;184;0;0;0;184;0;0;0;0;526;0;30;954;954;954;954;954;162;954;954;954;954;954;954;954;544;166;166;1610;166;166;166;548;166;166;166;166;548;166;166;166;166;
166;1770;166;1770;166;1770;166;1770;166;1770;166;1770;166;0;184;184;184;184;0;0;0;0;0;0;0;0;0;0;0;0;0;0;0;0;0;0;0;0;0;0;162;0;654;654;654;654;654;654;654;654;0;0;654;0;184;0;184;0;184;0;184;0;184;0;184;0;1522;978;978;978;978;978;978;978;978;978;978;978;978;978;978;978;978;978;978;166;166;1612;166;166;548;166;548;548;166;548;548;548;166;166;
260;102;182;102;182;102;182;102;182;102;182;102;260;954;954;954;954;954;954;1630;954;954;954;954;954;1630;954;954;954;954;954;1630;954;954;954;954;954;954;954;162;654;0;0;0;0;0;0;0;0;0;654;0;654;954;954;954;184;954;954;954;184;954;954;954;184;0;30;526;162;30;954;954;954;954;954;954;954;954;954;954;954;954;954;954;954;544;166;166;1610;166;548;166;166;548;166;548;166;166;166;166;
166;0;0;0;0;0;0;0;0;0;30;0;166;176;168;176;168;176;168;176;168;176;168;176;168;176;168;176;168;176;168;176;168;176;168;176;168;176;168;654;654;654;654;1522;1522;164;454;454;164;0;654;0;0;2;2;2;2;2;2;2;2;2;2;10;2;2;1522;978;978;978;978;978;978;978;978;978;978;978;978;978;978;978;978;978;978;978;978;166;166;1612;166;548;548;166;166;548;548;548;166;166;
260;166;182;166;182;166;182;166;182;166;182;166;260;0;0;954;410;20;0;0;954;954;954;0;0;954;954;954;0;0;954;954;954;0;0;410;20;954;954;954;954;954;60;20;0;106;0;0;106;0;654;194;954;954;954;954;410;20;954;954;954;954;954;954;954;954;954;954;954;954;954;954;954;954;954;954;954;954;954;954;954;954;954;954;954;954;954;544;166;166;1610;166;166;166;166;166;166;166;166;166;
166;260;166;260;166;260;166;260;166;260;166;260;166;0;954;248;248;248;2008;2008;248;248;248;2008;2008;248;248;248;2008;2008;248;248;248;2008;2008;248;248;248;248;248;248;248;336;336;336;336;336;336;336;336;248;248;248;248;248;248;248;248;248;248;248;248;248;248;248;248;248;978;978;978;978;978;978;978;978;978;978;978;978;978;978;978;978;978;978;978;978;978;978;166;166;1612;166;166;166;166;166;166;166;166;
260;308;260;308;260;308;260;308;260;308;260;308;260;0;170;1134;170;1134;170;1134;170;170;1134;170;170;1134;170;170;1134;170;1134;170;1134;170;1134;170;170;1134;170;170;1134;170;170;1134;170;1134;170;1134;170;1134;170;170;1134;170;170;1134;170;170;1134;170;1134;170;1134;170;1134;166;166;166;166;166;166;166;166;166;166;166;166;166;166;166;166;166;166;166;166;166;166;166;166;166;166;166;166;166;166;166;166;166;166;166;
308;1610;984;340;1276;1278;0;0;0;340;242;1610;308;954;954;954;954;954;954;954;954;954;954;954;954;954;954;954;954;954;954;954;954;954;954;954;954;954;954;954;954;954;954;954;954;954;954;954;954;954;954;954;954;954;954;954;954;954;954;954;954;954;954;954;954;954;954;954;954;954;954;954;954;954;954;954;954;954;954;954;954;954;954;954;954;954;954;954;954;954;954;954;954;954;954;954;954;0;0;166;
260;548;440;0;0;0;0;0;0;0;0;548;260;178;178;178;178;1630;178;178;1630;178;178;1630;178;178;178;1630;178;178;178;1630;178;178;178;1630;178;178;178;1630;178;178;178;1630;178;178;178;1630;178;178;178;1630;178;178;178;1630;178;178;178;1630;178;178;178;1630;178;178;178;1630;178;178;178;1630;178;178;178;1630;178;178;178;1630;178;178;178;1630;178;178;178;1630;178;178;178;1630;178;178;178;1630;178;954;0;166;
308;1610;12;954;954;954;954;954;954;1660;30;1610;308;180;180;180;180;180;180;180;180;180;180;180;180;180;180;180;180;180;180;180;180;180;180;180;180;180;180;180;180;180;180;180;180;180;180;180;180;180;180;180;180;180;180;180;180;180;180;180;180;180;180;180;180;180;180;180;180;180;180;180;180;180;180;180;180;180;180;180;180;180;180;180;180;180;180;180;180;180;180;180;180;180;180;180;180;180;0;166;
260;308;260;1612;260;1612;60;1612;260;1612;260;308;260;696;0;0;0;0;0;0;0;0;0;0;0;0;0;0;0;0;0;0;0;0;0;0;0;0;0;0;0;0;0;0;0;0;0;0;0;0;0;1630;0;0;0;0;0;1630;0;0;0;0;0;1630;0;0;0;0;0;1630;0;0;0;0;0;0;0;0;0;0;0;0;0;0;0;0;0;0;0;0;0;0;0;0;0;0;0;0;0;166;
6;954;954;954;954;954;954;954;954;30;20;20;60;20;410;954;1630;954;190;954;330;954;190;954;1630;954;190;954;1630;954;190;954;330;954;190;954;1630;954;190;954;1630;954;190;954;1630;410;20;954;1630;954;954;190;954;954;1630;954;954;954;954;954;1630;954;954;190;954;954;1630;954;954;954;410;20;954;454;954;190;954;454;954;190;954;454;954;190;954;454;954;190;954;454;954;190;954;454;954;20;954;954;954;166;
8;514;548;514;548;514;548;514;548;514;548;514;548;944;174;944;174;944;174;944;174;944;174;944;174;944;174;944;174;944;174;944;174;944;174;944;174;944;174;944;174;944;174;944;174;944;174;944;174;944;174;944;174;944;174;944;174;944;174;944;174;944;174;944;174;944;174;944;174;944;174;944;174;944;174;944;174;944;174;944;174;944;174;944;174;944;174;944;174;944;174;944;174;944;174;944;174;944;174;944;
8;8;8;8;8;8;8;8;8;8;8;8;8;8;8;8;8;8;8;8;8;8;8;8;8;8;8;8;8;8;8;8;8;8;8;8;8;8;8;8;8;8;8;8;8;8;8;8;8;8;8;8;8;8;8;8;8;8;8;8;8;8;8;8;8;8;8;8;8;8;8;8;8;8;8;8;8;8;8;8;8;8;8;8;8;8;8;8;8;8;8;8;8;8;8;8;8;8;8;8;
8;8;8;8;8;8;8;8;8;8;8;8;8;8;8;8;8;8;8;8;8;8;8;8;8;8;8;8;8;8;8;8;8;8;8;8;8;8;8;8;8;8;8;8;8;8;8;8;8;8;8;8;8;8;8;8;8;8;8;8;8;8;8;8;8;8;8;8;8;8;8;8;8;8;8;8;8;8;8;8;8;8;8;8;8;8;8;8;8;8;8;8;8;8;8;8;8;8;8;8;
8;8;8;8;8;8;8;8;8;8;8;8;8;8;8;8;8;8;8;8;8;8;8;8;8;8;8;8;8;8;8;8;8;8;8;8;8;8;8;8;8;8;8;8;8;8;8;8;8;8;8;8;8;8;8;8;8;8;8;8;8;8;8;8;8;8;8;8;8;8;8;8;8;8;8;8;8;8;8;8;8;8;8;8;8;8;8;8;8;8;8;8;8;8;8;8;8;8;8;8;
8;8;8;8;8;8;8;8;8;8;8;8;8;8;8;8;8;8;8;8;8;8;8;8;8;8;8;8;8;8;8;8;8;8;8;8;8;8;8;8;8;8;8;8;8;8;8;8;8;8;8;8;8;8;8;8;8;8;8;8;8;8;8;8;8;8;8;8;8;8;8;8;8;8;8;8;8;8;8;8;8;8;8;8;8;8;8;8;8;8;8;8;8;8;8;8;8;8;8;8;
8;8;8;8;8;8;8;8;8;8;8;8;8;8;8;8;8;8;8;8;8;8;8;8;8;8;8;8;8;8;8;8;8;8;8;8;8;8;8;8;8;8;8;8;8;8;8;8;8;8;8;8;8;8;8;8;8;8;8;8;8;8;8;8;8;8;8;8;8;8;8;8;8;8;8;8;8;8;8;8;8;8;8;8;8;8;8;8;8;8;8;8;8;8;8;8;8;8;8;8;
8;8;8;8;8;8;8;8;8;8;8;8;8;8;8;8;8;8;8;8;8;8;8;8;8;8;8;8;8;8;8;8;8;8;8;8;8;8;8;8;8;8;8;8;8;8;8;8;8;8;8;8;8;8;8;8;8;8;8;8;8;8;8;8;8;8;8;8;8;8;8;8;8;8;8;8;8;8;8;8;8;8;8;8;8;8;8;8;8;8;8;8;8;8;8;8;8;8;8;8;
