0;0;0;0;0;0;0;0;0;0;0;0;0;0;0;0;0;0;0;0;0;0;0;0;0;0;0;0;0;0;0;0;0;0;0;0;0;0;0;0;0;0;0;0;0;0;0;0;0;0;0;0;0;0;0;0;0;0;0;0;0;0;0;0;0;0;0;0;0;0;0;0;0;0;0;0;0;0;0;0;0;0;0;0;0;0;0;0;0;0;0;0;0;0;0;0;0;0;0;0;
0;0;0;0;0;0;0;0;0;0;0;0;0;0;0;0;0;0;0;0;0;0;0;0;0;0;0;0;0;0;0;0;0;0;0;0;0;0;0;0;0;0;0;0;0;0;0;0;0;0;0;0;0;0;0;0;0;0;0;0;0;0;0;0;0;0;0;0;0;0;0;0;0;0;0;0;0;0;0;0;0;0;0;0;0;0;0;0;0;0;0;0;0;0;0;0;0;0;0;0;
0;0;0;0;0;0;0;0;0;0;0;0;0;0;0;0;0;0;0;0;0;0;0;0;0;0;0;0;0;0;0;0;0;0;0;0;0;0;0;0;0;0;0;0;0;0;0;0;0;0;0;0;0;0;0;0;0;0;0;0;0;0;0;0;0;0;0;0;0;0;0;0;0;0;0;0;0;0;0;0;0;0;0;0;0;0;0;0;0;0;0;0;0;0;0;0;0;0;0;0;
548;0;0;0;0;0;0;0;0;0;0;0;0;0;0;0;0;0;0;0;0;0;0;0;0;0;0;0;0;0;0;0;0;0;0;0;0;0;0;0;0;0;0;0;0;0;0;0;0;0;0;0;0;0;0;0;0;0;0;0;0;0;0;0;0;0;0;0;0;0;0;0;0;0;0;0;0;0;0;0;0;0;0;0;0;0;0;0;0;0;0;0;0;0;0;0;0;0;0;0;
548;0;0;0;0;0;0;0;0;0;0;0;0;0;0;0;0;0;0;0;0;0;0;0;0;0;0;0;0;0;0;0;0;0;0;0;0;0;0;0;0;0;0;0;0;0;0;0;0;0;0;0;0;0;0;0;0;0;0;0;0;0;0;0;0;0;0;0;0;0;0;0;0;0;0;0;0;0;0;0;0;0;0;0;0;0;0;0;0;0;0;0;0;0;0;0;0;0;0;0;
548;0;0;0;0;0;0;0;0;0;0;0;0;0;0;0;0;0;0;0;0;0;0;0;0;0;0;0;0;0;0;0;0;0;0;0;0;0;0;0;0;0;0;0;0;0;0;0;0;0;0;0;0;0;0;0;0;0;0;0;0;0;0;0;0;0;0;0;0;0;0;0;0;0;0;0;0;0;0;0;0;0;0;0;0;0;0;0;0;0;0;0;0;0;0;0;0;0;0;0;
548;0;0;0;0;0;0;0;0;0;0;0;0;0;0;0;0;0;0;0;0;0;0;0;0;0;0;0;0;0;0;0;0;0;0;0;0;0;0;0;0;0;0;0;0;0;0;0;0;0;0;0;0;0;0;0;0;0;0;0;0;0;0;0;0;0;0;0;0;0;0;0;0;0;0;0;0;0;0;0;0;0;0;0;0;0;0;0;0;0;0;0;0;0;0;0;0;0;0;0;
548;0;0;0;0;0;0;0;0;0;0;0;0;0;0;0;0;0;0;0;0;0;0;0;0;0;0;0;0;0;0;0;0;0;0;0;0;0;0;0;0;0;0;0;0;0;0;0;0;0;0;0;0;0;0;0;0;0;0;0;0;0;0;0;0;0;0;0;0;0;0;0;0;0;0;0;0;0;0;0;0;0;0;0;0;0;0;0;0;0;0;0;0;0;0;0;0;0;0;0;
548;728;440;440;0;0;0;0;0;0;0;0;0;0;0;0;0;0;0;0;0;0;0;0;0;0;0;0;0;0;0;0;0;0;0;0;0;0;0;0;0;0;0;0;0;0;0;0;0;0;0;0;0;0;0;0;0;0;0;0;0;0;0;0;0;0;0;0;0;0;0;0;0;0;0;0;0;0;0;0;0;0;0;0;0;0;0;0;0;0;0;0;0;0;0;0;0;0;0;0;
548;0;0;0;1162;0;0;0;0;0;0;778;0;0;0;0;0;0;0;0;0;0;0;0;0;0;0;0;0;0;0;0;0;0;0;0;0;0;0;0;0;0;0;0;0;0;0;0;0;0;0;0;0;0;0;0;0;0;0;0;0;0;0;0;0;0;0;0;0;0;0;0;0;0;0;0;0;0;0;0;0;0;0;0;0;0;0;0;0;0;0;0;0;0;0;0;0;0;0;0;
548;0;0;26;728;728;728;728;728;728;728;728;728;728;728;728;728;0;0;0;0;0;0;0;0;0;0;0;0;0;0;0;0;0;0;0;0;0;0;0;0;0;0;0;0;0;0;0;0;0;0;0;0;0;0;0;0;0;0;0;0;0;0;0;0;0;0;0;0;0;0;0;0;0;0;0;0;0;0;0;0;0;0;0;0;0;0;0;0;0;0;0;0;0;0;0;0;0;0;0;
548;0;548;0;728;0;728;0;728;0;728;0;728;0;728;0;728;0;0;0;0;0;0;0;0;0;0;0;0;0;0;0;0;0;0;0;0;0;0;0;0;0;0;0;0;0;0;0;0;0;0;0;0;0;0;0;0;0;0;0;0;0;0;0;0;0;0;0;0;0;0;0;0;0;0;0;0;0;0;0;0;0;0;0;0;0;0;0;0;0;0;0;0;0;0;0;0;0;0;0;
548;0;548;0;728;0;728;0;728;0;728;0;728;0;728;0;728;0;0;0;0;0;0;0;0;0;0;0;0;0;0;0;0;0;0;0;0;0;0;0;0;0;0;0;0;0;0;0;0;0;0;0;0;0;0;0;0;0;0;0;0;0;0;0;0;0;0;0;0;0;0;0;0;0;0;0;0;0;0;0;0;0;0;0;0;0;0;0;0;0;0;0;0;0;0;0;0;0;0;0;
548;0;548;0;728;0;728;0;728;0;728;0;728;0;728;0;728;0;0;0;0;0;0;0;0;0;0;0;0;0;0;0;0;0;0;0;0;0;0;0;0;0;0;0;0;0;0;0;0;0;0;0;0;0;0;0;0;0;0;0;0;0;0;0;0;0;0;0;0;0;0;0;0;0;0;0;0;0;0;0;0;0;0;0;0;0;0;0;0;0;0;0;0;0;0;0;0;0;0;0;
548;0;548;0;728;0;728;0;728;0;728;0;728;0;728;0;728;2792;0;0;0;0;0;0;0;0;0;0;0;0;0;0;0;0;0;0;0;0;0;0;0;0;0;0;0;0;0;0;0;0;0;0;0;0;0;0;0;0;0;0;0;0;0;0;0;0;0;0;0;0;0;0;0;0;0;0;0;0;0;0;0;0;0;0;0;0;0;0;0;0;0;0;0;0;0;0;0;0;0;0;
548;0;548;0;728;0;728;0;728;0;728;0;728;0;728;0;728;0;0;0;0;0;0;0;0;0;0;0;0;0;0;0;0;0;0;0;0;0;0;0;0;0;0;0;0;0;0;0;0;0;0;0;0;0;0;0;0;0;0;0;0;0;0;0;0;0;0;0;0;0;0;0;0;0;0;0;0;0;0;0;0;0;0;0;0;0;0;0;0;0;0;0;0;0;0;0;0;0;0;0;
548;0;548;0;728;0;728;0;728;0;728;0;728;0;728;0;728;0;0;0;0;0;0;0;0;0;0;0;0;0;0;0;0;0;0;0;0;0;0;0;0;0;0;0;0;0;0;0;0;0;0;0;0;0;0;0;0;0;0;0;0;0;0;0;0;0;0;0;0;0;0;0;0;0;0;0;0;0;0;0;0;0;0;0;0;0;0;0;0;0;0;0;0;0;0;0;0;0;0;0;
548;0;548;0;728;0;728;0;728;0;728;0;728;0;728;0;728;0;2792;778;0;0;0;0;0;0;0;0;0;0;0;0;0;0;0;0;0;0;0;0;0;0;0;0;0;0;0;0;0;0;0;0;0;0;0;0;0;0;0;0;0;0;0;0;0;0;0;0;0;0;0;0;0;0;0;0;0;0;0;0;0;0;0;0;0;0;0;0;0;0;0;0;0;0;0;0;0;0;0;0;
548;0;548;0;728;0;728;0;728;0;728;0;728;0;728;0;728;0;0;778;0;0;0;0;0;0;0;0;0;0;0;0;0;0;0;0;0;0;0;0;0;0;0;0;0;0;0;0;0;0;0;0;0;0;0;0;0;0;0;0;0;0;0;0;0;0;0;0;0;0;0;0;0;0;0;0;0;0;0;0;0;0;0;0;0;0;0;0;0;0;0;0;0;0;0;0;0;0;0;0;
548;0;548;0;728;0;728;0;728;0;728;0;728;0;728;0;728;0;0;116;116;116;116;116;116;0;0;116;116;116;116;116;116;0;0;116;116;116;116;116;116;116;0;0;116;116;116;116;116;0;0;0;0;0;0;0;0;0;0;0;0;0;0;0;0;0;0;0;0;0;0;0;0;0;0;0;0;0;0;0;0;0;0;0;0;0;0;0;0;0;0;0;0;0;0;0;0;0;0;0;
548;0;548;0;728;382;728;382;728;382;728;0;728;0;728;0;728;0;0;0;0;0;0;0;0;0;0;0;0;0;0;0;0;0;0;0;0;0;0;0;0;0;0;0;0;0;0;0;0;0;0;0;0;0;0;0;0;0;0;0;0;0;0;0;0;0;0;0;0;0;0;0;0;0;0;0;0;0;0;0;0;0;0;0;0;0;0;0;0;0;0;0;0;0;0;0;0;0;0;0;
548;0;548;0;1162;20;1162;20;1162;20;1162;0;1162;0;1162;0;1162;0;0;0;0;0;0;0;0;0;0;0;0;0;0;0;0;0;0;0;3682;0;0;0;0;0;0;0;0;0;778;778;0;0;0;0;0;0;0;778;0;778;0;0;0;0;0;0;0;0;0;0;0;0;0;0;0;0;0;0;0;0;0;0;0;0;0;0;0;0;0;0;0;0;0;0;0;0;0;0;0;0;0;0;
548;0;548;728;728;728;728;728;728;728;728;728;728;728;728;728;728;728;728;728;728;728;728;728;728;728;728;728;728;728;728;728;728;728;728;728;728;728;728;728;728;728;728;728;728;728;728;728;728;728;728;728;728;728;728;728;728;728;728;728;728;728;728;728;728;728;728;0;0;0;0;0;0;0;0;0;0;0;0;0;0;0;0;0;0;0;0;0;0;0;0;0;0;0;0;0;0;0;0;0;
548;0;548;0;0;0;0;0;0;0;0;0;0;0;0;0;0;0;0;0;0;0;0;0;0;0;0;0;0;0;0;0;0;0;0;0;0;0;0;0;0;0;728;548;548;548;728;728;728;728;728;728;728;728;728;548;548;548;728;0;598;1162;0;0;0;0;728;0;0;0;0;0;0;0;0;0;0;0;0;0;0;0;0;0;0;0;0;0;0;0;0;0;0;0;0;0;0;0;0;0;
548;0;548;0;0;0;0;0;0;0;0;0;0;0;0;0;0;0;0;0;0;0;0;0;0;0;0;0;0;0;0;0;0;0;0;0;0;0;0;0;0;0;728;548;826;548;728;728;728;728;728;728;728;728;728;548;826;548;728;728;728;728;998;0;0;102;728;0;0;0;0;0;0;0;0;0;0;0;0;0;0;0;0;0;0;0;0;0;0;0;0;0;0;0;0;0;0;0;0;0;
548;0;548;0;0;0;0;0;0;0;0;998;998;440;440;440;440;440;440;440;440;440;440;440;440;440;440;440;440;440;440;440;998;998;0;0;0;0;0;0;0;0;728;548;548;548;728;728;728;826;826;826;728;728;728;548;548;548;728;0;598;1162;20;0;0;0;728;0;0;0;0;0;0;0;0;0;0;0;0;0;0;0;0;0;0;0;0;0;0;0;0;0;0;0;0;0;0;0;0;0;
548;0;548;0;0;0;0;0;0;0;0;0;0;0;0;0;0;0;0;0;0;0;0;0;0;0;0;0;0;0;0;0;0;0;0;0;0;0;0;0;0;0;728;728;728;728;728;728;728;728;826;728;728;728;728;728;728;728;728;728;728;728;998;0;0;998;728;0;0;0;0;0;0;0;0;548;548;548;548;548;548;548;548;548;548;548;548;548;548;548;548;0;0;0;0;0;0;0;0;0;
548;0;548;0;0;0;0;0;0;0;0;0;0;0;0;0;0;0;0;0;0;0;0;0;0;0;0;0;0;0;0;0;0;0;0;0;0;0;0;0;0;0;728;548;548;548;728;728;728;728;826;728;728;728;728;548;548;548;728;0;598;1162;20;0;0;0;728;0;548;548;548;548;548;548;0;548;548;0;20;20;20;20;548;0;0;0;0;0;0;0;548;0;0;0;0;0;0;0;0;0;
548;0;548;0;0;0;0;0;0;0;0;998;998;0;0;0;0;0;0;0;0;0;0;0;0;0;0;0;0;0;0;0;998;998;0;0;0;0;0;0;0;0;728;548;826;548;728;728;728;728;826;728;728;728;728;548;826;548;728;728;728;728;998;0;0;102;728;1162;548;548;548;548;548;548;548;548;0;0;548;548;548;102;548;548;548;548;548;548;548;548;548;102;0;0;0;0;0;0;0;0;
548;0;548;0;0;0;0;0;0;0;0;0;0;0;0;0;0;0;0;0;0;0;0;0;0;0;0;0;0;0;0;0;0;0;0;0;0;0;0;0;0;0;728;548;548;548;728;728;728;728;826;728;728;728;728;548;548;548;728;3072;598;1162;20;0;0;0;1162;0;0;0;0;0;0;0;0;0;0;548;548;20;20;20;548;454;454;454;454;454;454;454;548;0;0;0;0;0;0;0;0;0;
548;0;548;0;0;0;0;0;0;0;0;0;0;0;0;0;0;0;0;0;2276;0;0;0;2276;0;0;0;0;0;0;0;0;0;0;0;0;0;0;0;0;0;728;728;728;728;728;728;728;728;826;728;728;728;728;728;728;728;728;728;728;728;998;0;0;998;728;548;0;0;20;20;20;20;0;0;548;548;548;102;548;548;548;548;548;548;548;548;548;548;548;0;0;0;0;0;0;0;0;0;
548;0;548;0;0;0;998;998;0;0;998;998;998;998;0;0;998;998;0;2276;598;2276;0;2276;598;2276;0;998;998;0;0;998;998;998;998;0;0;998;998;0;0;0;728;548;548;548;728;728;728;826;826;826;728;728;728;548;548;548;728;2284;598;1162;20;0;0;0;728;548;548;548;548;548;548;548;548;548;548;548;548;20;20;20;548;454;454;454;454;454;454;454;548;102;0;0;0;0;0;0;0;0;
548;0;548;0;0;0;0;0;0;0;0;0;0;0;0;0;0;0;0;0;2276;0;0;0;2276;0;0;0;0;0;0;0;0;0;0;0;0;0;0;0;0;0;728;548;826;548;728;728;728;728;728;728;728;728;728;548;826;548;728;728;728;728;998;0;0;0;728;0;0;0;0;0;0;0;0;0;0;0;548;548;548;102;548;548;548;548;548;548;548;548;548;0;0;0;0;0;0;0;0;0;
548;0;548;16;0;16;0;0;16;0;0;0;0;0;0;16;0;0;16;0;0;410;0;410;0;0;16;0;0;16;0;0;0;0;0;0;16;0;0;16;0;16;728;548;548;548;728;728;728;728;728;728;728;728;728;548;548;548;728;2072;598;1162;20;0;0;0;1162;0;20;20;20;20;20;20;20;20;0;762;548;30;20;20;548;455;455;455;455;455;455;455;548;0;0;0;0;0;0;0;0;0;
548;0;548;728;998;998;998;998;728;728;728;728;728;728;728;728;998;998;998;998;728;728;0;728;728;998;998;998;998;728;728;728;728;728;728;728;728;998;998;998;998;728;728;728;728;728;728;728;728;728;728;728;728;728;728;728;728;728;728;728;728;728;728;1162;728;728;728;1162;548;548;548;548;548;548;548;548;548;548;548;548;548;548;548;548;548;548;548;548;548;548;548;548;548;548;548;548;548;548;548;224;
548;0;548;0;0;0;0;0;0;0;0;0;0;0;0;0;0;0;0;0;0;0;0;0;0;0;0;0;0;0;0;0;0;0;0;0;0;0;0;0;0;0;0;0;0;0;0;0;0;0;0;0;0;0;0;0;0;0;0;0;0;0;0;0;0;0;728;0;548;526;0;0;0;0;0;0;0;0;0;0;0;0;0;0;0;0;0;0;0;0;0;0;0;0;0;0;0;0;0;0;
548;0;548;0;16;1300;0;16;0;0;16;0;0;16;0;0;16;1300;0;16;0;0;16;456;0;16;0;0;16;1300;0;16;0;0;16;456;0;16;0;0;16;1300;0;16;0;0;16;456;0;16;0;0;16;1300;0;16;0;0;16;456;0;16;0;0;0;0;728;0;548;526;0;0;0;0;0;0;0;0;0;0;0;0;0;0;0;0;0;0;0;0;0;0;0;0;0;0;0;0;0;526;
548;0;548;0;998;728;728;998;0;0;998;728;728;998;0;0;998;728;728;998;0;0;998;728;728;998;0;0;998;728;728;998;0;0;998;728;728;998;0;0;998;728;728;998;0;0;998;728;728;998;0;0;998;728;728;998;0;0;998;728;728;998;0;1774;0;0;728;0;548;526;0;0;440;440;440;440;440;440;440;440;440;440;440;440;440;440;440;440;440;440;440;440;440;440;0;0;0;0;0;526;
548;0;0;0;0;0;0;0;0;0;0;0;0;0;0;0;0;0;0;0;0;0;0;0;0;0;0;0;0;0;0;0;0;0;0;0;0;0;0;0;0;0;0;0;0;0;0;0;0;0;0;0;0;0;0;0;0;0;0;0;0;0;0;0;0;0;1162;0;548;526;0;0;0;0;0;0;0;0;0;0;0;0;0;0;0;0;0;0;0;0;0;0;0;0;0;0;0;0;0;526;
548;1002;0;0;16;954;954;16;0;0;16;954;954;16;758;0;16;954;954;16;758;0;16;954;954;16;758;0;16;954;954;16;758;0;16;954;954;16;758;0;16;954;954;16;758;0;16;954;954;16;758;0;16;954;954;16;758;0;16;954;954;1422;1422;16;0;0;728;0;548;526;0;0;0;0;0;0;0;0;0;0;0;0;0;0;0;0;0;0;0;0;0;0;0;0;0;0;0;0;0;526;
728;728;728;728;728;728;728;728;728;728;728;728;728;728;728;728;728;728;728;728;728;728;728;728;728;728;728;728;728;728;728;728;728;728;728;728;728;728;728;728;728;728;728;728;728;728;728;728;728;728;728;728;728;728;728;728;728;728;728;728;728;728;728;728;1162;728;728;0;548;526;0;0;0;0;0;440;440;440;440;440;440;440;440;440;440;440;440;440;440;440;440;440;440;440;440;440;440;0;0;526;
728;0;0;0;0;0;0;0;0;0;0;0;0;0;0;0;0;0;442;0;0;0;0;0;0;0;0;0;0;0;0;0;0;0;0;0;0;0;0;0;382;382;382;0;382;382;382;382;382;0;382;382;382;382;382;0;382;382;382;382;382;0;728;0;0;0;728;0;548;526;0;0;0;0;0;0;0;0;0;0;0;0;0;0;0;0;0;0;0;0;0;0;0;0;0;0;0;0;0;526;
728;0;0;0;0;0;0;0;0;0;0;0;0;0;0;0;0;0;580;0;0;0;0;0;0;0;0;0;0;0;0;0;0;0;0;0;0;0;0;0;1240;1240;0;0;0;1240;1240;1240;1240;0;1240;1240;1240;0;0;0;1240;1240;1240;0;0;0;1162;20;20;0;728;0;548;526;0;0;0;0;0;0;0;0;0;0;0;0;0;0;0;0;0;0;0;0;0;0;0;0;0;0;0;0;0;526;
728;0;0;0;0;0;0;0;0;0;0;0;0;0;0;0;0;728;728;728;728;728;728;728;728;728;728;728;728;728;728;728;728;728;728;728;728;728;728;728;728;728;728;728;728;728;728;728;728;728;728;728;728;728;728;728;728;728;728;728;728;728;728;998;998;0;728;0;548;526;0;0;0;0;0;0;0;0;0;440;440;440;440;440;440;440;440;440;440;440;440;0;0;0;0;0;0;0;0;526;
728;0;0;0;0;0;0;0;0;0;0;0;0;0;0;0;0;0;0;0;0;0;0;0;0;0;0;0;0;0;0;0;0;0;0;0;0;0;0;0;0;0;0;0;0;0;0;0;0;0;0;0;0;0;0;0;0;0;0;0;0;0;0;0;0;0;728;0;548;526;1002;1002;0;0;0;0;0;0;0;0;0;0;0;0;0;0;0;0;0;0;0;0;0;0;0;0;0;0;0;526;
728;0;0;0;0;0;0;0;0;0;0;0;0;0;0;0;0;0;0;0;0;0;0;0;0;0;0;0;0;0;0;0;0;0;0;0;0;0;0;0;0;0;0;0;0;0;0;0;0;0;0;0;0;0;0;0;0;0;0;0;0;0;0;12;0;0;728;0;548;526;440;440;440;440;440;440;0;0;0;0;0;0;0;0;0;0;0;0;0;0;0;0;0;0;0;0;0;0;0;526;
728;0;0;0;0;0;0;0;0;0;0;0;0;0;0;0;0;0;0;0;0;0;0;0;0;0;0;0;0;0;0;0;0;0;0;0;0;0;0;0;0;0;0;0;0;0;0;0;0;0;0;0;0;0;0;0;0;0;0;0;0;0;12;1766;12;0;728;0;0;0;0;0;0;0;0;0;440;440;440;440;0;0;0;0;0;0;0;0;0;0;0;0;0;0;0;0;0;0;0;526;
728;0;0;0;102;0;2;0;0;0;0;0;0;0;0;0;0;0;0;0;0;0;0;0;0;0;0;0;0;0;0;0;0;0;0;0;0;0;0;0;0;0;0;0;0;0;0;0;0;0;0;0;0;0;0;0;0;0;0;0;0;12;1766;12;1766;12;728;0;0;0;0;0;0;0;0;0;0;0;0;0;440;440;440;440;440;440;440;440;440;440;440;440;440;440;440;0;0;0;0;526;
728;0;0;0;0;0;2;0;0;0;0;0;0;0;0;0;0;0;0;0;0;0;0;0;0;0;0;0;0;0;0;0;0;0;0;0;0;0;0;0;0;0;0;0;0;0;0;0;0;0;0;0;0;0;0;0;0;0;0;0;0;1766;0;1766;0;1766;728;0;548;0;0;0;0;0;0;0;0;0;0;0;0;0;0;0;0;0;0;0;0;0;0;0;0;0;0;0;0;0;0;526;
728;0;0;0;0;0;2;0;0;0;0;0;0;0;0;0;0;0;0;0;0;0;0;0;0;0;0;0;0;0;0;0;0;0;0;0;0;0;0;0;0;0;0;0;0;0;0;0;0;0;0;0;0;0;0;0;0;3402;26;30;2488;2488;2488;1240;6;2978;60;0;548;526;0;0;0;0;0;0;0;0;0;0;0;0;0;0;0;0;0;0;0;0;0;0;0;0;0;0;0;1002;1002;526;
728;0;0;1774;102;0;2;0;0;0;0;0;0;0;0;0;0;0;0;0;0;0;0;0;0;0;0;0;0;0;0;0;0;0;0;0;0;0;0;0;0;0;380;380;380;0;0;442;380;0;0;380;380;0;0;0;0;206;2590;2590;2590;2590;2590;2590;8;2590;224;548;548;440;440;440;440;440;440;440;440;440;440;440;440;440;440;440;440;440;440;440;440;440;440;440;440;440;440;440;440;440;526;858;
728;0;0;0;0;0;2276;2276;2276;2276;2276;2276;2276;2276;2276;2276;2276;2276;2276;2276;2276;2276;2276;2276;2276;2276;2276;2276;2276;2276;2276;2276;2276;2276;2276;2276;2276;2276;2276;2276;2276;2276;2276;2276;2276;2276;2276;2276;2276;2276;2276;2276;2276;2276;2276;2276;2276;0;0;0;0;0;0;0;0;0;0;0;0;0;0;0;0;0;0;0;0;0;0;0;0;0;0;0;0;0;0;0;0;0;0;0;0;0;0;0;0;0;526;0;
728;0;0;0;0;0;0;0;0;0;0;0;0;0;0;0;0;0;0;0;0;0;0;0;0;0;0;0;0;0;0;0;0;0;0;0;0;0;0;0;0;0;0;0;0;0;0;0;0;0;0;0;0;0;0;0;0;0;0;0;0;0;0;0;1682;728;728;548;548;440;440;440;440;440;440;440;440;440;440;440;440;440;440;440;440;440;440;440;440;440;440;440;440;440;440;440;440;440;440;1278;
728;728;728;728;728;728;728;728;728;728;728;728;728;728;728;728;728;728;728;728;728;728;728;728;728;728;728;728;728;728;728;728;728;728;728;728;728;728;728;728;728;728;728;728;728;728;728;728;728;728;728;728;728;728;728;728;728;728;728;728;728;728;728;728;728;728;548;548;548;548;548;548;548;548;548;548;548;548;548;548;548;548;548;548;548;548;548;548;548;548;548;548;548;548;548;548;548;548;548;242;
8;8;8;8;8;8;8;8;8;8;8;8;8;8;8;8;8;8;8;8;8;8;8;8;8;8;8;8;8;8;8;8;8;8;8;8;8;8;8;8;8;8;8;8;8;8;8;8;8;8;8;8;8;8;8;8;8;8;8;8;8;8;8;8;8;8;8;8;8;8;8;8;8;8;8;8;8;8;8;8;8;8;8;8;8;8;8;8;8;8;8;8;8;8;8;8;8;8;8;8;
8;8;8;8;8;8;8;8;8;8;8;8;8;8;8;8;8;8;8;8;8;8;8;8;8;8;8;8;8;8;8;8;8;8;8;8;8;8;8;8;8;8;8;8;8;8;8;8;8;8;8;8;8;8;8;8;8;8;8;8;8;8;8;8;8;8;8;8;8;8;8;8;8;8;8;8;8;8;8;8;8;8;8;8;8;8;8;8;8;8;8;8;8;8;8;8;8;8;8;8;
8;8;8;8;8;8;8;8;8;8;8;8;8;8;8;8;8;8;8;8;8;8;8;8;8;8;8;8;8;8;8;8;8;8;8;8;8;8;8;8;8;8;8;8;8;8;8;8;8;8;8;8;8;8;8;8;8;8;8;8;8;8;8;8;8;8;8;8;8;8;8;8;8;8;8;8;8;8;8;8;8;8;8;8;8;8;8;8;8;8;8;8;8;8;8;8;8;8;8;8;
8;8;8;8;8;8;8;8;8;8;8;8;8;8;8;8;8;8;8;8;8;8;8;8;8;8;8;8;8;8;8;8;8;8;8;8;8;8;8;8;8;8;8;8;8;8;8;8;8;8;8;8;8;8;8;8;8;8;8;8;8;8;8;8;8;8;8;8;8;8;8;8;8;8;8;8;8;8;8;8;8;8;8;8;8;8;8;8;8;8;8;8;8;8;8;8;8;8;8;8;
8;8;8;8;8;8;8;8;8;8;8;8;8;8;8;8;8;8;8;8;8;8;8;8;8;8;8;8;8;8;8;8;8;8;8;8;8;8;8;8;8;8;8;8;8;8;8;8;8;8;8;8;8;8;8;8;8;8;8;8;8;8;8;8;8;8;8;8;8;8;8;8;8;8;8;8;8;8;8;8;8;8;8;8;8;8;8;8;8;8;8;8;8;8;8;8;8;8;8;8;
8;8;8;8;8;8;8;8;8;8;8;8;8;8;8;8;8;8;8;8;8;8;8;8;8;8;8;8;8;8;8;8;8;8;8;8;8;8;8;8;8;8;8;8;8;8;8;8;8;8;8;8;8;8;8;8;8;8;8;8;8;8;8;8;8;8;8;8;8;8;8;8;8;8;8;8;8;8;8;8;8;8;8;8;8;8;8;8;8;8;8;8;8;8;8;8;8;8;8;8;
