0;0;0;0;0;0;2792;0;0;0;0;0;0;0;0;0;0;0;0;0;0;0;0;0;0;0;0;0;0;0;0;0;0;0;0;0;0;0;0;0;0;0;0;0;0;0;0;0;0;0;0;0;0;0;0;0;0;0;0;0;0;0;0;0;0;0;0;0;0;0;0;0;0;0;0;0;0;0;0;0;0;0;2792;0;0;0;0;0;0;0;0;0;0;0;0;0;0;0;0;0;
0;0;0;0;0;0;2792;0;0;0;0;0;0;0;0;0;0;0;0;0;0;0;0;0;0;0;0;0;0;0;0;0;0;0;0;0;0;0;0;0;0;0;0;0;0;0;0;0;0;0;0;0;0;0;0;0;0;0;0;0;0;0;0;0;0;0;0;0;0;0;0;0;0;0;0;0;0;0;0;0;0;0;2792;0;0;0;0;0;0;0;0;0;0;0;0;0;0;0;0;0;
0;0;0;0;0;0;2792;0;0;0;0;0;0;0;0;0;0;0;0;0;0;0;0;0;0;0;0;0;0;0;0;0;0;0;0;0;0;0;0;0;0;0;0;0;0;0;0;0;0;0;0;0;0;0;0;0;0;0;0;0;0;0;0;0;0;0;0;0;0;0;0;0;0;0;0;0;0;0;0;0;0;0;2792;0;0;0;0;0;0;0;0;0;0;0;0;0;0;0;0;0;
0;0;0;0;0;0;2792;0;0;0;0;0;0;0;0;0;0;0;0;0;0;0;0;0;0;0;0;0;0;0;0;0;0;0;0;0;0;0;0;0;0;0;0;0;0;0;0;0;0;0;0;0;0;0;0;0;0;0;0;0;0;0;0;0;0;0;0;0;0;0;0;0;0;0;0;0;0;0;0;0;0;0;2590;0;0;0;0;0;0;0;0;0;0;0;0;0;0;0;0;0;
0;0;0;0;0;0;2590;0;0;0;0;2590;2590;2590;2590;2590;2590;2590;0;0;0;2590;2590;2590;2590;2590;2590;2590;0;0;0;2590;2590;2590;2590;2590;2590;2590;0;0;0;2590;2590;2590;2590;2590;2590;2590;0;0;0;2590;2590;2590;2590;2590;2590;2590;0;0;0;2590;2590;2590;2590;2590;2590;2590;0;0;0;2590;2590;2590;2590;2590;2590;2590;0;0;0;0;2590;0;0;0;0;0;0;0;0;0;0;0;0;0;0;0;0;0;
0;0;0;0;0;0;2590;0;0;0;20;224;0;652;2590;0;20;224;20;0;24;224;24;0;2590;1256;106;224;0;0;20;224;20;20;2590;0;0;224;20;0;1906;224;0;0;2590;2;12;224;20;0;20;224;0;0;2590;0;1684;224;762;0;0;224;0;0;2590;2;0;224;20;0;20;224;20;0;2590;0;1432;224;20;0;0;0;2590;0;0;0;0;0;0;0;0;0;0;0;0;0;0;0;0;0;
0;0;0;0;0;0;2590;0;0;0;102;202;2590;2590;2590;2590;2590;202;102;0;102;202;2590;2590;2590;2590;2590;202;102;0;102;202;2590;2590;2590;2590;2590;202;102;0;102;202;2590;2590;2590;2590;2590;202;998;0;998;202;2590;2590;2590;2590;2590;202;102;0;102;202;2590;2590;2590;2590;2590;202;102;0;102;202;2590;2590;2590;2590;2590;202;102;0;0;0;2590;0;0;0;0;0;0;0;0;0;0;0;0;0;0;0;0;0;
0;0;0;0;0;0;2590;0;0;0;0;0;0;0;2590;0;20;224;20;0;0;224;0;986;2590;596;1450;224;1042;0;20;224;0;0;2590;526;26;224;20;0;20;224;0;0;2590;0;20;224;20;0;2396;60;1422;2396;2590;0;986;224;986;0;20;224;0;0;2590;0;0;60;1428;0;20;224;0;0;2590;696;0;224;20;0;0;0;2590;0;0;0;0;0;0;0;0;0;0;0;0;0;0;0;0;0;
0;0;0;0;0;0;2590;0;0;0;102;202;2590;2590;2590;2590;2590;202;102;0;102;202;2590;2590;2590;2590;2590;202;102;0;102;202;2590;2590;2590;2590;2590;202;102;0;1324;202;2590;2590;2590;2590;2590;202;998;0;998;202;2590;2590;2590;2590;2590;202;102;0;102;202;2590;2590;2590;2590;2590;202;102;0;102;202;2590;2590;2590;2590;2590;202;102;0;0;0;2590;0;0;0;0;0;0;0;0;0;0;0;0;0;0;0;0;0;
2946;0;0;0;0;0;1162;0;0;0;20;224;0;0;2590;0;0;224;986;0;20;224;0;0;2590;0;169;224;0;0;20;224;0;1600;2590;0;0;2810;24;0;20;552;986;1600;2590;2;696;224;0;0;224;0;102;102;2590;1422;20;20;26;0;20;224;0;0;2590;954;20;224;20;0;20;224;20;0;2590;0;0;224;0;0;0;0;1162;0;0;0;0;0;1240;0;0;0;1884;0;0;1240;0;0;0;0;
2590;2590;2590;0;0;998;2590;998;0;0;102;202;2590;2590;2590;2590;2590;202;102;0;102;202;2590;2590;2590;2590;2590;202;102;0;102;202;2590;2590;2590;2590;2590;202;102;0;1324;202;2590;2590;2590;2590;2590;202;998;0;998;202;2590;2590;2590;2590;2590;202;1324;0;102;202;2590;2590;2590;2590;2590;202;102;0;102;202;2590;2590;2590;2590;2590;202;102;0;0;998;2590;998;0;2590;204;2946;2590;0;0;0;2590;204;2946;2590;0;0;0;0;
2946;0;0;0;0;0;2590;0;0;0;0;0;0;0;0;0;0;0;0;0;0;0;0;0;0;0;0;0;0;0;0;0;0;0;0;0;0;0;0;0;0;20;0;20;20;20;20;20;0;0;0;0;0;0;0;0;0;0;0;0;0;0;0;0;0;0;0;0;0;0;0;0;0;0;0;0;0;0;0;0;0;0;2590;0;20;1162;2646;2452;1162;20;0;20;1162;2646;2452;1162;20;0;0;0;
2590;2590;2590;998;0;0;2590;2590;2590;2590;2590;2590;2590;2590;2590;2590;2590;2590;2590;2590;2590;2590;2590;2590;2590;2590;2590;2590;2590;2590;2590;2590;2590;2590;2590;2590;2590;2590;2590;1162;2590;2590;2590;2590;2590;2590;2590;2590;2590;1162;2590;2590;2590;2590;2590;2590;2590;2590;2590;2590;2590;2590;2590;2590;2590;2590;2590;2590;2590;2590;2590;2590;2590;2590;2590;2590;2590;2590;2590;2590;2590;2590;2590;0;998;2590;2590;2590;2590;998;0;998;2590;2590;2590;2590;998;0;0;0;
2946;0;1446;0;0;998;2590;0;0;0;0;0;0;0;16;0;16;0;0;0;0;0;0;0;954;954;0;16;0;16;0;0;0;0;0;16;954;954;16;0;0;16;0;16;0;0;0;0;0;0;0;0;16;954;0;954;16;0;0;0;0;0;16;954;0;954;16;0;0;0;0;0;0;0;0;0;0;16;0;16;0;0;2590;0;0;0;0;0;0;0;0;0;0;0;0;0;0;0;0;0;
2590;2590;2590;998;0;0;2590;0;16;954;0;954;16;0;998;998;998;0;16;0;16;0;0;0;998;998;0;998;998;998;0;0;954;954;0;998;998;998;998;0;0;998;0;0;0;0;0;0;954;16;0;0;998;998;998;998;998;0;954;954;0;0;998;998;998;998;998;0;16;954;0;16;0;0;0;0;0;998;998;998;0;0;2590;0;0;0;0;0;1240;0;0;0;0;0;0;1240;0;0;0;0;
2946;0;1446;0;0;0;2590;0;998;0;986;0;986;1240;0;0;0;0;986;0;986;1240;16;954;0;0;986;0;986;1240;0;0;998;0;0;0;0;1240;0;954;954;2792;2590;2590;204;2590;2590;2792;998;998;0;0;16;954;954;16;0;0;998;998;0;0;986;0;0;0;0;0;998;998;998;998;0;0;0;0;0;0;0;0;0;0;2590;0;0;2590;204;2946;2590;0;0;0;2590;204;2946;2590;0;0;0;0;
2590;2590;2590;998;0;0;2590;0;0;2590;2590;204;2590;2590;0;0;0;2590;2590;204;2590;2590;0;998;0;2590;2590;204;2590;2590;0;0;0;2590;2590;204;2590;2590;0;998;0;2590;0;0;0;0;0;2590;0;0;16;0;998;998;998;998;0;0;0;2978;2978;2978;2978;2978;0;0;2978;2978;2978;2978;2978;0;0;2978;2978;2978;2978;2978;0;0;0;0;2590;0;20;1162;2646;1240;1162;20;0;16;1162;2646;0;1162;16;0;0;0;
2946;0;1446;0;0;0;2590;0;0;1162;0;658;0;1162;2396;0;858;1162;2646;1752;2452;1162;20;0;20;1162;2646;658;2452;1162;20;0;20;1162;20;0;2452;1162;20;0;986;1162;0;0;0;0;0;1162;986;0;998;0;0;16;0;16;0;1420;0;2946;2946;2946;2946;2946;0;0;2946;2946;2946;2946;2946;0;16;2946;2946;2946;2946;2946;0;954;954;0;2590;0;998;2590;2590;2590;2590;998;0;998;2590;2590;2590;2590;998;0;0;0;
2590;2590;2590;998;0;998;2590;0;998;2946;2946;2946;2946;2946;998;0;998;2946;2946;2946;2946;2946;998;0;998;2946;2946;2946;2946;2946;1452;0;998;2946;2946;2946;2946;2946;998;0;998;2946;2946;2946;2946;2946;2946;2946;998;0;0;0;0;998;998;998;0;998;998;0;0;0;0;0;0;0;0;0;0;0;0;0;998;998;998;0;0;0;0;998;998;0;2590;0;0;0;0;0;0;0;0;0;0;0;0;0;0;0;0;0;
2946;20;1446;0;0;0;2590;0;0;0;0;0;0;0;0;0;0;0;0;0;0;0;0;954;0;0;0;0;0;0;0;16;0;0;0;0;0;0;0;998;0;1162;0;0;202;0;0;1162;0;280;954;954;16;0;0;0;16;0;16;2978;2978;2978;2978;2978;0;0;2978;2978;2978;2978;2978;0;0;2978;2978;2978;2978;2978;0;954;954;0;2590;0;0;1888;0;0;1240;0;0;0;0;0;0;1240;0;0;0;0;
2590;2590;2590;998;0;0;2590;0;0;0;986;0;986;1240;998;998;998;0;986;0;1240;1240;998;998;998;0;986;0;1240;1240;998;998;0;0;0;0;0;0;0;0;0;1162;0;1428;1791;1428;0;1162;0;998;998;998;998;0;0;0;998;998;998;2946;2946;2946;2946;2946;0;0;2946;2946;2946;2946;2946;0;998;2946;2946;2946;2946;2946;0;998;998;0;2590;0;0;2590;204;2946;2590;0;0;0;2590;204;2946;2590;0;0;0;0;
2946;20;1446;0;0;0;2590;0;0;2590;2590;204;2590;2590;0;0;0;2590;2590;204;2590;2590;0;0;0;2590;2590;204;2590;2590;0;0;16;0;0;0;0;0;0;0;1008;2590;2590;2590;2590;2590;2590;2590;1008;0;0;0;0;0;0;0;0;0;0;0;0;0;0;0;0;0;0;0;0;0;0;0;0;0;0;0;0;0;0;16;0;0;2590;0;20;1162;2646;2452;1162;20;0;20;1162;2646;1256;1162;20;0;0;0;
2590;2590;2590;998;0;0;2590;0;410;1162;2646;658;2452;1162;20;0;858;1162;2646;658;2452;1162;28;0;20;1162;2646;1752;2452;1162;986;0;998;0;1104;1104;1104;0;0;1008;2590;2590;1276;1490;2072;3072;1278;2590;2590;1008;0;0;1104;1104;1104;0;998;0;0;2978;2978;2978;2978;2978;0;0;2978;2978;2978;2978;2978;0;0;2978;2978;2978;2978;2978;998;998;0;0;2590;0;998;2590;2590;2590;2590;998;0;998;2590;2590;2590;2590;998;0;0;0;
2946;20;1446;0;0;998;2590;0;998;2946;2946;2946;2946;2946;998;0;998;2946;2946;2946;2946;2946;998;0;998;2946;2946;2946;2946;2946;998;0;998;0;1104;1298;1104;0;0;2590;2590;2590;0;0;1482;0;0;2590;2590;2590;0;0;1104;1298;1104;0;998;1420;16;2946;2946;2946;2946;2946;0;0;2946;2946;2946;2946;2946;954;954;2946;2946;2946;2946;2946;0;954;954;0;2590;0;0;0;0;0;0;0;0;0;0;0;0;0;0;0;0;0;
2590;2590;2590;998;0;0;2590;0;0;0;0;0;0;0;0;16;0;0;0;0;0;0;0;0;0;0;0;0;0;0;0;0;998;0;1104;1104;1104;0;382;2590;2590;0;0;0;0;0;0;0;2590;2590;382;0;1104;1104;1104;0;998;998;998;0;0;0;16;954;16;0;16;0;0;0;0;998;998;0;0;16;0;16;0;998;998;0;2590;0;0;340;986;0;1240;0;0;0;1888;986;0;1240;0;0;0;0;
2946;20;1446;0;0;0;1162;0;0;0;0;0;0;0;0;998;998;998;998;998;998;0;0;998;998;998;998;998;998;0;986;0;20;20;0;0;0;1422;1422;2488;1162;30;0;2996;6;0;0;30;1162;2488;1422;1422;0;0;0;0;0;0;0;0;998;998;998;998;998;998;998;0;0;0;0;0;0;0;0;998;998;998;0;0;0;0;1162;0;0;2590;204;2946;2590;0;0;0;2590;204;2946;2590;0;0;0;0;
2590;2590;2590;998;0;998;2590;2590;2590;2590;2590;2590;2590;2590;2590;2590;2590;2590;2590;2590;2590;2590;2590;2590;2590;2590;2590;2590;2590;2590;2590;1162;2590;2590;2590;2590;2590;2590;2590;2590;2590;2590;2590;2590;8;2590;2590;2590;2590;2590;2590;2590;2590;2590;2590;2590;2590;1162;2590;2590;2590;2590;2590;2590;2590;2590;2590;2590;2590;2590;2590;2590;2590;2590;2590;2590;2590;2590;2590;2590;2590;2590;2590;998;0;1162;2646;2452;1162;1450;0;22;1162;2646;0;1162;880;0;0;0;
1008;1008;1008;1008;0;0;0;0;0;0;0;0;0;0;0;0;0;0;0;0;0;0;0;0;0;0;0;0;0;0;0;0;2590;202;202;202;202;202;202;202;202;202;202;202;202;202;202;202;202;202;202;202;202;202;202;202;2590;0;0;0;0;0;0;0;0;0;2646;1162;0;0;0;0;0;3002;1162;0;0;0;0;0;0;0;0;0;998;2590;2590;2590;2590;998;0;998;2590;2590;2590;2590;998;0;0;0;
1008;1008;1008;1008;102;0;0;0;0;0;0;0;0;0;0;0;0;0;0;0;1450;1450;0;0;0;0;0;0;0;0;3078;2590;2590;202;202;202;202;202;202;202;202;202;202;202;202;202;202;202;202;202;202;202;202;202;202;202;2590;2590;3078;0;0;0;0;0;0;0;998;2590;998;202;998;998;998;998;2590;998;0;0;0;0;0;0;0;0;0;0;0;0;0;0;0;0;0;0;0;0;0;0;0;0;
1008;1008;1008;1008;0;0;0;0;1450;1450;20;1450;1450;658;12;0;0;0;0;1450;2590;2590;1450;0;0;0;0;0;0;3078;2590;2590;202;202;202;202;202;202;202;202;202;202;202;202;202;202;202;202;202;202;202;202;202;202;202;202;202;2590;2590;3078;0;0;0;0;0;0;0;1162;0;0;0;0;0;0;1162;0;0;0;0;0;0;1240;0;0;0;954;986;0;1240;0;0;0;696;986;0;1240;0;0;0;0;
1008;1008;1008;1008;0;0;0;0;2590;2590;2590;2590;2590;2590;2590;0;0;0;0;2590;2590;2590;2590;0;0;0;0;0;3078;2590;2590;202;202;202;202;202;202;202;202;202;202;202;202;202;202;202;202;202;202;202;202;202;202;202;202;202;202;202;2590;2590;3078;0;0;0;0;0;998;2590;998;0;998;998;998;998;2590;998;0;0;2590;204;2946;2590;0;0;0;0;204;0;116;0;0;0;2590;204;2946;2590;0;0;0;0;
1008;1008;1008;1008;102;0;0;0;1162;0;20;3316;202;0;1162;0;0;0;1450;1162;218;1256;1162;1450;0;0;0;0;2590;2590;202;202;202;202;202;202;202;202;202;202;202;202;202;202;202;202;202;202;202;202;202;202;202;202;202;202;202;202;202;2590;2590;0;0;0;0;0;0;1162;0;1422;0;2452;952;0;1162;0;0;0;1162;2646;986;1162;20;0;0;0;0;0;0;0;0;0;1162;2646;0;1162;20;0;0;0;
1008;1008;1008;1008;0;0;0;998;2590;2590;2590;2590;2590;2590;2590;998;0;0;102;2590;2590;2590;2590;102;0;0;0;0;2590;2590;2590;2590;2590;2590;2590;2590;2590;2590;2590;2590;2590;2590;2590;2590;2590;2590;2590;2590;2590;2590;2590;2590;2590;2590;2590;2590;2590;2590;2590;2590;2590;0;0;0;0;0;998;2590;2590;2590;2590;2590;2590;2590;2590;998;0;998;2590;2590;2590;2590;998;0;0;0;0;0;0;0;0;998;2590;2590;2590;2590;998;0;0;0;
166;166;166;166;0;0;0;0;0;0;0;0;0;0;0;0;0;0;0;0;0;0;0;0;0;0;0;0;3002;0;0;0;0;0;3002;0;0;0;0;0;0;0;0;0;0;0;0;0;0;0;0;0;0;3002;0;0;0;0;0;0;0;0;0;0;0;0;0;1162;0;0;0;0;0;0;1162;0;0;0;0;0;0;0;0;0;0;0;0;0;0;0;0;0;340;0;0;0;0;0;0;0;
166;30;1682;1162;0;0;410;30;0;2978;2978;2978;2978;0;986;0;2978;2978;2978;2978;12;0;0;2978;2978;2978;2978;0;0;0;2978;2978;2978;2978;0;0;0;2978;2978;2978;2978;0;0;0;2978;2978;2978;2978;0;0;0;2978;2978;2978;2978;0;0;0;0;0;0;0;0;0;0;0;1162;0;0;0;0;0;0;0;0;1162;0;0;0;0;0;0;3002;0;0;0;0;0;0;0;0;0;30;410;0;0;0;0;0;0;
166;2590;2590;2590;2590;1162;2590;2590;2590;2946;2946;2946;2946;2590;2590;2590;2946;2946;2946;2946;2590;2590;2590;2946;2946;2946;2946;2590;2590;2590;2946;2946;2946;2946;2590;2590;2590;2946;2946;2946;2946;2590;2590;2590;2946;2946;2946;2946;2590;2590;2590;2946;2946;2946;2946;2590;2590;2590;2946;2946;2946;2946;2590;2590;2590;2946;2946;2946;2946;2590;2590;2590;2946;2946;2946;2946;2590;2590;2590;2946;2946;2946;2946;2590;2590;2590;2946;2946;2946;2946;2590;2590;2590;2590;1162;2590;2590;2590;2590;2590;
166;1422;1422;1162;1008;0;410;1162;12;1162;3044;3044;3044;3044;3044;3044;3044;3044;3044;3044;3044;3044;3044;3044;3044;3044;3044;3044;3044;3044;3044;3044;3044;3044;3044;3044;3044;3044;3044;3044;3044;3044;3044;3044;3044;3044;3044;3044;3044;3044;3044;1008;1008;1008;1008;1008;1008;1008;1008;1008;1008;1008;1008;1008;1008;1008;1008;1008;1008;1008;1008;1008;1008;1008;1008;1008;1008;1008;1008;1008;1008;1008;1008;1008;1008;1008;1008;1008;1008;1008;1162;12;1162;0;0;2978;1162;1422;1422;166;
166;166;166;166;102;0;102;166;1162;166;166;166;166;166;166;166;166;166;166;166;166;166;166;166;166;166;166;166;166;166;166;166;166;166;166;166;166;166;166;166;166;166;166;166;166;166;166;166;166;166;166;166;166;166;166;166;166;166;166;166;166;166;166;166;166;166;166;166;166;166;166;166;166;166;166;166;166;166;166;166;166;166;166;166;166;166;166;166;166;166;166;1162;166;102;0;102;166;166;166;166;
166;1422;1422;1162;1008;102;340;206;0;0;0;0;0;0;0;0;0;0;0;0;0;0;0;0;0;0;0;0;0;0;0;0;0;0;0;0;0;0;0;0;0;0;0;0;0;0;0;0;0;0;0;0;0;0;0;0;0;0;0;0;0;0;0;0;0;0;0;0;0;0;0;0;0;0;0;0;0;0;0;0;0;0;0;0;0;0;0;0;0;0;0;0;1162;340;0;0;1162;1422;1422;166;
166;166;166;166;102;0;0;2978;166;440;440;440;440;440;440;440;440;440;440;440;440;440;440;440;440;440;440;440;440;440;440;440;440;440;440;440;440;440;440;440;440;440;440;440;440;440;440;440;440;440;440;440;440;440;440;440;440;440;440;440;440;440;440;440;440;440;440;440;440;440;440;440;440;440;440;440;440;440;440;440;440;440;440;440;440;440;440;440;440;440;440;440;166;102;0;102;166;166;166;166;
166;1422;1422;1162;0;0;0;0;0;0;0;0;0;0;0;0;0;0;0;0;0;0;0;0;0;0;0;0;0;0;0;0;0;0;0;0;0;0;0;0;0;0;0;0;0;0;0;0;0;0;0;0;0;0;0;0;0;0;0;0;0;0;0;0;0;0;0;0;0;0;0;0;0;0;0;0;0;0;0;0;0;0;0;0;0;0;0;0;0;0;0;0;0;0;0;0;1162;1422;1422;166;
166;166;166;166;102;0;102;166;1162;166;166;166;166;166;166;166;166;166;166;166;166;166;166;166;166;166;166;166;166;166;166;166;166;166;166;166;166;166;166;166;166;166;166;166;166;166;166;166;166;166;166;166;166;166;166;166;166;166;166;166;166;166;166;166;166;166;166;166;166;166;166;166;166;166;166;166;166;166;166;166;166;166;166;166;166;166;166;166;166;166;166;166;166;102;0;102;166;166;166;166;
166;1422;1422;1162;0;0;0;206;0;0;0;0;0;0;0;0;0;0;0;0;0;0;0;0;0;0;0;0;0;0;0;0;0;0;0;0;0;0;0;0;0;0;0;0;0;0;0;0;0;0;0;0;0;0;0;0;0;0;0;0;0;0;0;0;0;0;0;0;0;0;0;0;0;0;0;0;0;0;0;0;0;0;0;0;0;0;0;0;0;0;0;0;1162;0;0;0;1162;0;0;166;
166;166;166;166;102;0;0;166;166;440;440;440;440;440;440;440;440;440;440;440;440;440;440;440;440;440;440;440;440;440;440;440;440;440;440;440;440;440;440;440;440;440;440;440;440;440;440;440;440;440;440;440;440;440;440;440;440;440;440;440;440;440;440;440;440;440;440;440;440;440;440;440;440;440;440;440;440;440;440;440;440;440;440;440;440;440;440;440;440;440;440;440;166;102;0;102;166;166;166;166;
166;1422;1422;1162;0;0;0;0;0;0;0;0;0;0;0;0;0;0;0;0;0;0;0;0;0;0;0;0;0;0;0;0;0;0;0;0;0;0;0;0;0;0;0;0;0;0;0;0;0;0;0;0;0;0;0;0;0;0;0;0;0;0;0;0;0;0;0;0;0;0;0;0;0;0;0;0;0;0;0;0;0;0;0;0;0;0;0;0;0;0;0;0;0;0;0;0;1162;0;0;166;
166;166;166;166;102;0;102;166;1162;166;166;166;166;166;166;166;166;166;166;166;166;166;166;166;166;166;166;166;166;166;166;166;166;166;166;166;166;166;166;166;166;166;166;166;166;166;166;166;166;166;166;166;166;166;166;166;166;166;166;166;166;166;166;166;166;166;166;166;166;166;166;166;166;166;166;166;166;166;166;166;166;166;166;166;166;166;166;166;166;166;166;166;166;102;0;102;166;166;166;166;
166;1422;1422;1162;0;0;0;206;0;0;0;0;0;0;0;0;0;0;0;0;0;0;0;0;0;0;0;0;0;0;0;0;0;0;0;0;0;0;0;0;0;0;0;0;0;0;0;0;0;0;0;0;0;0;0;0;0;0;0;0;0;0;0;0;0;0;0;0;0;0;0;0;0;0;0;0;0;0;0;0;0;0;0;0;0;0;0;0;0;0;0;0;1162;0;0;0;1162;1422;1422;166;
166;166;166;166;102;0;0;166;166;440;440;440;440;440;440;440;440;440;440;440;440;440;440;440;440;440;440;440;440;440;440;440;440;440;440;440;440;440;440;440;440;440;440;440;440;440;440;440;440;440;440;440;440;440;440;440;440;440;440;440;440;440;440;440;440;440;440;440;440;440;440;440;440;440;440;440;440;440;440;440;440;440;440;440;440;440;440;440;440;440;440;440;166;102;0;102;166;166;166;166;
166;1422;1422;1162;0;0;0;0;0;0;0;0;0;0;0;0;0;0;0;0;0;0;0;0;0;0;0;0;0;0;0;0;0;0;0;0;0;0;0;0;0;0;0;0;0;0;0;0;0;0;0;0;0;0;0;0;0;0;0;0;0;0;0;0;0;0;0;0;0;0;0;0;0;0;0;0;0;0;0;0;0;0;0;0;0;0;0;0;0;0;0;0;0;0;0;0;1162;0;0;166;
166;166;166;166;102;0;102;166;1162;166;166;166;166;166;166;166;166;166;166;166;166;166;166;166;166;166;166;166;166;166;166;166;166;166;166;166;166;166;166;166;166;166;166;166;166;166;166;166;166;166;166;166;166;166;166;166;166;166;166;166;166;166;166;166;166;166;166;166;166;166;166;166;166;166;166;166;166;166;166;166;166;166;166;166;166;166;166;166;166;166;166;166;166;102;0;102;166;166;166;166;
166;1436;0;1162;0;0;0;206;0;0;0;0;0;0;0;0;0;0;0;0;0;0;0;0;0;0;0;0;0;0;0;0;0;0;0;0;0;0;0;0;0;0;0;0;0;0;0;0;0;0;0;0;0;0;0;0;0;0;0;0;0;0;0;0;0;0;0;0;0;0;0;0;0;0;0;0;0;0;0;0;0;0;0;0;0;0;0;0;0;0;0;0;1162;0;0;0;1162;0;0;166;
166;166;166;166;102;224;224;166;166;440;440;440;440;440;440;440;440;440;440;440;440;440;440;440;440;440;440;440;440;440;440;440;440;440;440;440;440;440;440;440;440;440;440;440;440;440;440;440;440;440;440;440;440;440;440;440;440;440;440;440;440;440;440;440;440;440;440;440;440;440;440;440;440;440;440;440;440;440;440;440;440;440;440;440;440;440;440;440;440;440;440;440;166;102;224;102;166;166;166;166;
166;0;0;224;0;0;0;3044;3044;3044;3044;3044;3044;3044;3044;3044;3044;3044;3044;3044;3044;3044;3044;3044;3044;3044;3044;3044;3044;3044;3044;3044;3044;3044;3044;3044;3044;3044;3044;3044;3044;3044;3044;3044;3044;3044;3044;3044;3044;3044;3044;3044;3044;3044;3044;3044;3044;3044;3044;3044;3044;3044;3044;3044;3044;3044;3044;3044;3044;3044;3044;3044;3044;3044;3044;3044;3044;3044;3044;3044;3044;3044;3044;3044;3044;3044;3044;3044;3044;3044;3044;3044;3044;0;0;0;1162;0;0;166;
242;166;166;166;166;166;166;166;166;166;166;166;166;166;166;166;166;166;166;166;166;166;166;166;166;166;166;166;166;166;166;166;166;166;166;166;166;166;166;166;166;166;166;166;166;166;166;166;166;166;166;166;166;166;166;166;166;166;166;166;166;166;166;166;166;166;166;166;166;166;166;166;166;166;166;166;166;166;166;166;166;166;166;166;166;166;166;166;166;166;166;166;166;166;166;166;166;166;166;166;
8;8;8;8;8;8;8;8;8;8;8;8;8;8;8;8;8;8;8;8;8;8;8;8;8;8;8;8;8;8;8;8;8;8;8;8;8;8;8;8;8;8;8;8;8;8;8;8;8;8;8;8;8;8;8;8;8;8;8;8;8;8;8;8;8;8;8;8;8;8;8;8;8;8;8;8;8;8;8;8;8;8;8;8;8;8;8;8;8;8;8;8;8;8;8;8;8;8;8;8;
8;8;8;8;8;8;8;8;8;8;8;8;8;8;8;8;8;8;8;8;8;8;8;8;8;8;8;8;8;8;8;8;8;8;8;8;8;8;8;8;8;8;8;8;8;8;8;8;8;8;8;8;8;8;8;8;8;8;8;8;8;8;8;8;8;8;8;8;8;8;8;8;8;8;8;8;8;8;8;8;8;8;8;8;8;8;8;8;8;8;8;8;8;8;8;8;8;8;8;8;
8;8;8;8;8;8;8;8;8;8;8;8;8;8;8;8;8;8;8;8;8;8;8;8;8;8;8;8;8;8;8;8;8;8;8;8;8;8;8;8;8;8;8;8;8;8;8;8;8;8;8;8;8;8;8;8;8;8;8;8;8;8;8;8;8;8;8;8;8;8;8;8;8;8;8;8;8;8;8;8;8;8;8;8;8;8;8;8;8;8;8;8;8;8;8;8;8;8;8;8;
8;8;8;8;8;8;8;8;8;8;8;8;8;8;8;8;8;8;8;8;8;8;8;8;8;8;8;8;8;8;8;8;8;8;8;8;8;8;8;8;8;8;8;8;8;8;8;8;8;8;8;8;8;8;8;8;8;8;8;8;8;8;8;8;8;8;8;8;8;8;8;8;8;8;8;8;8;8;8;8;8;8;8;8;8;8;8;8;8;8;8;8;8;8;8;8;8;8;8;8;
8;8;8;8;8;8;8;8;8;8;8;8;8;8;8;8;8;8;8;8;8;8;8;8;8;8;8;8;8;8;8;8;8;8;8;8;8;8;8;8;8;8;8;8;8;8;8;8;8;8;8;8;8;8;8;8;8;8;8;8;8;8;8;8;8;8;8;8;8;8;8;8;8;8;8;8;8;8;8;8;8;8;8;8;8;8;8;8;8;8;8;8;8;8;8;8;8;8;8;8;
8;8;8;8;8;8;8;8;8;8;8;8;8;8;8;8;8;8;8;8;8;8;8;8;8;8;8;8;8;8;8;8;8;8;8;8;8;8;8;8;8;8;8;8;8;8;8;8;8;8;8;8;8;8;8;8;8;8;8;8;8;8;8;8;8;8;8;8;8;8;8;8;8;8;8;8;8;8;8;8;8;8;8;8;8;8;8;8;8;8;8;8;8;8;8;8;8;8;8;8;
