382;934;0;0;0;0;0;0;0;0;0;0;0;0;0;0;0;0;0;0;0;0;0;0;0;0;0;0;0;0;0;0;0;0;0;0;0;0;0;0;0;0;0;0;0;0;0;0;0;0;0;0;0;0;0;0;0;0;0;0;0;0;0;0;0;0;0;0;0;0;0;0;0;0;0;0;0;0;0;0;0;0;0;0;0;0;0;0;0;0;0;0;0;0;0;0;0;0;0;382;
0;0;0;0;0;0;0;0;0;0;0;0;0;0;0;0;0;0;0;0;0;0;0;0;0;0;0;0;0;0;0;0;0;0;0;0;0;0;0;0;0;0;0;0;0;0;0;0;0;0;0;0;0;0;0;0;0;0;0;0;0;0;0;0;0;0;0;0;0;0;0;0;0;0;0;0;0;0;0;0;0;0;0;0;0;0;0;0;0;0;0;0;0;0;0;0;0;0;0;0;
0;0;0;0;0;0;0;0;0;0;0;0;0;0;0;0;0;0;0;0;0;0;0;0;0;0;0;0;0;0;0;0;0;0;0;0;0;0;0;0;0;0;0;0;0;0;0;0;0;0;0;0;0;0;0;0;0;0;0;0;0;0;0;0;0;0;0;0;0;0;0;0;0;0;0;0;0;0;0;0;0;0;0;0;0;0;0;0;0;0;0;0;0;0;0;0;0;0;0;0;
224;102;102;102;102;102;102;102;102;102;102;102;102;102;102;102;102;102;102;102;102;102;102;102;102;102;102;102;102;102;102;102;102;102;102;102;102;102;102;102;102;102;102;102;102;102;102;102;102;102;102;102;102;102;102;102;102;102;102;102;102;102;102;102;102;102;102;102;102;102;102;102;102;102;102;102;102;102;102;102;102;102;102;102;102;102;102;102;102;102;102;102;102;102;102;102;102;102;102;224;
0;0;0;0;0;0;0;0;0;0;0;0;0;0;0;0;0;0;0;0;0;0;0;0;0;0;0;0;0;0;0;0;0;0;0;0;0;0;0;0;0;0;0;0;0;0;0;0;0;0;0;0;0;0;0;0;0;0;0;0;0;0;0;0;0;0;0;0;0;0;0;0;0;0;0;0;0;0;0;0;0;0;0;0;0;0;0;0;0;0;0;0;0;0;0;0;0;0;0;0;
224;102;102;102;102;102;102;102;102;102;102;102;102;102;102;102;102;102;102;102;102;102;102;102;102;102;102;102;102;102;102;102;102;102;102;102;102;102;102;102;102;102;102;102;102;102;102;102;102;102;102;102;102;102;102;102;102;102;102;102;102;102;102;102;102;102;102;102;102;102;102;102;102;102;102;102;102;102;102;102;102;102;102;102;102;102;102;102;102;102;102;102;102;102;102;102;102;102;102;224;
0;0;0;0;0;0;0;0;0;0;0;0;0;0;0;0;0;0;0;0;0;0;0;0;0;0;0;0;0;0;0;0;0;0;0;0;0;0;0;0;0;0;0;0;0;0;0;0;0;0;0;0;0;0;0;0;0;0;0;0;0;0;0;0;0;0;0;0;0;0;0;0;0;0;0;0;0;0;0;0;0;0;0;0;0;0;0;0;0;0;0;0;0;0;0;0;0;0;0;0;
224;102;102;102;102;102;102;102;102;102;102;102;102;102;102;102;102;102;102;102;102;102;102;102;102;102;102;102;102;102;102;102;102;102;102;102;102;102;102;102;102;102;102;102;102;102;102;102;102;102;102;102;102;102;102;102;102;102;102;102;102;102;102;102;102;102;102;102;102;102;102;102;102;102;102;102;102;102;102;102;102;102;102;102;102;102;102;102;102;102;102;102;102;102;102;102;102;102;102;224;
0;0;0;0;0;0;0;0;0;0;0;0;0;0;0;0;0;0;0;0;0;0;0;0;0;0;0;0;0;0;0;0;0;0;0;0;0;0;0;0;0;0;0;0;0;0;0;0;0;0;0;0;0;0;0;0;0;0;0;0;0;0;0;0;0;0;0;0;0;0;0;0;0;0;0;0;0;0;0;0;0;0;0;0;0;0;0;0;0;0;0;0;0;0;0;0;0;0;0;0;
224;102;102;102;102;102;102;102;102;102;102;102;102;102;102;102;102;102;102;102;102;102;102;102;102;102;102;102;102;102;102;102;102;102;102;102;102;102;102;102;102;102;102;102;102;102;102;102;102;102;102;102;102;102;102;102;102;102;102;102;102;102;102;102;102;102;102;102;102;102;102;102;102;102;102;102;102;102;102;102;102;102;102;102;102;102;102;102;102;102;102;102;102;102;102;102;102;102;102;224;
0;0;0;0;0;0;0;0;0;0;0;0;0;0;0;0;0;0;0;0;0;0;0;0;0;0;0;0;0;0;0;0;0;0;0;0;0;0;0;0;0;0;0;0;0;0;0;0;0;0;0;0;0;0;0;0;0;0;0;0;0;0;0;0;0;0;0;0;0;0;0;0;0;0;0;0;0;0;0;0;0;0;0;0;0;0;0;0;0;0;0;0;0;0;0;0;0;0;0;0;
224;102;102;102;102;102;102;102;102;102;102;102;102;102;102;102;102;102;102;102;102;102;102;102;102;102;102;102;102;102;102;102;102;102;102;102;102;102;102;102;102;102;102;102;102;102;102;102;102;102;102;102;102;102;102;102;102;102;102;102;102;102;102;102;102;102;102;102;102;102;102;102;102;102;102;102;102;102;102;102;102;102;102;102;102;102;102;102;102;102;102;102;102;102;102;102;102;102;102;224;
0;0;0;0;0;0;0;0;0;0;0;0;0;0;0;0;0;0;0;0;0;0;0;0;0;0;0;0;0;0;0;0;0;0;0;0;0;0;0;0;0;0;0;0;0;0;0;0;0;0;0;0;0;0;0;0;0;0;0;0;0;0;0;0;0;0;0;0;0;0;0;0;0;0;0;0;0;0;0;0;0;0;0;0;0;0;0;0;0;0;0;0;0;0;0;0;0;0;0;0;
224;102;102;102;102;102;102;102;102;102;102;102;102;102;102;102;102;102;102;102;102;102;102;102;102;102;102;102;102;102;102;102;102;102;102;102;102;102;102;102;102;102;102;102;102;102;102;102;102;102;102;102;102;102;102;102;102;102;102;102;102;102;102;102;102;102;102;102;102;102;102;102;102;102;102;102;102;102;102;102;102;102;102;102;102;102;102;102;102;102;102;102;102;102;102;102;102;102;102;224;
0;0;0;0;0;0;0;0;0;0;0;0;0;0;0;0;0;0;0;0;0;0;0;0;0;0;0;0;0;0;0;0;0;0;0;0;0;0;0;0;0;0;0;0;0;0;0;0;0;0;0;0;0;0;0;0;0;0;0;0;0;0;0;0;0;0;0;0;0;0;0;0;0;0;0;0;0;0;0;0;0;0;0;0;0;0;0;0;0;0;0;0;0;0;0;0;0;0;0;0;
224;102;102;102;102;102;102;102;102;102;102;102;102;102;102;102;102;102;102;102;102;102;102;102;102;102;102;102;102;102;102;102;102;102;102;102;102;102;102;102;102;102;102;102;102;102;102;102;102;102;102;102;102;102;102;102;102;102;102;102;102;102;102;102;102;102;102;102;102;102;102;102;102;102;102;102;102;102;102;102;102;102;102;102;102;102;102;102;102;102;102;102;102;102;102;102;102;102;102;224;
0;0;0;0;0;0;0;0;0;0;0;0;0;0;0;0;0;0;0;0;0;0;0;0;0;0;0;0;0;0;0;0;0;0;0;0;0;0;0;0;0;0;0;0;0;0;0;0;0;0;0;0;0;0;0;0;0;0;0;0;0;0;0;0;0;0;0;0;0;0;0;0;0;0;0;0;0;0;0;0;0;0;0;0;0;0;0;0;0;0;0;0;0;0;0;0;0;0;0;0;
224;102;102;102;102;102;102;102;102;102;102;102;102;102;102;102;102;102;102;102;102;102;102;102;102;102;102;102;102;102;102;102;102;102;102;102;102;102;102;102;102;102;102;102;102;102;102;102;102;102;102;102;102;102;102;102;102;102;102;102;102;102;102;102;102;102;102;102;102;102;102;102;102;102;102;102;102;102;102;102;102;102;102;102;102;102;102;102;102;102;102;102;102;102;102;102;102;102;102;224;
0;0;0;0;0;0;0;0;0;0;0;0;0;0;0;0;0;0;0;0;0;0;0;0;0;0;0;0;0;0;0;0;0;0;0;0;0;0;0;0;0;0;0;0;0;0;0;0;0;0;0;0;0;0;0;0;0;0;0;0;0;0;0;0;0;0;0;0;0;0;0;0;0;0;0;0;0;0;0;0;0;0;0;0;0;0;0;0;0;0;0;0;0;0;0;0;0;0;0;0;
224;102;102;102;102;102;102;102;102;102;102;102;102;102;102;102;102;102;102;102;102;102;102;102;102;102;102;102;102;102;102;102;102;102;102;102;102;102;102;102;102;102;102;102;102;102;102;102;102;102;102;102;102;102;102;102;102;102;102;102;102;102;102;102;102;102;102;102;102;102;102;102;102;102;102;102;102;102;102;102;102;102;102;102;102;102;102;102;102;102;102;102;102;102;102;102;102;102;102;224;
0;0;0;0;0;0;0;0;0;0;0;0;0;0;0;0;0;0;0;0;0;0;0;0;0;0;0;0;0;0;0;0;0;0;0;0;0;0;0;0;0;0;0;0;0;0;0;0;0;0;0;0;0;0;0;0;0;0;0;0;0;0;0;0;0;0;0;0;0;0;0;0;0;0;0;0;0;0;0;0;0;0;0;0;0;0;0;0;0;0;0;0;0;0;0;0;0;0;0;0;
224;102;102;102;102;102;102;102;102;102;102;102;102;102;102;102;102;102;102;102;102;102;102;102;102;102;102;102;102;102;102;102;102;102;102;102;102;102;102;102;102;102;102;102;102;102;102;102;102;102;102;102;102;102;102;102;102;102;102;102;102;102;102;102;102;102;102;102;102;102;102;102;102;102;102;102;102;102;102;102;102;102;102;102;102;102;102;102;102;102;102;102;102;102;102;102;102;102;102;224;
0;0;0;0;0;0;0;0;0;0;0;0;0;0;0;0;0;0;0;0;0;0;0;0;0;0;0;0;0;0;0;0;0;0;0;0;0;0;0;0;0;0;0;0;0;0;0;0;0;0;0;0;0;0;0;0;0;0;0;0;0;0;0;0;0;0;0;0;0;0;0;0;0;0;0;0;0;0;0;0;0;0;0;0;0;0;0;0;0;0;0;0;0;0;0;0;0;0;0;0;
224;102;102;102;102;102;102;102;102;102;102;102;102;102;102;102;102;102;102;102;102;102;102;102;102;102;102;102;102;102;102;102;102;102;102;102;102;102;102;102;102;102;102;102;102;102;102;102;102;102;102;102;102;102;102;102;102;102;102;102;102;102;102;102;102;102;102;102;102;102;102;102;102;102;102;102;102;102;102;102;102;102;102;102;102;102;102;102;102;102;102;102;102;102;102;102;102;102;102;224;
0;0;0;0;0;0;0;0;0;0;0;0;0;0;0;0;0;0;0;0;0;0;0;0;0;0;0;0;0;0;0;0;0;0;0;0;0;0;0;0;0;0;0;0;0;0;0;0;0;0;0;0;0;0;0;0;0;0;0;0;0;0;0;0;0;0;0;0;0;0;0;0;0;0;0;0;0;0;0;0;0;0;0;0;0;0;0;0;0;0;0;0;0;0;0;0;0;0;0;0;
224;102;102;102;102;102;102;102;102;102;102;102;102;102;102;102;102;102;102;102;102;102;102;102;102;102;102;102;102;102;102;102;102;102;102;102;102;102;102;102;102;102;102;102;102;102;102;102;102;102;102;102;102;102;102;102;102;102;102;102;102;102;102;102;102;102;102;102;102;102;102;102;102;102;102;102;102;102;102;102;102;102;102;102;102;102;102;102;102;102;102;102;102;102;102;102;102;102;102;224;
0;0;0;0;0;0;0;0;0;0;0;0;0;0;0;0;0;0;0;0;0;0;0;0;0;0;0;0;0;0;0;0;0;0;0;0;0;0;0;0;0;0;0;0;0;0;0;0;0;0;0;0;0;0;0;0;0;0;0;0;0;0;0;0;0;0;0;0;0;0;0;0;0;0;0;0;0;0;0;0;0;0;0;0;0;0;0;0;0;0;0;0;0;0;0;0;0;0;0;0;
224;102;102;102;102;102;102;102;102;102;102;102;102;102;102;102;102;102;102;102;102;102;102;102;102;102;102;102;102;102;102;102;102;102;102;102;102;102;102;102;102;102;102;102;102;102;102;102;102;102;102;102;102;102;102;102;102;102;102;102;102;102;102;102;102;102;102;102;102;102;102;102;102;102;102;102;102;102;102;102;102;102;102;102;102;102;102;102;102;102;102;102;102;102;102;102;102;102;102;224;
0;0;0;0;0;0;0;0;0;0;0;0;0;0;0;0;0;0;0;0;0;0;0;0;0;0;0;0;0;0;0;0;0;0;0;0;0;0;0;0;0;0;0;0;0;0;0;0;0;0;0;0;0;0;0;0;0;0;0;0;0;0;0;0;0;0;0;0;0;0;0;0;0;0;0;0;0;0;0;0;0;0;0;0;0;0;0;0;0;0;0;0;0;0;0;0;0;0;0;0;
224;102;102;102;102;102;102;102;102;102;102;102;102;102;102;102;102;102;102;102;102;102;102;102;102;102;102;102;102;102;102;102;102;102;102;102;102;102;102;102;102;102;102;102;102;102;102;102;102;102;102;102;102;102;102;102;102;102;102;102;102;102;102;102;102;102;102;102;102;102;102;102;102;102;102;102;102;102;102;102;102;102;102;102;102;102;102;102;102;102;102;102;102;102;102;102;102;102;102;224;
0;0;0;0;0;0;0;0;0;0;0;0;0;0;0;0;0;0;0;0;0;0;0;0;0;0;0;0;0;0;0;0;0;0;0;0;0;0;0;0;0;0;0;0;0;0;0;0;0;0;0;0;0;0;0;0;0;0;0;0;0;0;0;0;0;0;0;0;0;0;0;0;0;0;0;0;0;0;0;0;0;0;0;0;0;0;0;0;0;0;0;0;0;0;0;0;0;0;0;0;
224;102;102;102;102;102;102;102;102;102;102;102;102;102;102;102;102;102;102;102;102;102;102;102;102;102;102;102;102;102;102;102;102;102;102;102;102;102;102;102;102;102;102;102;102;102;102;102;102;102;102;102;102;102;102;102;102;102;102;102;102;102;102;102;102;102;102;102;102;102;102;102;102;102;102;102;102;102;102;102;102;102;102;102;102;102;102;102;102;102;102;102;102;102;102;102;102;102;102;224;
0;0;0;0;0;0;0;0;0;0;0;0;0;0;0;0;0;0;0;0;0;0;0;0;0;0;0;0;0;0;0;0;0;0;0;0;0;0;0;0;0;0;0;0;0;0;0;0;0;0;0;0;0;0;0;0;0;0;0;0;0;0;0;0;0;0;0;0;0;0;0;0;0;0;0;0;0;0;0;0;0;0;0;0;0;0;0;0;0;0;0;0;0;0;0;0;0;0;0;0;
224;102;102;102;102;102;102;102;102;102;102;102;102;102;102;102;102;102;102;102;102;102;102;102;102;102;102;102;102;102;102;102;102;102;102;102;102;102;102;102;102;102;102;102;102;102;102;102;102;102;102;102;102;102;102;102;102;102;102;102;102;102;102;102;102;102;102;102;102;102;102;102;102;102;102;102;102;102;102;102;102;102;102;102;102;102;102;102;102;102;102;102;102;102;102;102;102;102;102;224;
0;0;0;0;0;0;0;0;0;0;0;0;0;0;0;0;0;0;0;0;0;0;0;0;0;0;0;0;0;0;0;0;0;0;0;0;0;0;0;0;0;0;0;0;0;0;0;0;0;0;0;0;0;0;0;0;0;0;0;0;0;0;0;0;0;0;0;0;0;0;0;0;0;0;0;0;0;0;0;0;0;0;0;0;0;0;0;0;0;0;0;0;0;0;0;0;0;0;0;0;
224;102;102;102;102;102;102;102;102;102;102;102;102;102;102;102;102;102;102;102;102;102;102;102;102;102;102;102;102;102;102;102;102;102;102;102;102;102;102;102;102;102;102;102;102;102;102;102;102;102;102;102;102;102;102;102;102;102;102;102;102;102;102;102;102;102;102;102;102;102;102;102;102;102;102;102;102;102;102;102;102;102;102;102;102;102;102;102;102;102;102;102;102;102;102;102;102;102;102;224;
0;309;309;309;309;309;309;309;309;1421;1421;1421;1421;999;1421;1421;1421;1647;1647;3479;3479;3479;3479;3479;3479;3479;3479;3479;3479;3479;3479;3479;3479;3479;3479;3479;3479;3479;3479;3479;0;0;0;0;0;0;0;0;0;0;0;0;0;0;0;0;0;0;0;0;0;0;0;0;0;0;0;0;0;0;0;0;0;0;0;0;0;0;0;0;0;0;0;0;0;0;0;0;0;0;0;0;0;0;0;0;0;0;0;0;
224;102;102;102;102;102;102;102;102;102;102;102;102;102;102;102;102;102;102;102;102;102;102;102;102;102;102;102;102;102;102;102;102;102;102;102;102;102;102;102;102;102;102;102;102;102;102;102;102;102;102;102;102;102;102;102;102;102;102;102;102;102;102;102;102;102;102;102;102;102;102;102;102;102;102;102;102;102;102;102;102;102;102;102;102;102;102;102;102;102;102;102;102;102;102;102;102;102;102;224;
0;0;0;0;0;0;0;0;0;0;0;0;0;0;0;0;0;0;0;0;0;0;0;0;0;0;0;0;0;0;0;0;0;0;0;0;0;0;0;0;0;0;0;0;0;0;0;0;0;0;0;0;0;0;0;0;0;0;0;0;0;0;0;0;0;0;0;0;0;0;0;0;0;0;0;0;0;0;0;0;0;0;0;0;0;0;0;0;0;0;0;0;0;0;0;0;0;0;0;0;
224;102;102;102;102;102;102;102;102;102;102;102;102;102;102;102;102;102;102;102;102;102;102;102;102;102;102;102;102;102;102;102;102;102;102;102;102;102;102;102;102;102;102;102;102;102;102;102;102;102;102;102;102;102;102;102;102;102;102;102;102;102;102;102;102;102;102;102;102;102;102;102;102;102;102;102;102;102;102;102;102;102;102;102;102;102;102;102;102;102;102;102;102;102;102;102;102;102;102;224;
0;0;0;0;0;0;0;0;0;0;0;0;0;0;0;0;0;0;0;0;0;0;0;0;0;0;0;0;0;0;0;0;0;0;0;0;0;0;0;0;0;0;0;0;0;0;0;0;0;0;0;0;0;0;0;0;0;0;0;0;0;0;0;0;0;0;0;0;0;0;0;0;0;0;0;0;0;0;0;0;0;0;0;0;0;0;0;0;0;0;0;0;0;0;0;0;0;0;0;0;
224;102;102;102;102;102;102;102;102;102;102;102;102;102;102;102;102;102;102;102;102;102;102;102;102;102;102;102;102;102;102;102;102;102;102;102;102;102;102;102;102;102;102;102;102;102;102;102;102;102;102;102;102;102;102;102;102;102;102;102;102;102;102;102;102;102;102;102;102;102;102;102;102;102;102;102;102;102;102;102;102;102;102;102;102;102;102;102;102;102;102;102;102;102;102;102;102;102;102;224;
0;0;0;0;0;0;0;0;0;0;0;0;0;0;0;0;0;0;0;0;0;0;0;0;0;0;0;0;0;0;0;0;0;0;0;0;0;0;0;0;0;0;0;0;0;0;0;0;0;0;0;0;0;0;0;0;0;0;0;0;0;0;0;0;0;0;0;0;0;0;0;0;0;0;0;0;0;0;0;0;0;0;0;0;0;0;0;0;0;0;0;0;0;0;0;0;0;0;0;0;
224;102;102;102;102;102;102;102;102;102;102;102;102;102;102;102;102;102;102;102;102;102;102;102;102;102;102;102;102;102;102;102;102;102;102;102;102;102;102;102;102;102;102;102;102;102;102;102;102;102;102;102;102;102;102;102;102;102;102;102;102;102;102;102;102;102;102;102;102;102;102;102;102;102;102;102;102;102;102;102;102;102;102;102;102;102;102;102;102;102;102;102;102;102;102;102;102;102;102;224;
0;0;0;0;0;0;0;0;0;0;0;0;0;0;0;0;0;0;0;0;0;0;0;0;0;0;0;0;0;0;0;0;0;0;0;0;0;0;0;0;0;0;0;0;0;0;0;0;0;0;0;0;0;0;0;0;0;0;0;0;0;0;0;0;0;0;0;0;0;0;0;0;0;0;0;0;0;0;0;0;0;0;0;0;0;0;0;0;0;0;0;0;0;0;0;0;0;0;0;0;
224;102;102;102;102;102;102;102;102;102;102;102;102;102;102;102;102;102;102;102;102;102;102;102;102;102;102;102;102;102;102;102;102;102;102;102;102;102;102;102;102;102;102;102;102;102;102;102;102;102;102;102;102;102;102;102;102;102;102;102;102;102;102;102;102;102;102;102;102;102;102;102;102;102;102;102;102;102;102;102;102;102;102;102;102;102;102;102;102;102;102;102;102;102;102;102;102;102;102;224;
2011;2011;2011;2011;2011;2011;2011;2011;571;571;571;929;571;999;999;999;999;3063;3063;3063;659;659;659;659;659;659;1101;1101;1101;1101;1101;1101;1101;1101;1101;599;599;599;599;599;599;599;599;599;599;599;597;1531;1531;1531;597;597;2489;2489;2489;1647;1647;1647;1647;1647;1647;1647;115;115;115;115;115;115;115;115;115;115;1451;1451;1451;1451;1451;1451;1451;309;309;309;309;309;309;0;0;0;0;0;0;0;0;0;0;0;0;0;0;1647;
224;102;102;102;102;102;102;102;102;102;102;102;102;102;102;102;102;102;102;102;102;102;102;102;102;102;102;102;102;102;102;102;102;102;102;102;102;102;102;102;102;102;102;102;102;102;102;102;102;102;102;102;102;102;102;102;102;102;102;102;102;102;102;102;102;102;102;102;102;102;102;102;102;102;102;102;102;102;102;102;102;102;102;102;102;102;102;102;102;102;102;102;102;102;102;102;102;102;102;224;
2947;545;659;759;561;561;561;561;561;561;561;561;561;561;561;561;561;561;561;561;561;561;561;561;565;565;1745;1745;1159;1159;1159;1159;1159;1159;1159;1159;1159;1159;1159;1159;1647;1647;999;599;2489;2489;623;623;287;287;287;563;563;563;563;563;563;563;0;563;563;563;563;563;563;563;563;563;563;563;563;563;563;565;1745;565;565;1159;565;565;0;1159;0;0;0;0;0;0;0;0;0;0;0;0;0;0;0;0;0;0;
224;102;102;102;102;102;102;102;102;102;102;102;102;102;102;102;102;102;102;102;102;102;102;102;102;102;102;102;102;102;102;102;102;102;102;102;102;102;102;102;102;102;102;102;102;102;102;102;102;102;102;102;102;102;102;102;102;102;102;102;102;102;102;102;102;102;102;102;102;102;102;102;102;102;102;102;102;102;102;102;102;102;102;102;102;102;102;102;102;102;102;102;102;102;102;102;102;102;102;224;
0;339;2;2;0;0;0;0;0;0;0;0;0;0;0;0;0;0;0;0;0;0;0;0;0;0;0;0;0;0;0;0;0;0;0;0;0;0;0;0;0;0;0;0;0;0;0;0;0;0;0;0;0;0;0;0;0;0;0;0;0;0;0;0;0;0;0;0;0;0;0;0;0;0;0;0;0;0;0;0;0;0;0;0;0;0;0;0;0;0;0;0;0;0;0;0;953;953;953;953;
224;102;102;102;102;102;102;102;102;102;102;102;102;102;102;102;102;102;102;102;102;102;102;102;102;102;102;102;102;102;102;102;102;102;102;102;102;102;102;102;102;102;102;102;102;102;102;102;102;102;102;102;102;102;102;102;102;102;102;102;102;102;102;102;102;102;102;102;102;102;102;102;102;102;102;102;102;102;102;102;102;102;102;102;102;102;102;102;102;102;102;102;102;102;102;102;102;102;102;224;
242;0;0;0;0;596;3078;3078;3002;3002;0;0;0;0;0;0;0;0;0;0;0;0;0;0;0;0;0;0;0;0;0;0;0;0;0;0;0;0;0;0;0;0;0;0;0;0;0;0;0;0;0;0;0;0;0;0;0;0;0;0;0;0;0;0;0;0;0;0;0;0;0;0;0;0;0;0;0;0;0;0;0;0;0;0;0;0;0;0;0;0;0;0;0;0;0;0;0;0;0;0;
6;224;12;12;12;202;1452;1452;0;100;0;0;0;0;0;0;598;2;598;0;100;0;0;0;0;0;0;0;0;0;0;0;0;0;0;0;0;0;0;0;0;0;0;0;0;0;0;0;0;0;0;0;0;0;0;0;0;0;0;0;0;0;0;0;0;0;0;0;0;0;0;0;0;0;0;0;0;0;0;0;0;0;0;0;0;0;0;0;0;0;0;0;0;0;0;0;0;0;0;382;
8;8;8;8;8;8;8;8;8;8;8;8;8;8;8;8;8;8;8;8;8;8;8;8;8;8;8;8;8;8;8;8;8;8;8;8;8;8;8;8;8;8;8;8;8;8;8;8;8;8;8;8;8;8;8;8;8;8;8;8;8;8;8;8;8;8;8;8;8;8;8;8;8;8;8;8;8;8;8;8;8;8;8;8;8;8;8;8;8;8;8;8;8;8;8;8;8;8;8;8;
8;8;8;8;8;8;8;8;8;8;8;8;8;8;8;8;8;8;8;8;8;8;8;8;8;8;8;8;8;8;8;8;8;8;8;8;8;8;8;8;8;8;8;8;8;8;8;8;8;8;8;8;8;8;8;8;8;8;8;8;8;8;8;8;8;8;8;8;8;8;8;8;8;8;8;8;8;8;8;8;8;8;8;8;8;8;8;8;8;8;8;8;8;8;8;8;8;8;8;8;
8;8;8;8;8;8;8;8;8;8;8;8;8;8;8;8;8;8;8;8;8;8;8;8;8;8;8;8;8;8;8;8;8;8;8;8;8;8;8;8;8;8;8;8;8;8;8;8;8;8;8;8;8;8;8;8;8;8;8;8;8;8;8;8;8;8;8;8;8;8;8;8;8;8;8;8;8;8;8;8;8;8;8;8;8;8;8;8;8;8;8;8;8;8;8;8;8;8;8;8;
8;8;8;8;8;8;8;8;8;8;8;8;8;8;8;8;8;8;8;8;8;8;8;8;8;8;8;8;8;8;8;8;8;8;8;8;8;8;8;8;8;8;8;8;8;8;8;8;8;8;8;8;8;8;8;8;8;8;8;8;8;8;8;8;8;8;8;8;8;8;8;8;8;8;8;8;8;8;8;8;8;8;8;8;8;8;8;8;8;8;8;8;8;8;8;8;8;8;8;8;
8;8;8;8;8;8;8;8;8;8;8;8;8;8;8;8;8;8;8;8;8;8;8;8;8;8;8;8;8;8;8;8;8;8;8;8;8;8;8;8;8;8;8;8;8;8;8;8;8;8;8;8;8;8;8;8;8;8;8;8;8;8;8;8;8;8;8;8;8;8;8;8;8;8;8;8;8;8;8;8;8;8;8;8;8;8;8;8;8;8;8;8;8;8;8;8;8;8;8;8;
8;8;8;8;8;8;8;8;8;8;8;8;8;8;8;8;8;8;8;8;8;8;8;8;8;8;8;8;8;8;8;8;8;8;8;8;8;8;8;8;8;8;8;8;8;8;8;8;8;8;8;8;8;8;8;8;8;8;8;8;8;8;8;8;8;8;8;8;8;8;8;8;8;8;8;8;8;8;8;8;8;8;8;8;8;8;8;8;8;8;8;8;8;8;8;8;8;8;8;8;
