0;0;0;0;0;0;0;0;0;0;0;0;0;0;0;0;0;0;0;0;0;0;0;0;0;0;0;0;0;0;0;0;0;0;0;0;0;0;0;0;0;0;0;0;0;0;0;0;0;0;0;0;0;0;0;0;0;0;0;0;0;0;0;0;0;0;0;0;0;0;0;0;0;0;0;0;0;0;0;0;0;0;0;0;0;0;0;0;0;0;172;12;172;12;172;12;172;12;172;12;
0;0;0;0;0;0;0;0;0;0;0;0;0;0;0;0;0;0;0;0;0;0;0;0;0;0;0;0;0;0;0;0;0;0;0;0;0;0;0;0;0;0;0;0;0;0;0;0;0;0;0;0;0;0;0;0;0;0;0;0;0;0;0;0;0;0;0;0;0;0;0;0;0;0;0;0;0;0;0;0;0;0;0;0;0;0;0;0;0;0;172;0;60;0;224;0;224;0;224;0;
0;0;0;0;0;0;0;0;0;0;0;0;0;0;0;0;0;0;0;0;0;0;0;0;0;0;0;0;0;0;0;0;0;0;0;0;0;0;0;0;0;0;0;0;0;0;0;0;0;0;0;0;0;0;0;0;0;0;0;0;0;0;0;0;0;0;0;0;0;0;0;0;0;0;0;0;0;0;0;0;0;0;0;0;0;0;0;0;0;0;172;0;172;0;172;0;172;0;172;0;
0;0;0;0;0;0;0;0;0;0;0;0;0;0;0;0;0;0;0;0;0;0;0;0;0;0;0;0;0;0;0;0;0;0;0;0;0;0;0;0;0;0;0;0;0;0;0;0;0;0;0;0;0;0;0;0;0;0;0;0;0;0;0;0;0;0;0;0;0;0;0;0;0;0;0;0;0;0;0;0;0;0;0;0;0;0;0;0;0;0;172;0;172;0;172;0;172;0;172;0;
0;0;0;0;0;0;0;0;0;0;0;0;0;0;0;0;0;0;0;0;0;0;0;0;0;0;0;0;0;0;0;0;0;0;0;0;0;0;0;0;0;0;0;0;0;0;0;0;0;0;0;0;0;0;0;0;0;0;0;0;0;0;0;0;0;0;0;0;0;0;0;0;0;0;0;0;0;0;0;0;0;0;0;0;0;0;0;0;0;0;172;0;172;0;172;0;172;0;172;0;
0;0;0;0;0;0;0;0;0;0;0;0;0;0;0;0;0;0;0;0;0;0;0;0;0;0;0;0;0;0;0;0;0;0;0;0;0;0;0;0;0;0;0;0;0;0;0;0;0;0;0;0;0;0;0;0;0;0;0;0;0;0;0;0;0;0;0;0;0;0;0;0;0;0;0;0;0;0;0;0;0;0;0;0;0;0;0;0;0;0;172;0;172;0;172;0;172;0;172;0;
0;0;0;0;0;0;0;0;0;0;0;0;0;0;0;0;0;0;0;0;0;0;0;0;0;0;0;0;0;0;0;0;0;0;0;0;0;0;0;0;0;0;0;0;0;0;0;0;0;0;0;0;0;0;0;0;0;0;0;0;0;0;0;0;0;0;0;0;0;0;0;0;0;0;0;0;0;0;0;0;0;0;0;0;0;0;0;0;0;0;172;0;172;0;172;0;172;0;172;0;
0;0;0;0;0;0;0;0;0;0;0;0;0;0;0;0;0;0;0;0;0;0;0;0;0;0;0;0;0;0;0;0;0;0;0;0;0;0;0;0;0;0;0;0;0;0;0;0;0;0;0;0;0;0;0;0;0;0;0;0;0;0;0;0;0;0;0;0;0;0;0;0;0;0;0;0;0;0;0;0;0;0;0;0;0;0;0;0;0;0;172;0;172;0;172;0;172;0;172;0;
0;0;0;0;0;0;0;0;0;0;0;0;0;0;0;0;0;0;0;0;0;0;0;0;0;0;0;0;0;0;0;0;0;0;0;0;0;0;0;0;0;0;0;0;0;0;0;0;0;0;0;0;0;0;0;0;0;0;0;0;0;0;0;0;0;0;0;0;0;0;0;0;0;0;171;0;0;0;0;0;0;0;0;0;0;0;0;0;0;0;172;0;172;0;172;0;172;0;172;0;
0;0;0;0;0;0;0;0;0;0;0;0;0;0;0;0;0;0;0;0;0;0;0;0;0;0;0;0;0;0;0;0;0;0;0;0;0;0;0;0;0;0;0;0;0;0;0;0;0;0;0;0;0;0;0;0;0;0;0;0;0;0;0;0;0;0;0;0;0;0;0;0;0;0;0;0;0;0;0;0;0;0;0;0;0;0;0;0;0;0;172;0;172;0;172;0;172;0;172;0;
0;0;0;0;0;0;0;0;0;0;0;0;0;0;0;0;0;0;0;0;0;0;0;0;0;0;0;0;0;0;0;0;0;0;0;5;1631;169;169;169;103;103;0;12;0;0;0;0;0;0;0;0;0;0;0;0;0;0;0;0;0;0;0;0;0;0;0;0;0;0;0;0;0;0;0;0;0;0;0;0;0;0;0;0;0;0;0;0;0;0;172;0;172;0;172;0;172;0;172;0;
172;172;172;172;172;172;172;172;172;172;172;172;172;172;172;172;172;172;172;172;172;172;172;172;172;172;172;172;172;172;172;172;172;172;172;172;172;172;172;172;172;172;172;172;172;172;0;0;0;0;0;0;0;0;0;0;0;0;0;0;0;0;0;0;0;0;0;0;0;0;0;0;0;0;0;0;0;0;0;0;0;0;0;0;0;0;0;0;0;0;172;0;172;0;172;0;172;0;172;0;
172;1630;12;0;0;0;0;0;172;172;1630;12;0;0;0;0;0;172;172;1630;12;0;0;0;0;0;172;172;1630;12;0;0;0;0;0;172;172;1630;12;0;0;0;0;0;172;172;0;0;0;0;0;0;0;0;0;0;0;0;0;0;0;0;0;0;0;0;0;0;0;0;0;0;0;0;0;0;0;0;0;0;0;0;0;0;0;0;0;0;0;0;172;0;172;0;172;0;172;0;172;0;
172;1630;1630;0;0;0;0;0;172;172;1630;1630;0;0;0;0;0;172;172;1630;1630;0;0;0;0;0;172;172;1630;1630;0;0;0;0;0;172;172;1630;1630;0;0;0;0;0;172;172;0;0;0;0;0;0;0;0;0;0;0;0;0;0;0;0;0;0;0;0;0;0;0;0;0;0;0;0;0;0;0;0;0;0;0;0;0;0;0;0;0;0;0;0;172;0;172;0;172;0;172;0;172;0;
172;0;0;0;0;0;0;0;1630;172;0;0;0;0;0;0;0;1630;172;0;0;0;0;0;0;0;1630;172;0;0;0;0;0;0;0;1630;172;0;0;0;0;0;0;0;1630;172;102;0;0;0;0;0;0;0;0;0;0;0;0;0;0;0;0;0;0;0;0;0;0;0;0;0;0;0;0;0;0;0;0;0;0;0;0;0;0;0;0;0;0;0;172;0;172;0;172;0;172;0;172;0;
172;0;0;0;0;0;0;0;1630;172;0;0;0;0;0;0;0;1630;172;0;0;0;0;0;0;0;1630;172;0;0;0;0;0;0;0;1630;172;0;0;0;0;0;0;0;1630;172;0;0;0;0;0;0;0;0;0;0;0;0;0;0;0;0;0;0;0;0;0;0;0;0;0;0;0;0;0;0;0;0;0;0;0;0;0;0;0;0;0;0;0;0;172;0;172;0;172;0;172;0;172;0;
172;0;0;0;0;0;0;0;1630;172;0;0;0;0;0;0;0;1630;172;0;0;0;0;0;0;0;1630;172;0;0;0;0;0;0;0;1630;172;0;0;0;0;0;0;0;1630;172;0;0;0;0;0;0;0;0;0;0;0;0;0;0;0;0;0;0;0;0;0;0;0;0;0;0;0;0;0;0;0;0;0;0;0;0;0;0;0;0;0;0;0;0;172;0;172;0;172;0;172;0;172;0;
172;0;0;0;0;0;0;0;0;172;0;0;0;0;0;0;0;0;172;0;0;0;0;0;0;0;0;172;0;0;0;0;0;0;0;0;172;0;0;0;0;0;0;0;0;172;0;0;0;0;0;0;0;0;0;0;0;0;0;0;0;0;0;0;0;0;0;0;0;0;0;0;0;0;0;0;0;0;0;0;0;0;0;0;0;0;0;0;0;0;172;0;172;0;172;0;172;0;172;0;
172;526;0;0;0;0;0;0;0;172;526;0;0;0;0;0;0;0;172;526;0;0;0;0;0;0;0;172;526;0;0;0;0;0;0;0;172;526;0;0;0;0;0;0;0;172;0;0;0;440;440;440;440;440;440;440;440;440;440;440;440;440;440;440;440;440;440;440;440;440;440;440;440;440;440;440;440;440;440;440;440;440;440;440;440;440;440;440;440;440;172;0;172;0;172;0;172;0;172;0;
172;526;0;0;0;0;0;0;526;172;526;0;0;0;0;0;0;526;172;526;0;0;0;0;0;0;526;172;526;0;0;0;0;0;0;526;172;526;0;0;0;0;0;0;526;172;102;0;0;0;0;0;0;0;0;0;0;0;0;0;0;0;0;0;0;0;0;0;0;0;0;0;0;0;0;0;0;0;0;0;0;0;0;0;0;0;0;0;0;0;172;0;172;0;172;0;172;0;172;0;
172;172;440;440;0;0;0;0;526;172;172;440;440;0;0;0;0;526;172;172;440;440;0;0;0;0;526;172;172;440;440;0;0;0;0;526;172;172;440;440;0;0;0;0;526;172;0;102;0;0;0;0;0;0;0;0;0;0;0;0;0;0;0;0;0;0;0;0;0;0;0;0;0;0;0;0;0;0;0;0;0;0;0;0;0;0;0;0;0;0;172;0;172;0;172;0;172;0;172;0;
172;12;172;440;440;0;0;0;0;172;12;172;440;440;0;0;0;0;172;12;172;440;440;0;0;0;0;172;12;172;440;440;0;0;0;0;172;12;172;440;440;0;0;0;0;172;0;0;0;0;0;0;0;0;0;0;0;0;0;0;0;0;0;0;0;0;0;0;0;0;0;0;0;0;0;0;0;0;0;0;0;0;0;0;0;0;0;0;0;0;172;0;172;0;172;0;172;0;172;0;
172;0;0;0;440;440;0;0;0;172;0;0;0;440;440;0;0;0;172;0;0;0;440;440;0;0;0;172;0;0;0;440;440;0;0;0;172;0;0;0;440;440;0;0;0;172;0;0;0;0;0;0;0;0;0;0;0;0;0;0;0;0;0;0;0;0;526;0;0;0;0;0;0;0;0;0;0;0;0;0;0;0;0;0;0;0;0;0;0;0;526;0;172;0;172;0;172;0;172;0;
172;0;0;0;0;440;440;440;0;172;0;0;0;0;440;440;440;0;172;0;0;0;0;440;440;440;0;172;0;0;0;0;440;440;440;0;172;0;0;0;0;440;440;440;0;172;0;0;0;440;440;440;454;1630;440;440;440;440;440;440;440;440;440;440;440;440;0;624;440;440;440;440;440;440;440;440;454;4;440;440;440;440;440;440;440;440;440;440;440;4;172;0;172;0;172;0;172;0;172;0;
172;0;0;0;0;0;0;172;0;172;0;0;0;0;0;0;172;0;172;0;0;0;0;0;0;172;0;172;0;0;0;0;0;0;172;0;172;0;0;0;0;0;0;172;0;526;0;0;0;0;0;0;0;0;0;0;0;0;0;0;0;0;0;0;0;0;0;0;0;0;0;0;0;0;0;0;0;0;0;0;0;0;0;0;0;0;0;0;0;0;172;0;172;0;172;0;172;0;172;0;
526;0;0;0;0;0;0;172;0;526;0;0;0;0;0;0;172;0;526;0;0;0;0;0;0;172;0;526;0;0;0;0;0;0;172;0;526;0;0;0;0;0;0;172;0;526;0;0;0;0;0;0;0;0;0;0;0;0;0;0;0;0;0;0;0;0;0;0;0;0;0;0;0;0;0;0;0;0;0;0;0;0;0;0;0;0;0;0;0;0;172;0;172;0;172;0;172;0;172;0;
172;526;440;440;440;440;0;172;0;172;526;440;440;440;440;0;172;0;172;526;440;440;440;440;0;172;0;172;526;440;440;440;440;0;172;0;172;526;440;440;440;440;0;172;0;526;0;0;0;0;0;0;0;0;0;0;0;0;0;0;0;0;0;0;0;0;0;0;0;0;0;0;0;0;0;0;0;0;0;0;0;0;0;0;0;0;0;0;0;546;172;0;172;0;172;0;172;0;172;0;
172;172;526;0;0;0;0;172;0;172;172;526;0;0;0;0;172;0;172;172;526;0;0;0;0;172;0;172;172;526;0;0;0;0;172;0;172;172;526;0;0;0;0;172;0;172;440;440;440;440;440;440;440;440;440;440;440;440;440;440;440;440;440;440;440;440;440;440;440;440;1630;454;440;440;440;440;440;440;440;440;440;440;1630;454;440;440;440;440;440;440;172;546;224;546;224;546;224;544;224;544;
172;172;526;0;0;0;0;526;0;172;172;526;0;0;0;0;526;0;172;172;526;0;0;0;0;526;0;172;172;526;0;0;0;0;526;0;172;172;526;0;0;0;0;526;0;172;0;0;0;0;0;0;0;0;0;0;0;0;0;0;0;0;0;0;0;0;0;0;0;0;0;0;0;0;0;0;0;0;0;0;0;0;0;0;0;0;0;0;0;12;172;172;172;172;172;172;172;172;172;172;
172;0;0;0;0;0;526;172;0;172;0;0;0;0;0;526;172;0;172;0;0;0;0;0;526;172;0;172;0;0;0;0;0;526;172;0;172;0;0;0;0;0;526;172;0;172;102;0;0;0;0;0;0;0;0;0;0;0;0;0;0;0;0;0;0;0;0;0;0;0;0;0;0;0;0;0;0;0;0;0;0;0;0;0;0;0;0;0;0;0;224;12;224;12;224;12;224;12;224;12;
172;0;172;440;440;440;172;172;0;172;0;172;440;440;440;172;172;0;172;0;172;440;440;440;172;172;0;172;0;172;440;440;440;172;172;0;172;0;172;440;440;440;172;172;0;172;0;102;0;0;0;0;0;0;0;0;0;0;0;0;0;0;0;0;0;0;0;0;0;0;0;0;0;0;0;0;0;0;0;0;0;0;0;0;0;0;0;0;0;0;172;0;172;0;172;0;172;0;172;0;
172;0;172;172;172;172;172;172;0;172;0;172;172;172;172;172;172;0;172;0;172;172;172;172;172;172;0;172;0;172;172;172;172;172;172;0;172;0;172;172;172;172;172;172;0;526;0;0;0;0;0;0;0;0;0;0;0;0;0;0;0;0;0;0;0;0;0;0;0;0;0;0;0;0;0;0;0;0;0;0;0;0;0;0;0;0;0;0;0;0;526;0;172;0;172;0;172;0;172;0;
172;0;0;0;0;0;1630;172;0;172;0;0;0;0;0;1630;172;0;172;0;0;0;0;0;1630;172;0;172;0;0;0;0;0;1630;172;0;172;0;0;0;0;0;1630;172;0;526;0;0;0;440;440;440;440;440;440;440;440;440;440;440;440;440;440;440;440;440;440;440;454;1630;440;440;440;440;440;440;440;440;454;1630;440;440;440;440;440;440;440;440;440;1630;172;0;172;0;172;0;172;0;172;0;
1630;0;0;0;0;0;1630;172;544;1630;0;0;0;0;0;1630;172;544;1630;0;0;0;0;0;1630;172;546;1630;0;0;0;0;0;1630;172;546;1630;0;0;0;0;0;1630;172;546;526;0;0;0;0;0;0;0;0;0;0;0;0;0;0;0;0;0;0;0;0;0;0;0;0;0;0;0;0;0;0;0;0;0;0;0;0;0;0;0;0;0;0;0;0;172;0;172;0;172;0;172;0;172;0;
1630;0;0;0;0;0;0;172;172;1630;0;0;0;0;0;0;172;172;1630;0;0;0;0;0;0;172;172;1630;0;0;0;0;0;0;172;172;1630;0;0;0;0;0;0;172;172;526;0;0;0;0;0;0;0;0;0;0;0;0;0;0;0;0;0;0;0;0;0;0;0;0;0;0;0;0;0;0;0;0;0;0;0;0;0;0;0;0;0;0;0;0;172;0;172;0;172;0;172;0;172;0;
1630;1630;0;0;0;0;0;0;544;1630;1630;0;0;0;0;0;0;544;1630;1630;0;0;0;0;0;0;546;1630;1630;0;0;0;0;0;0;546;1630;1630;0;0;0;0;0;0;546;526;0;0;0;0;0;0;0;0;0;0;0;0;0;0;0;0;0;0;0;0;0;0;0;0;0;0;0;0;0;0;0;0;0;0;0;0;0;0;454;0;0;0;0;546;172;0;172;0;172;0;172;0;172;0;
172;172;440;440;440;440;440;440;440;172;172;440;440;440;440;440;440;440;172;172;440;440;440;440;440;440;440;172;172;440;440;440;440;440;440;440;172;172;440;440;440;440;440;440;440;172;440;440;440;440;440;440;440;440;440;440;440;1630;454;440;440;440;440;440;440;440;440;440;440;440;1630;454;440;440;440;440;440;440;440;440;440;440;440;1630;440;440;440;440;440;440;172;0;172;0;172;0;172;0;172;0;
0;0;0;0;0;0;0;0;0;0;0;0;0;0;0;0;0;0;0;0;0;0;0;0;0;0;0;0;0;0;174;0;0;0;0;0;0;0;0;0;0;0;0;0;0;0;0;0;0;0;0;0;0;0;0;12;12;170;0;0;0;0;0;0;0;0;0;0;0;0;0;0;0;0;0;0;0;0;0;0;0;0;0;0;0;0;0;0;0;0;172;0;172;0;172;0;172;0;172;0;
0;0;0;0;0;0;0;0;0;0;0;0;0;0;0;0;0;0;0;0;0;0;0;0;0;0;0;0;0;0;174;0;0;0;0;0;0;0;0;0;0;0;0;0;0;0;0;0;0;0;0;0;0;0;0;0;0;224;0;0;0;0;0;0;0;0;0;0;0;0;0;0;0;0;0;0;0;0;0;0;0;0;0;0;0;0;0;0;0;0;172;0;172;0;172;0;172;0;172;0;
224;1004;1004;1004;1004;1004;1004;1004;1004;1004;1004;1004;1004;1004;1004;1004;1004;1004;1004;1004;1004;1004;1004;1004;1004;0;0;0;0;0;174;0;174;174;174;174;174;174;174;174;174;174;174;174;174;174;174;174;174;174;174;174;174;174;174;174;174;174;0;0;0;0;0;0;0;0;0;0;0;0;0;0;0;0;0;0;0;0;0;0;0;0;0;0;0;0;0;0;0;0;172;0;172;0;172;0;172;0;172;0;
0;0;0;0;0;0;0;0;0;0;0;0;0;0;0;0;0;0;0;0;0;0;0;0;1004;998;0;0;0;0;174;410;0;598;598;598;598;598;598;598;598;598;598;598;598;598;598;598;598;598;598;598;598;0;0;12;598;224;0;0;0;0;0;0;0;0;0;0;0;0;0;0;0;0;0;0;0;0;0;0;0;0;0;0;0;0;0;0;0;0;172;0;172;0;172;0;172;0;172;0;
0;0;0;0;0;0;0;0;0;0;0;0;0;0;0;0;0;0;0;0;0;0;0;12;1004;0;0;0;0;0;174;174;174;174;174;454;174;174;454;174;174;454;174;174;454;174;174;454;174;174;454;174;454;174;174;174;174;174;102;0;0;0;0;0;0;0;0;0;0;0;0;0;0;0;0;0;0;0;0;0;0;0;0;0;0;0;0;0;0;0;0;0;172;0;172;0;172;0;172;0;
0;0;0;0;0;0;0;0;0;0;0;0;0;0;0;0;0;0;0;0;0;0;102;102;1004;998;0;0;0;0;0;0;0;0;0;0;0;0;0;0;0;0;0;0;0;0;0;0;0;0;0;0;0;0;0;0;0;0;0;0;0;0;0;0;0;0;0;0;0;0;0;0;0;0;0;0;0;0;0;0;0;0;0;0;0;0;0;0;0;0;0;624;172;0;172;0;172;0;172;0;
0;0;0;0;0;0;0;0;0;0;0;0;0;0;0;0;0;0;0;0;0;0;0;0;1004;0;0;0;0;0;440;1630;440;440;440;440;440;440;440;440;440;440;440;440;440;440;440;440;440;440;440;440;440;440;440;440;440;440;440;440;440;440;0;440;440;440;440;440;440;440;440;440;440;440;440;440;440;440;440;440;440;440;440;440;440;440;440;440;440;440;1630;170;172;0;172;0;172;0;172;0;
1364;2646;0;1240;0;0;0;0;0;0;0;0;0;0;0;0;0;0;0;0;0;0;0;0;224;998;0;0;0;0;1630;544;0;0;0;0;0;0;0;0;0;0;0;0;0;0;0;0;0;0;0;0;0;0;0;0;0;0;0;0;0;0;526;0;0;0;0;0;0;0;0;0;0;0;0;0;0;0;0;0;0;0;0;0;0;0;0;0;0;0;546;1630;172;0;172;0;172;0;172;0;
224;1004;1004;1004;1004;1004;1004;1004;1004;1004;1004;1004;1004;224;1004;1004;1004;1004;1004;1004;1004;1004;1004;1004;1004;0;0;0;0;0;440;1630;440;440;440;440;440;440;440;440;440;440;440;440;440;440;440;440;440;440;440;440;440;440;440;440;440;440;440;440;440;440;0;440;440;440;440;440;440;440;440;440;440;440;440;440;440;440;440;440;440;440;440;440;440;440;440;440;440;440;1630;0;172;0;172;0;172;0;172;0;
596;0;0;0;0;0;0;0;0;0;0;0;0;0;0;0;0;0;0;0;0;0;0;0;1004;998;0;0;0;0;1630;544;0;0;0;0;0;0;0;0;0;0;0;0;0;0;0;0;0;0;0;0;0;0;0;0;0;0;0;0;0;0;526;0;0;0;0;0;0;0;0;0;0;0;0;0;0;0;0;0;0;0;0;0;0;0;0;0;0;0;546;1630;172;0;172;0;172;0;172;0;
172;172;0;0;0;998;0;998;0;998;0;998;0;998;0;998;0;998;0;998;0;998;0;998;1004;0;0;0;0;0;440;1630;440;440;440;440;440;440;440;440;440;440;440;440;440;440;440;440;440;440;440;440;440;440;440;440;440;440;440;440;440;440;0;440;440;440;440;440;440;440;440;440;440;440;440;440;440;440;440;440;440;440;440;440;440;440;440;440;440;440;1630;0;172;0;172;0;172;0;172;0;
0;0;0;0;0;0;0;0;0;0;0;0;0;0;0;0;0;0;0;0;0;0;0;0;1004;998;0;0;0;0;1630;544;0;0;0;0;0;0;0;0;0;0;0;0;0;0;0;0;0;0;0;0;0;0;0;0;0;0;0;0;0;0;526;0;0;0;0;0;0;0;0;0;0;0;0;0;0;0;0;0;0;0;0;0;0;0;0;0;0;0;546;1630;172;0;172;0;172;0;172;0;
0;0;0;0;0;12;0;12;0;12;0;12;0;12;0;12;0;12;0;12;0;12;0;12;224;0;0;0;0;0;440;1630;440;440;440;440;440;440;440;440;440;440;440;440;440;440;440;440;440;440;440;440;440;440;440;440;440;440;440;440;440;440;0;440;440;440;440;440;440;440;440;440;440;440;440;440;440;440;440;440;440;440;440;440;440;440;440;440;440;440;4;0;172;0;172;0;172;0;172;0;
1004;60;1004;1004;1004;1004;1004;1004;1004;1004;1004;1004;1004;1004;1004;1004;1004;1004;1004;1004;1004;1004;1004;1004;1004;998;0;0;0;0;1630;544;0;0;0;0;0;0;0;0;0;0;0;0;0;0;0;0;0;0;0;0;0;0;0;0;0;0;0;0;0;0;526;0;0;0;0;0;0;0;0;0;0;0;0;0;0;0;0;0;0;0;0;0;0;0;0;0;0;0;546;1630;172;0;172;0;172;0;172;0;
934;0;0;0;1004;546;1004;546;1004;546;1004;546;1004;546;1004;546;1004;546;1004;546;1004;546;1004;546;1004;0;0;0;0;0;440;1630;440;440;440;440;440;440;440;440;440;440;440;440;440;440;440;440;440;440;440;440;440;440;440;440;440;440;440;440;440;440;0;440;440;440;440;440;440;440;440;440;440;440;440;440;440;440;440;440;440;440;440;440;440;440;440;440;440;440;4;0;172;0;172;0;172;0;172;0;
1278;6;0;546;1004;0;1004;0;1004;0;1004;0;1004;0;1004;0;1004;0;1004;0;1004;0;1004;0;1004;0;0;0;0;0;1630;544;0;0;0;0;0;0;0;0;0;0;0;0;0;0;0;0;0;0;0;0;0;0;0;0;0;0;0;0;0;0;526;0;0;0;0;0;0;0;0;0;0;0;0;0;0;0;0;0;0;0;0;0;0;0;0;0;0;0;546;1630;172;0;172;0;172;0;172;0;
242;8;440;1004;1004;624;0;624;0;624;0;624;0;624;0;624;0;624;0;624;0;624;0;624;0;224;1004;1004;1004;1004;440;1630;440;440;440;440;440;440;440;440;440;440;440;440;440;440;440;440;440;440;440;440;440;440;440;440;440;440;440;440;440;440;0;440;440;440;440;440;440;440;440;440;440;440;440;440;440;440;440;440;440;440;440;440;440;440;440;440;440;440;1630;0;172;0;972;382;972;382;972;544;
8;8;8;8;8;8;8;8;8;8;8;8;8;8;8;8;8;8;8;8;8;8;8;8;8;8;8;8;8;8;8;8;8;8;8;8;8;8;8;8;8;8;8;8;8;8;8;8;8;8;8;8;8;8;8;8;8;8;8;8;8;8;8;8;8;8;8;8;8;8;8;8;8;8;8;8;8;8;8;8;8;8;8;8;8;8;8;8;8;8;8;8;8;8;8;8;8;8;8;8;
8;8;8;8;8;8;8;8;8;8;8;8;8;8;8;8;8;8;8;8;8;8;8;8;8;8;8;8;8;8;8;8;8;8;8;8;8;8;8;8;8;8;8;8;8;8;8;8;8;8;8;8;8;8;8;8;8;8;8;8;8;8;8;8;8;8;8;8;8;8;8;8;8;8;8;8;8;8;8;8;8;8;8;8;8;8;8;8;8;8;8;8;8;8;8;8;8;8;8;8;
8;8;8;8;8;8;8;8;8;8;8;8;8;8;8;8;8;8;8;8;8;8;8;8;8;8;8;8;8;8;8;8;8;8;8;8;8;8;8;8;8;8;8;8;8;8;8;8;8;8;8;8;8;8;8;8;8;8;8;8;8;8;8;8;8;8;8;8;8;8;8;8;8;8;8;8;8;8;8;8;8;8;8;8;8;8;8;8;8;8;8;8;8;8;8;8;8;8;8;8;
8;8;8;8;8;8;8;8;8;8;8;8;8;8;8;8;8;8;8;8;8;8;8;8;8;8;8;8;8;8;8;8;8;8;8;8;8;8;8;8;8;8;8;8;8;8;8;8;8;8;8;8;8;8;8;8;8;8;8;8;8;8;8;8;8;8;8;8;8;8;8;8;8;8;8;8;8;8;8;8;8;8;8;8;8;8;8;8;8;8;8;8;8;8;8;8;8;8;8;8;
8;8;8;8;8;8;8;8;8;8;8;8;8;8;8;8;8;8;8;8;8;8;8;8;8;8;8;8;8;8;8;8;8;8;8;8;8;8;8;8;8;8;8;8;8;8;8;8;8;8;8;8;8;8;8;8;8;8;8;8;8;8;8;8;8;8;8;8;8;8;8;8;8;8;8;8;8;8;8;8;8;8;8;8;8;8;8;8;8;8;8;8;8;8;8;8;8;8;8;8;
8;8;8;8;8;8;8;8;8;8;8;8;8;8;8;8;8;8;8;8;8;8;8;8;8;8;8;8;8;8;8;8;8;8;8;8;8;8;8;8;8;8;8;8;8;8;8;8;8;8;8;8;8;8;8;8;8;8;8;8;8;8;8;8;8;8;8;8;8;8;8;8;8;8;8;8;8;8;8;8;8;8;8;8;8;8;8;8;8;8;8;8;8;8;8;8;8;8;8;8;
