0;0;0;0;0;0;0;0;0;0;0;0;0;0;0;0;0;0;0;0;0;0;0;0;0;0;0;0;0;0;0;0;0;0;0;0;0;0;0;0;0;0;0;0;0;0;0;0;0;0;102;0;0;0;0;0;0;0;0;0;0;0;0;0;0;0;0;0;0;0;0;0;0;0;0;0;0;0;0;0;0;0;0;0;0;0;0;0;0;0;0;0;0;0;0;0;0;0;0;0;
0;102;102;102;102;102;102;102;102;102;102;102;102;102;102;102;102;102;102;102;102;102;102;102;102;102;102;102;102;102;102;102;102;102;102;102;102;102;102;102;102;0;102;102;102;102;0;102;102;102;0;102;102;0;102;102;102;102;102;102;0;102;102;102;102;102;102;102;102;102;102;102;102;102;102;102;102;102;102;102;102;102;102;102;102;0;102;102;102;102;102;102;102;102;102;102;0;0;0;0;
0;0;0;0;0;0;0;0;0;0;0;0;0;0;0;0;0;0;0;0;0;0;0;0;0;0;0;0;0;0;0;0;0;0;0;0;0;0;0;0;0;0;0;0;0;0;0;0;0;0;0;0;0;0;0;0;0;0;0;0;0;0;0;0;0;0;0;0;0;0;0;0;0;0;0;0;0;0;0;0;0;0;0;0;0;0;0;0;0;0;0;0;0;0;0;0;0;0;0;0;
0;102;102;102;102;102;102;102;102;102;102;102;102;102;102;102;102;102;102;102;102;102;102;102;102;102;102;102;102;102;102;102;102;102;102;0;102;102;102;102;102;102;102;102;102;102;0;0;102;102;0;102;102;102;102;102;102;102;102;102;102;102;102;102;102;102;102;102;102;102;102;102;102;102;102;102;102;102;102;102;102;102;102;102;102;102;0;102;102;102;102;102;102;102;102;102;102;0;0;0;
0;0;0;0;0;0;0;0;0;0;0;0;0;0;0;0;0;0;0;0;0;0;0;0;0;0;0;0;0;0;0;0;0;0;0;0;0;0;0;0;0;0;0;0;0;0;0;0;0;0;0;0;0;0;0;0;0;0;0;0;0;0;0;0;0;0;0;0;0;0;0;0;0;0;0;0;0;0;0;0;0;0;0;0;0;0;0;0;0;0;0;0;0;0;0;0;0;0;0;0;
0;102;102;102;102;102;102;102;102;102;102;102;102;102;102;102;102;102;102;102;102;102;102;102;102;102;102;102;102;102;102;102;102;0;102;102;102;102;102;102;102;102;102;102;102;102;0;0;0;0;0;102;102;102;102;102;102;102;102;102;102;102;102;102;102;102;102;102;102;102;102;102;102;102;102;102;102;102;102;102;102;102;102;102;102;102;102;102;102;102;102;102;102;102;102;102;102;0;0;0;
0;0;0;0;0;0;0;0;0;0;0;0;0;0;0;0;0;0;0;0;0;0;0;0;0;0;0;0;0;0;0;0;0;0;0;0;0;0;0;0;0;0;0;0;0;0;0;102;102;102;0;0;0;0;0;0;0;0;0;0;0;0;0;0;0;0;0;0;0;0;0;0;0;0;0;0;0;0;0;0;0;0;0;0;0;0;0;0;0;0;0;0;0;339;0;0;0;0;0;0;
0;0;0;0;0;0;0;0;0;0;0;0;0;0;0;0;0;0;0;0;0;0;0;0;0;0;0;0;0;0;0;0;0;0;0;0;0;0;0;0;0;0;0;0;0;0;0;0;0;0;0;0;0;0;0;0;0;0;0;0;0;0;0;0;0;0;0;0;0;0;0;0;0;0;0;0;0;0;0;0;0;0;0;0;0;0;0;0;0;0;2632;360;308;308;2708;2632;1646;3598;0;0;
0;102;102;102;102;102;102;102;102;102;102;102;102;102;102;102;102;102;102;102;102;0;0;728;728;728;728;728;728;728;728;728;728;728;728;728;728;728;728;728;728;728;728;728;728;728;728;728;728;728;60;728;728;728;728;728;728;728;728;728;728;728;728;728;728;728;728;728;728;728;728;728;728;728;728;728;728;728;0;102;102;102;102;102;102;102;0;102;102;102;390;0;0;1646;390;0;0;2632;0;0;
0;0;0;0;0;0;0;0;0;0;0;0;0;0;0;0;0;0;0;0;0;0;0;728;728;728;728;728;728;728;728;728;728;728;728;728;728;728;728;728;728;728;728;728;728;728;728;728;728;728;60;728;728;728;728;728;728;728;728;728;728;728;728;728;728;728;728;728;728;728;728;728;728;728;728;728;728;728;0;2735;2735;2735;2735;2735;2735;2735;2735;2735;0;20;60;0;2586;1636;222;2978;1450;3598;0;0;
0;102;102;102;102;102;102;102;102;102;102;102;102;102;102;102;102;102;102;102;102;0;0;728;728;728;728;728;728;728;728;728;728;728;728;728;728;728;728;728;728;728;728;728;728;728;728;728;728;728;60;728;728;728;728;728;728;728;728;728;728;728;728;728;728;728;728;728;728;728;728;728;728;728;728;728;728;728;0;102;102;102;102;102;102;102;102;102;102;998;2750;360;102;2750;102;360;2632;2750;0;0;
0;0;0;0;0;0;0;0;0;0;0;0;0;0;0;0;0;0;0;0;0;0;0;728;728;728;0;0;0;0;0;0;0;0;0;0;0;0;0;0;0;0;0;0;0;0;0;0;0;0;0;0;0;0;0;0;0;0;0;0;0;0;0;0;0;0;0;0;0;0;0;0;0;0;0;728;728;728;0;0;0;0;0;0;0;0;0;0;0;0;0;0;0;0;0;0;0;0;0;0;
0;102;102;102;102;102;102;102;102;102;102;102;102;102;102;102;102;102;102;102;102;0;0;728;728;728;0;1766;1766;1766;1766;1766;1766;0;1766;1766;1766;1766;1766;1766;1766;1766;1766;1766;1766;1766;1766;1766;1766;1766;0;1766;1766;1766;1766;1766;1766;1766;1766;1766;1766;1766;1766;1766;1766;1766;1766;0;1766;1766;1766;1766;1766;1766;0;728;728;728;0;0;0;0;0;0;0;2015;0;0;0;0;0;0;0;0;0;0;0;0;0;0;
0;0;102;0;0;0;0;0;0;0;0;0;0;0;0;0;0;0;0;0;0;0;0;728;728;728;0;0;0;0;0;0;0;0;0;0;0;0;0;0;0;0;0;0;0;0;0;0;0;854;1752;854;0;0;0;0;0;0;0;0;0;0;0;0;0;0;0;0;0;0;0;0;0;0;0;728;728;728;0;102;102;102;102;102;102;102;102;102;102;102;102;102;102;102;102;102;102;102;0;0;
0;102;102;102;102;102;102;102;102;102;102;102;102;102;102;102;102;102;102;102;102;0;0;728;728;728;0;1766;1766;1766;1766;1766;1766;1766;1766;1766;1766;1766;1766;1766;0;1766;1766;1766;1766;1766;1766;0;1766;1766;1766;1766;1766;0;1766;1766;1766;1766;1766;1766;1766;0;1766;1766;1766;1766;1766;1766;1766;1766;1766;1766;1766;1766;0;728;728;728;0;0;0;0;0;0;0;0;0;0;0;0;0;0;0;0;0;0;0;0;0;0;
0;0;0;0;0;0;0;0;0;0;0;0;0;0;0;0;0;0;0;0;0;0;0;728;728;728;0;0;0;0;0;0;0;0;0;0;0;0;0;0;0;0;0;0;0;0;0;0;0;0;0;0;0;0;0;0;0;0;0;0;0;0;0;0;0;0;0;0;0;0;0;0;0;0;0;728;728;728;0;0;0;0;0;0;0;0;0;0;0;0;0;0;0;0;0;0;0;0;0;0;
0;102;102;102;102;102;102;102;102;102;102;102;102;102;102;102;102;102;102;102;102;0;0;728;728;728;0;1766;1766;1766;1766;1766;1766;1766;1766;0;1766;1766;1766;1766;1766;1766;1766;1766;1766;1766;1766;1766;1766;0;1766;0;1766;1766;1766;1766;1766;1766;1766;1766;1766;1766;1766;1766;1766;0;1766;1766;1766;1766;1766;1766;1766;1766;0;728;728;728;0;102;102;102;102;102;102;102;102;102;102;102;102;102;102;102;102;102;102;102;0;0;
0;0;0;0;0;0;0;0;0;0;0;0;0;0;0;0;0;0;0;0;0;0;0;728;728;728;0;0;0;0;0;0;0;0;0;0;0;0;0;0;0;0;0;0;0;0;0;0;854;858;858;858;854;0;0;0;0;0;0;0;0;0;0;0;0;0;0;0;0;0;0;0;0;0;0;728;728;728;0;0;0;0;0;0;0;0;0;0;0;0;0;0;0;0;0;0;0;0;0;0;
0;102;102;102;102;102;102;102;102;102;102;102;102;102;102;102;102;102;102;102;102;0;0;728;728;728;0;1766;1766;1766;1766;1766;1766;1766;1766;1766;1766;1766;0;1766;1766;1766;1766;1766;1766;1766;1766;0;1766;1766;1766;1766;1766;0;1766;1766;1766;1766;1766;1766;1766;1766;0;1766;1766;1766;1766;1766;1766;1766;1766;1766;1766;1766;0;728;728;728;0;0;0;0;0;0;0;0;0;0;0;0;0;0;0;0;0;0;0;0;0;0;
0;0;0;0;0;0;0;0;0;0;0;0;0;0;0;0;0;0;0;0;0;0;0;728;728;728;0;0;0;0;0;0;0;0;0;0;0;0;0;0;0;0;0;0;0;0;0;0;0;0;0;0;0;0;0;0;0;0;0;0;0;0;0;0;0;0;0;0;0;0;0;0;0;0;0;728;728;728;0;102;102;102;102;102;102;102;102;102;102;102;102;102;102;102;102;102;102;0;0;0;
0;102;102;102;102;102;102;102;102;102;102;102;102;102;102;102;102;102;102;102;102;0;0;728;728;728;0;1766;1766;1766;1766;1766;1766;0;1766;1766;1766;1766;1766;1766;1766;1766;1766;0;1766;1766;1766;1766;1766;1766;1766;1766;1766;1766;1766;1766;1766;0;1766;1766;1766;1766;1766;1766;1766;1766;1766;0;1766;1766;1766;1766;1766;1766;0;728;728;728;0;0;0;0;0;0;0;0;0;0;0;0;0;0;0;0;0;0;0;0;12;0;
0;0;0;0;0;0;0;0;0;0;0;0;0;0;0;0;0;0;0;0;0;0;0;728;728;728;0;0;0;0;0;0;0;0;0;0;0;0;0;0;0;0;0;0;0;0;0;0;0;0;0;0;0;0;0;0;0;0;0;0;0;0;0;0;0;0;0;0;0;0;0;0;0;0;0;728;728;728;0;102;102;102;102;102;102;102;102;102;102;102;102;102;102;102;102;102;102;102;102;0;
0;102;102;102;102;102;102;102;102;102;102;102;102;102;102;102;102;102;102;102;102;0;0;728;728;728;0;1766;1766;1766;1766;1766;1766;1766;1766;0;1766;1766;1766;1766;1766;1766;1766;1766;1766;1766;0;1766;1766;1766;1766;1766;1766;1766;0;1766;1766;1766;1766;1766;1766;1766;1766;1766;1766;0;1766;1766;1766;1766;1766;1766;1766;1766;0;728;728;728;0;0;0;0;0;0;0;0;0;0;0;0;0;0;0;0;0;0;0;0;0;0;
0;0;0;0;0;0;0;0;0;0;0;0;0;0;0;0;0;0;0;0;0;0;0;728;728;728;0;0;0;0;0;0;0;0;0;0;0;0;0;0;0;0;0;0;0;0;0;0;0;1042;552;1042;0;0;0;0;0;0;0;0;0;0;0;0;0;0;0;0;0;0;0;0;0;0;0;728;728;728;0;0;0;0;0;0;0;0;0;0;0;0;0;0;0;0;0;0;0;0;0;0;
0;102;102;102;102;102;102;102;102;102;102;102;102;102;102;102;102;102;102;102;102;0;0;728;728;728;728;728;728;728;728;728;728;728;728;728;728;728;728;728;728;728;728;728;728;728;728;728;728;728;0;728;728;728;728;728;728;728;728;728;728;728;728;728;728;728;728;728;728;728;728;728;728;728;728;728;728;728;0;102;102;102;102;102;102;102;102;102;102;102;102;102;102;102;102;102;102;102;102;0;
0;0;0;0;0;0;0;0;0;0;0;0;0;0;0;0;0;0;0;0;0;0;0;728;728;728;728;728;728;728;728;728;728;728;728;728;728;728;728;728;728;728;728;728;728;728;728;728;728;728;982;728;728;728;728;728;728;728;728;728;728;728;728;728;728;728;728;728;728;728;728;728;728;728;728;728;728;728;0;0;0;0;0;0;0;0;0;0;0;0;0;0;0;0;0;0;0;0;0;0;
0;0;0;0;0;0;0;0;0;0;0;0;0;0;0;0;0;0;0;0;0;0;0;728;728;728;728;728;728;728;728;728;728;728;728;728;728;728;728;728;728;728;728;728;728;728;728;728;728;728;982;728;728;728;728;728;728;728;728;728;728;728;728;728;728;728;728;728;728;728;728;728;728;728;728;728;728;728;0;102;102;102;102;102;102;102;102;102;102;102;102;102;102;102;102;102;102;102;102;0;
0;102;102;102;102;102;102;102;102;102;102;102;102;102;102;102;102;102;102;102;102;0;0;0;0;0;0;0;0;0;0;0;0;0;0;0;0;0;0;0;0;0;0;0;0;0;0;0;1276;1278;1490;1364;1436;0;0;0;0;0;0;0;0;0;0;0;0;0;0;0;0;0;0;0;0;0;0;0;0;0;0;0;0;0;0;0;0;0;0;0;0;0;0;0;0;0;0;0;0;0;0;0;
0;0;0;0;0;0;0;0;0;0;0;0;0;0;0;0;0;0;0;0;0;0;0;0;0;0;0;0;0;0;0;0;0;0;0;0;0;0;0;0;0;0;0;0;0;0;0;0;998;998;998;998;998;0;0;0;0;0;0;0;0;0;0;0;0;0;0;0;0;0;0;0;0;0;0;0;0;0;0;0;0;0;0;0;0;0;0;0;0;0;0;0;0;0;0;0;0;0;0;0;
0;0;0;0;0;0;0;0;0;0;0;0;0;0;0;0;0;0;0;0;0;0;0;0;778;0;0;0;0;0;0;0;0;0;0;0;0;0;0;0;0;0;0;0;0;0;0;0;0;0;0;0;0;0;0;0;0;0;0;0;0;0;0;0;0;0;0;0;0;0;0;0;0;0;0;0;0;0;0;0;0;0;0;0;0;0;0;0;0;0;0;0;0;0;0;0;0;0;0;0;
0;102;102;102;102;102;102;102;102;102;102;102;102;102;102;102;102;102;102;102;102;102;102;102;102;102;102;102;102;102;102;102;102;102;102;102;102;102;102;102;102;102;102;102;102;0;102;102;102;102;102;102;102;102;102;102;102;102;102;102;102;102;102;102;102;102;102;102;102;102;102;102;102;102;102;102;102;102;102;102;0;102;102;102;102;102;102;102;102;102;102;102;102;102;102;102;102;0;0;0;
0;0;0;0;0;0;0;0;0;0;0;0;0;0;0;0;0;0;0;0;0;0;0;0;0;0;0;0;0;0;0;0;0;0;0;0;0;0;0;0;0;0;0;0;0;0;0;0;0;0;0;0;0;0;0;0;0;0;0;0;0;0;0;0;0;0;0;0;0;0;0;0;0;0;0;0;0;0;0;0;0;0;0;0;0;0;0;0;0;0;0;0;0;0;0;0;0;0;0;0;
0;0;0;0;778;0;0;0;0;0;0;0;0;0;0;0;0;0;0;0;0;0;0;778;0;0;0;0;0;0;0;0;0;0;0;0;0;0;0;0;0;0;0;0;0;0;0;0;0;0;0;0;0;0;0;0;0;0;0;0;0;0;0;0;0;0;0;0;0;0;0;0;0;0;0;0;0;0;0;0;0;0;0;0;0;0;0;0;0;0;0;0;0;0;0;0;0;0;0;0;
0;102;102;102;102;102;102;102;102;102;102;102;102;102;102;102;102;102;102;102;102;102;102;102;102;102;102;102;102;102;0;102;102;102;102;102;102;102;102;102;102;102;102;102;102;0;102;102;102;102;102;102;102;102;102;102;102;102;102;102;102;102;102;102;102;102;102;102;102;102;102;102;102;102;102;102;102;102;102;102;0;102;102;102;102;102;102;102;102;102;102;102;102;102;102;102;102;0;0;0;
0;0;0;0;0;0;0;0;0;0;0;0;0;0;0;0;0;0;0;0;0;0;0;0;0;0;0;0;0;0;0;0;0;0;0;0;0;0;0;0;0;0;0;0;0;0;0;0;0;0;0;0;0;0;0;0;0;0;0;0;0;0;0;0;0;0;0;0;0;0;0;0;0;0;0;0;0;0;0;0;0;0;0;0;0;0;0;0;0;0;0;0;0;0;0;0;0;0;0;0;
0;0;0;0;0;0;0;0;0;0;778;0;0;0;0;0;0;0;0;0;0;0;0;0;0;0;0;0;0;0;0;0;0;0;0;0;0;0;0;2590;2590;2590;2590;2590;2590;60;2590;2590;2590;2590;2590;2590;0;0;0;0;0;0;0;0;0;0;0;0;0;0;0;0;0;0;0;0;0;0;0;0;0;0;0;0;0;0;0;0;0;0;0;0;0;0;0;0;0;0;0;0;0;0;0;0;
0;102;102;102;102;102;102;102;102;102;102;102;102;102;102;102;102;102;102;102;102;102;102;102;102;102;0;0;0;0;0;0;0;0;0;0;0;0;0;2590;2590;1594;340;1594;1594;340;1594;1594;340;1594;2590;2590;0;0;0;0;0;0;0;0;0;0;0;0;0;0;0;0;0;0;0;102;102;102;102;102;102;102;102;102;102;0;102;102;102;102;102;102;102;102;102;102;102;102;102;102;102;0;0;0;
0;0;0;778;0;0;0;0;0;0;0;0;0;0;0;0;0;0;0;0;0;0;0;0;0;0;0;0;0;0;0;0;0;0;0;0;0;0;0;2590;2590;1594;0;0;0;658;0;0;0;1594;2590;2590;0;0;0;0;0;0;0;0;0;0;0;0;0;0;0;0;0;0;0;0;0;0;0;0;0;0;0;0;0;0;0;0;0;0;0;0;0;0;0;0;0;0;0;0;0;0;0;0;
0;0;0;778;778;0;778;0;0;0;0;0;0;0;0;0;0;0;0;0;0;0;0;0;0;0;0;0;0;0;0;0;0;0;0;0;0;0;0;2590;2590;1450;1450;1450;858;998;858;1450;1450;1450;2590;2590;0;0;0;0;0;0;0;0;0;0;0;0;0;0;0;0;0;0;0;0;0;0;0;0;0;0;0;0;0;0;0;0;0;0;0;0;0;0;0;0;0;0;0;0;0;0;0;0;
0;102;102;102;102;102;102;102;102;102;102;102;102;102;102;102;102;102;102;102;102;102;102;102;102;0;2590;2590;2590;2590;2590;2590;2590;2590;2590;2590;2590;2590;2590;2590;2590;2590;2590;2590;2590;60;2590;2590;2590;2590;2590;2590;2590;2590;2590;2590;2590;2590;2590;2590;2590;2590;2590;2590;2590;2590;2590;0;0;0;0;0;0;0;102;102;102;102;102;102;102;102;102;102;102;102;102;102;102;102;102;102;102;102;102;102;102;0;0;0;
0;0;0;0;0;0;0;0;0;0;0;0;0;0;0;0;0;0;0;0;0;0;0;0;0;0;2590;2590;2590;2590;2590;2590;2590;2590;2590;2590;2590;2590;2590;2590;2590;2590;2590;2590;2590;60;2590;2590;2590;2590;2590;2590;2590;2590;2590;2590;2590;2590;2590;2590;2590;2590;2590;2590;2590;2590;2590;0;0;0;0;0;0;0;0;0;0;0;0;0;0;0;0;0;0;0;0;0;0;0;0;0;0;0;0;0;0;0;0;0;
0;0;0;0;0;0;0;0;0;0;0;0;0;778;0;0;0;0;0;0;0;0;0;0;0;0;2590;2590;0;0;0;340;0;0;0;0;0;0;340;0;0;0;0;0;0;340;0;0;0;0;0;0;340;0;0;0;0;340;0;0;0;0;340;0;0;2590;2590;0;0;0;0;0;0;0;0;0;0;0;0;0;0;0;0;0;0;0;0;0;0;0;0;0;0;0;0;0;0;0;0;0;
0;102;102;102;102;102;102;102;102;102;102;102;102;102;102;102;102;102;102;102;102;102;102;102;102;0;2590;2590;0;998;998;998;998;998;998;998;998;998;998;998;998;998;0;998;0;998;0;998;0;998;998;998;998;998;998;998;998;998;998;0;998;998;998;998;0;2590;2590;0;0;0;0;0;0;0;102;102;102;102;102;102;102;102;102;102;102;102;102;102;102;102;102;102;102;102;102;102;102;0;0;0;
0;0;0;0;0;0;0;0;0;0;0;0;0;0;0;0;0;0;0;0;0;0;0;0;0;0;2590;2590;0;0;0;0;0;0;0;0;0;0;0;0;0;0;0;998;998;998;998;998;0;0;0;0;0;0;0;0;0;0;0;0;0;0;0;0;0;2590;2590;0;0;0;0;0;0;0;0;0;0;0;0;0;0;0;0;0;0;0;0;0;0;0;0;0;552;0;552;0;0;0;0;0;
0;0;0;0;0;0;0;0;0;0;0;0;0;0;0;0;0;0;0;0;0;0;0;778;0;0;2590;2590;0;998;998;998;998;998;998;998;998;998;998;998;998;0;0;0;998;1482;998;0;0;0;998;998;998;998;998;998;998;998;998;998;998;998;998;998;0;2590;2590;0;0;0;0;0;0;0;0;0;0;0;0;0;0;0;0;0;0;0;0;0;0;0;0;0;0;242;0;0;0;0;0;0;
0;102;102;102;102;102;102;102;102;102;102;102;102;102;102;102;102;102;102;102;102;102;102;102;102;0;2590;2590;0;0;0;0;0;0;2282;0;0;0;0;0;0;0;998;998;998;998;998;998;998;0;0;0;0;0;0;0;2282;0;0;0;0;0;0;0;0;2590;2590;0;0;0;0;0;0;0;102;102;102;102;102;102;102;102;102;102;102;102;102;102;102;102;102;102;102;102;102;102;102;0;0;0;
0;0;0;0;0;0;0;0;0;0;0;0;0;0;0;0;0;0;0;0;0;0;0;0;0;0;2590;2590;0;998;998;998;998;998;998;998;998;998;998;998;998;0;0;858;998;1752;998;858;0;0;998;998;998;998;998;998;998;998;998;0;998;998;998;998;0;2590;2590;0;0;0;0;3472;0;0;0;0;0;0;0;0;0;0;0;0;0;0;0;0;0;0;0;0;0;0;3508;0;0;0;0;0;
0;0;0;0;0;0;0;0;0;0;0;0;0;0;778;0;778;0;0;0;0;0;0;0;0;0;2590;2590;0;0;0;0;0;0;0;0;0;0;0;0;0;0;0;998;998;998;998;998;0;0;0;0;0;0;3548;0;0;0;0;0;0;0;0;0;0;2590;2590;0;0;0;0;1308;3072;0;0;0;0;0;0;0;0;0;0;0;0;0;0;0;0;0;0;0;0;0;3510;0;0;0;0;0;
0;102;102;102;102;102;102;102;102;102;102;102;102;102;102;102;102;102;102;102;102;102;102;102;102;0;2590;2590;0;998;998;998;998;998;998;998;998;998;998;998;998;0;0;544;998;0;998;0;0;0;998;998;998;998;998;998;998;998;998;998;998;998;998;998;0;2590;2590;0;0;0;0;1308;1308;0;102;102;102;102;102;102;102;102;102;102;102;102;102;102;102;102;102;102;102;102;102;102;102;0;0;0;
0;0;0;0;0;0;0;0;0;0;0;0;0;0;0;0;0;0;0;0;0;0;0;0;0;0;2590;2590;0;0;0;0;0;0;0;0;0;0;0;0;0;546;998;998;998;998;998;998;998;546;0;0;0;0;0;0;0;0;0;0;0;0;0;0;0;2590;2590;0;0;0;1104;1308;0;0;0;0;0;0;0;0;0;0;0;0;0;0;0;0;0;0;0;0;0;0;0;0;0;0;0;0;
0;0;0;0;0;0;0;0;0;0;0;0;0;0;0;0;0;0;0;0;0;0;0;0;0;0;1162;1162;0;998;998;998;998;998;998;998;998;998;998;998;998;998;0;998;998;998;998;998;0;998;998;998;998;998;998;998;998;998;998;998;998;998;998;998;0;1162;1162;0;0;0;0;1308;1308;0;0;0;0;0;0;0;0;0;0;0;0;0;0;0;0;0;0;0;0;0;0;0;0;0;0;0;
0;102;102;102;102;102;102;102;102;102;102;102;102;102;102;102;102;102;102;102;102;102;102;102;102;0;1162;1162;0;0;0;0;0;0;0;0;0;0;0;0;0;0;1240;0;0;6;0;0;0;0;0;0;0;0;0;0;0;0;0;0;0;0;0;0;0;1162;1162;0;3472;0;1308;1308;0;1104;102;102;102;102;102;102;102;102;102;102;102;102;102;102;102;102;102;102;102;102;102;102;102;0;0;0;
308;442;0;0;0;0;0;0;0;0;0;0;0;0;0;0;0;0;0;0;0;0;0;0;0;0;2590;2590;2590;2590;2590;2590;2590;2590;2590;2590;2590;2590;2590;2590;2590;2590;2590;2590;2590;8;2590;2590;2590;2590;2590;2590;2590;2590;2590;2590;2590;2590;2590;2590;2590;2590;2590;2590;2590;2590;2590;1104;1308;1750;1308;0;1308;1104;0;0;0;0;0;0;0;0;0;0;0;0;0;0;0;0;0;0;0;0;0;0;0;0;0;0;
0;0;0;0;0;0;0;0;0;0;0;0;0;0;0;778;0;0;0;0;778;0;778;0;0;0;2590;2590;2590;2590;2590;2590;2590;2590;2590;2590;2590;2590;2590;2590;2590;2590;2590;2590;2590;2590;2590;2590;2590;2590;2590;2590;2590;2590;2590;2590;2590;2590;2590;2590;2590;2590;2590;2590;2590;2590;2590;1104;1308;1308;1308;1308;1308;1104;0;0;0;0;0;0;0;0;0;0;0;0;0;0;0;0;0;0;0;0;0;0;0;0;0;0;
8;8;8;8;8;8;8;8;8;8;8;8;8;8;8;8;8;8;8;8;8;8;8;8;8;8;8;8;8;8;8;8;8;8;8;8;8;8;8;8;8;8;8;8;8;8;8;8;8;8;8;8;8;8;8;8;8;8;8;8;8;8;8;8;8;8;8;8;8;8;8;8;8;8;8;8;8;8;8;8;8;8;8;8;8;8;8;8;8;8;8;8;8;8;8;8;8;8;8;8;
8;8;8;8;8;8;8;8;8;8;8;8;8;8;8;8;8;8;8;8;8;8;8;8;8;8;8;8;8;8;8;8;8;8;8;8;8;8;8;8;8;8;8;8;8;8;8;8;8;8;8;8;8;8;8;8;8;8;8;8;8;8;8;8;8;8;8;8;8;8;8;8;8;8;8;8;8;8;8;8;8;8;8;8;8;8;8;8;8;8;8;8;8;8;8;8;8;8;8;8;
8;8;8;8;8;8;8;8;8;8;8;8;8;8;8;8;8;8;8;8;8;8;8;8;8;8;8;8;8;8;8;8;8;8;8;8;8;8;8;8;8;8;8;8;8;8;8;8;8;8;8;8;8;8;8;8;8;8;8;8;8;8;8;8;8;8;8;8;8;8;8;8;8;8;8;8;8;8;8;8;8;8;8;8;8;8;8;8;8;8;8;8;8;8;8;8;8;8;8;8;
8;8;8;8;8;8;8;8;8;8;8;8;8;8;8;8;8;8;8;8;8;8;8;8;8;8;8;8;8;8;8;8;8;8;8;8;8;8;8;8;8;8;8;8;8;8;8;8;8;8;8;8;8;8;8;8;8;8;8;8;8;8;8;8;8;8;8;8;8;8;8;8;8;8;8;8;8;8;8;8;8;8;8;8;8;8;8;8;8;8;8;8;8;8;8;8;8;8;8;8;
8;8;8;8;8;8;8;8;8;8;8;8;8;8;8;8;8;8;8;8;8;8;8;8;8;8;8;8;8;8;8;8;8;8;8;8;8;8;8;8;8;8;8;8;8;8;8;8;8;8;8;8;8;8;8;8;8;8;8;8;8;8;8;8;8;8;8;8;8;8;8;8;8;8;8;8;8;8;8;8;8;8;8;8;8;8;8;8;8;8;8;8;8;8;8;8;8;8;8;8;
8;8;8;8;8;8;8;8;8;8;8;8;8;8;8;8;8;8;8;8;8;8;8;8;8;8;8;8;8;8;8;8;8;8;8;8;8;8;8;8;8;8;8;8;8;8;8;8;8;8;8;8;8;8;8;8;8;8;8;8;8;8;8;8;8;8;8;8;8;8;8;8;8;8;8;8;8;8;8;8;8;8;8;8;8;8;8;8;8;8;8;8;8;8;8;8;8;8;8;8;
