0;0;0;0;0;0;0;0;0;0;0;0;0;0;0;0;0;0;0;0;0;0;0;0;0;0;0;0;0;0;0;0;0;0;0;0;0;0;0;0;0;0;0;0;0;0;0;0;0;0;0;0;0;0;0;0;0;0;0;0;0;0;0;0;0;0;0;0;0;0;0;0;0;0;0;0;0;0;0;0;0;0;0;0;0;0;0;0;0;0;0;0;0;0;0;0;0;0;0;0;
0;0;0;0;0;0;0;0;0;0;0;0;0;0;0;0;0;0;0;0;0;0;0;0;0;0;0;0;0;0;0;0;0;0;0;0;0;0;0;0;0;0;0;0;0;0;0;0;0;0;0;0;0;0;0;0;0;0;0;0;0;0;0;0;0;0;0;0;0;0;0;0;0;0;0;0;0;0;0;0;0;0;0;0;0;0;0;0;0;0;0;0;0;0;0;0;0;0;0;0;
0;0;0;0;0;0;0;0;0;0;0;0;0;0;0;0;0;0;0;0;0;0;0;0;0;0;0;0;0;0;0;0;0;0;0;0;0;0;0;0;0;0;0;0;0;0;0;0;0;0;0;0;0;0;0;0;0;0;0;0;0;0;0;0;0;0;0;0;0;0;0;0;0;0;0;0;0;0;0;0;0;0;0;0;0;0;0;0;0;0;0;0;0;0;0;0;0;0;0;0;
0;0;0;0;0;0;0;0;0;0;0;0;0;0;0;0;0;0;0;0;0;0;0;0;0;0;0;0;0;0;0;0;0;0;0;0;0;0;0;0;0;0;0;0;0;0;0;0;0;0;0;0;0;0;0;0;0;0;0;0;0;0;0;0;0;0;0;0;0;0;0;0;0;0;0;0;0;0;0;0;0;0;0;0;0;0;0;0;0;0;0;0;0;0;0;0;0;0;0;0;
0;0;0;0;0;0;0;0;0;0;0;0;0;0;0;0;0;0;0;0;0;0;0;0;0;0;0;0;0;0;0;0;0;0;0;0;0;0;0;0;0;0;0;0;0;0;0;0;0;0;0;0;0;0;0;0;0;0;0;0;0;0;0;0;0;0;0;0;0;0;0;0;0;0;0;0;0;0;0;0;0;0;0;0;0;0;0;0;0;0;0;0;0;0;0;0;0;0;0;0;
0;0;0;0;0;0;0;0;0;0;0;0;0;0;0;0;0;0;0;0;0;0;0;0;0;0;0;0;0;0;0;0;0;0;0;0;0;0;0;0;0;0;0;0;0;0;0;0;0;0;0;0;0;0;0;0;0;0;0;0;0;0;0;0;116;0;0;0;0;0;0;0;0;0;0;0;0;0;0;0;0;0;0;0;0;0;0;0;0;0;0;0;0;0;0;0;0;0;0;0;
0;0;0;2;0;0;417;2;0;0;0;0;0;0;0;0;0;0;2;0;0;0;0;0;0;0;0;0;0;0;0;0;0;0;0;0;0;0;0;0;0;0;0;0;0;0;0;0;0;0;0;0;0;0;0;0;0;0;0;0;0;0;0;0;0;0;0;0;0;0;0;0;0;0;0;0;0;0;0;0;0;0;0;0;0;0;0;0;0;0;0;0;0;0;0;0;0;0;0;0;
0;0;0;2;415;0;2;0;0;0;0;0;0;0;0;0;0;0;0;0;0;0;0;0;0;0;0;0;0;0;0;0;0;0;0;0;0;0;0;0;0;0;0;0;0;0;0;0;0;0;0;0;0;0;0;0;0;0;0;0;0;0;0;0;0;0;0;0;0;0;0;0;0;0;0;0;0;0;0;0;0;0;0;0;0;0;0;0;0;0;0;0;0;0;0;0;0;0;0;0;
0;2;2;2;2;0;0;0;0;0;0;0;2;0;0;0;0;0;0;0;0;0;0;0;0;0;0;0;0;0;0;0;0;0;0;0;0;0;0;0;0;0;0;0;0;0;0;0;0;0;0;0;0;0;0;0;0;0;0;0;0;0;0;0;0;0;0;0;0;0;0;0;0;0;0;0;0;0;0;0;0;0;0;0;0;0;0;0;0;0;0;0;0;0;0;0;0;0;0;0;
0;0;0;0;0;2;0;0;0;0;0;0;2;0;0;0;0;0;0;0;0;0;0;0;0;0;0;0;0;0;0;0;0;0;0;0;0;0;0;0;0;0;0;0;0;0;0;0;0;0;0;0;0;0;0;0;0;0;0;0;0;0;0;0;0;0;0;0;0;0;0;0;0;0;0;0;0;0;0;0;0;0;0;0;0;0;0;0;0;0;0;0;0;0;0;0;0;0;0;0;
0;0;0;0;0;0;0;0;0;0;0;0;0;0;2;0;0;0;0;0;0;0;0;0;0;0;0;0;0;0;0;0;0;0;0;0;0;0;0;0;0;0;0;0;0;0;0;0;0;0;0;0;0;0;0;0;0;0;0;0;0;0;0;0;0;0;0;0;0;0;0;0;0;0;0;0;0;0;0;0;0;0;0;0;0;0;0;0;0;0;0;0;0;0;0;0;0;0;0;0;
2;2;2;2;2;2;0;0;0;0;0;2;0;2;2;0;0;0;0;0;0;0;0;0;0;0;0;0;0;0;0;0;0;0;0;0;0;0;0;0;0;0;0;0;0;0;0;0;0;0;0;0;0;0;0;0;0;0;0;0;0;0;0;0;0;0;0;2;0;0;0;0;0;0;0;0;0;0;0;0;0;0;0;0;0;0;0;0;0;0;0;0;0;0;0;0;0;0;0;0;
0;2;2;2;0;2;2;0;0;0;0;2;0;0;0;0;2;0;0;2;2;2;2;0;2;0;2;0;2;2;0;0;0;0;0;0;0;0;0;0;0;0;0;0;0;0;0;0;0;0;0;0;0;0;0;0;0;0;0;0;0;0;0;0;0;0;0;0;0;0;0;0;0;0;0;0;0;0;0;0;0;0;0;0;0;0;0;0;0;0;0;0;0;0;0;0;0;0;0;0;
0;2;0;0;0;2;2;0;0;0;2;2;2;0;0;2;0;0;0;0;0;0;0;0;0;0;2;0;0;2;0;0;2;2;0;0;0;0;0;0;0;0;0;0;0;0;0;0;0;0;0;0;0;0;0;0;0;0;0;0;0;0;0;0;0;0;0;0;0;0;0;0;0;0;0;0;0;0;0;0;0;0;0;0;0;0;0;0;0;0;0;0;0;0;0;0;0;0;0;0;
0;0;0;0;0;0;0;2;0;0;0;0;2;0;0;2;0;0;0;0;0;0;0;0;0;2;0;0;0;0;0;0;2;2;2;2;0;0;0;0;0;0;0;0;0;0;0;0;0;0;0;0;0;0;0;0;0;0;0;0;0;0;0;0;0;0;0;0;0;0;0;0;0;0;0;0;0;0;0;0;0;0;0;0;0;0;0;0;0;0;0;0;0;0;0;0;0;0;0;0;
0;0;0;0;0;0;0;0;0;0;0;0;0;0;2;0;0;0;2;2;2;2;2;2;0;0;0;0;0;0;2;0;0;0;2;0;0;0;0;0;0;0;0;0;0;0;0;0;0;0;0;0;0;0;0;0;0;0;0;0;0;0;0;0;0;0;0;0;0;0;0;0;0;0;0;0;0;0;0;0;0;0;0;0;0;0;0;0;0;0;0;0;0;0;0;0;0;0;0;0;
2;2;2;2;2;2;2;0;2;2;0;0;0;0;0;0;0;0;2;0;0;0;2;2;0;0;0;0;0;0;0;0;0;0;0;0;0;0;0;0;0;0;0;0;0;0;0;0;0;0;0;0;0;0;0;0;0;0;0;0;0;0;0;0;0;0;0;0;0;0;0;0;0;0;0;0;0;0;0;0;0;0;0;0;0;0;0;0;0;0;0;0;0;0;0;0;0;0;0;0;
0;0;0;0;0;0;0;0;0;2;2;0;0;0;0;0;0;2;2;2;0;0;0;2;2;0;0;0;0;0;0;0;0;0;0;0;0;0;0;0;0;0;0;0;0;0;0;0;0;0;0;0;0;0;0;0;0;0;0;0;0;0;0;0;548;548;548;548;548;548;548;548;60;548;548;548;548;548;548;548;548;0;0;0;0;0;0;0;0;0;0;0;0;0;0;0;0;0;0;0;
0;0;0;0;0;0;0;0;0;2;0;2;2;2;0;0;0;0;0;0;0;0;0;2;0;0;0;2;2;2;2;2;2;2;2;0;2;2;2;2;0;0;0;0;0;0;0;0;0;0;0;0;0;0;0;0;0;0;0;0;0;0;0;0;548;0;0;0;0;0;548;0;549;0;548;0;0;0;0;0;548;0;0;0;0;0;0;0;0;0;0;0;0;0;0;0;0;0;0;0;
0;0;2;0;2;0;0;2;0;0;0;2;2;0;0;0;2;2;2;0;0;2;0;2;2;4;4;4;4;4;0;4;0;4;4;0;4;4;4;4;4;2;0;2;0;2;0;0;0;0;0;0;0;0;0;0;0;0;0;0;0;0;0;0;548;0;0;0;0;0;548;0;242;0;548;0;0;0;0;0;548;0;0;0;0;0;0;0;0;0;0;0;0;0;0;0;0;0;0;0;
0;0;0;0;0;0;0;0;0;0;0;0;0;0;0;0;4;0;0;0;0;0;0;0;0;0;0;0;0;0;0;0;0;0;0;0;0;0;0;0;4;0;0;0;0;0;0;0;0;0;0;0;0;0;0;0;0;0;0;0;0;0;0;0;548;0;0;0;0;0;0;0;1750;0;0;0;0;0;0;0;548;0;0;0;0;0;0;0;0;0;0;0;0;0;0;0;0;0;0;0;
2;2;2;0;0;2;2;2;2;2;2;2;0;0;2;0;2;2;0;2;2;2;2;2;2;2;2;0;2;2;2;2;2;2;2;2;2;2;2;2;4;2;0;0;0;0;0;0;0;0;0;0;0;0;0;0;0;0;0;0;0;0;0;0;548;60;548;548;548;548;548;548;578;548;548;548;548;548;548;60;548;0;0;0;0;0;0;0;0;0;0;0;0;0;0;0;0;0;0;0;
0;2;0;0;0;0;0;0;0;0;0;0;0;2;2;2;2;2;0;0;2;0;0;0;0;0;0;0;0;0;0;0;0;2;0;0;0;0;0;2;0;0;0;0;0;0;0;0;0;0;0;0;0;0;0;0;0;102;102;102;102;102;102;0;166;0;0;0;0;0;0;0;2012;0;0;0;0;0;0;0;166;0;0;0;0;0;0;0;0;0;0;0;0;0;0;0;0;0;0;0;
0;0;0;0;0;0;0;0;0;0;0;0;0;0;0;0;0;0;0;0;0;0;0;0;0;0;0;0;0;0;0;0;0;0;0;0;0;0;0;0;0;0;0;0;0;0;0;0;0;0;0;0;177;177;177;177;177;0;0;0;0;0;0;0;166;0;0;0;0;0;0;2012;6;544;0;0;0;0;0;0;166;0;0;0;0;0;0;0;0;0;0;0;0;0;0;0;0;0;0;0;
2;2;2;2;2;2;2;2;2;2;2;2;0;0;2;2;2;2;0;0;2;2;2;2;2;2;2;2;2;2;0;2;2;2;2;2;2;2;2;0;0;0;0;0;0;0;0;0;0;0;0;2;2;2;2;2;2;0;0;2;2;0;0;0;166;60;102;102;102;102;102;102;8;102;102;102;102;102;102;60;166;0;0;0;0;0;0;0;0;0;0;0;0;0;0;0;0;0;0;0;
2;2;2;2;2;2;2;2;2;2;2;2;0;0;2;2;2;2;0;0;2;2;2;2;2;2;2;2;2;2;0;2;2;2;2;2;2;2;2;0;0;0;0;0;0;0;0;0;0;2;0;2;10;2;2;2;2;0;0;2;0;0;0;0;166;0;0;0;0;0;0;0;1422;0;0;0;0;0;0;0;166;0;0;0;0;0;0;0;0;0;0;0;0;0;0;0;0;0;0;0;
2;2;2;2;2;2;2;2;2;2;2;2;0;0;0;2;10;2;0;0;2;2;2;2;2;2;2;2;2;2;0;2;2;2;2;2;2;2;2;0;0;0;0;0;0;0;0;0;2;2;0;2;2;2;2;2;10;0;0;2;2;2;2;0;166;100;100;100;100;100;100;100;100;100;100;100;100;100;100;100;166;0;0;0;0;0;0;0;0;0;0;0;0;0;0;0;0;0;0;0;
2;2;2;2;2;2;2;2;2;2;2;2;0;0;0;2;2;2;0;0;0;2;2;2;2;2;2;2;2;2;0;2;2;2;2;2;2;2;4;4;0;0;0;4;0;0;0;0;2;2;0;2;2;2;2;2;2;0;0;2;2;2;2;0;166;0;0;0;0;0;0;0;0;0;0;0;0;0;0;0;166;0;0;0;0;0;0;0;0;0;0;0;0;0;0;0;0;0;0;0;
2;2;2;2;2;2;10;2;2;2;2;2;0;0;0;2;2;2;0;0;2;2;2;2;2;2;2;2;2;2;0;0;0;0;0;0;0;0;0;0;0;171;171;173;173;0;0;0;0;0;0;0;0;0;0;0;0;0;0;0;0;0;0;0;166;0;0;0;0;0;0;0;0;0;0;0;0;0;0;0;166;0;0;0;0;0;0;0;0;0;0;2;2;2;2;2;2;2;10;0;
2;2;2;2;2;2;2;2;2;2;2;2;0;0;0;2;2;2;0;0;2;2;2;2;2;2;2;2;2;0;0;2;2;2;2;0;2;2;2;2;0;2;2;2;2;0;2;2;2;2;0;2;0;2;2;2;2;2;2;2;2;2;2;0;166;0;0;0;0;0;0;0;0;0;0;0;0;0;0;0;166;0;2;2;2;0;0;0;0;0;0;10;2;2;2;2;2;2;2;0;
2;2;2;2;2;2;2;2;2;2;2;2;2;0;0;0;2;2;0;0;0;0;0;0;0;0;0;0;0;0;0;2;2;2;2;0;2;2;2;2;2;2;2;2;2;2;2;2;2;10;0;2;0;2;2;2;2;2;2;2;2;2;2;0;166;166;166;166;166;166;166;166;166;166;166;166;166;166;166;166;166;0;0;0;0;0;2;2;2;2;0;2;2;2;2;2;2;2;2;0;
2;2;2;2;2;2;2;2;10;2;2;2;0;0;0;2;2;2;0;0;2;2;2;2;2;0;0;0;0;2;0;2;2;2;2;0;0;0;0;0;2;2;2;2;2;2;2;2;2;2;0;2;0;0;0;0;0;0;0;0;0;0;0;0;0;0;0;0;0;0;0;0;0;0;0;0;0;0;0;0;0;0;2;2;2;0;2;2;2;2;0;2;2;2;2;2;2;2;2;0;
2;2;2;2;2;2;2;2;2;2;2;2;0;0;0;2;2;2;0;0;2;2;2;2;2;2;2;2;2;2;0;2;2;2;2;2;2;2;2;2;2;2;2;2;2;2;2;10;2;10;0;2;0;2;2;2;2;2;2;2;2;2;2;2;2;2;2;2;2;2;0;2;0;0;0;0;0;0;0;2;2;2;2;2;2;0;2;2;10;2;0;2;2;2;2;2;2;2;2;0;
2;2;2;2;2;2;2;2;2;2;2;2;2;0;0;2;2;2;0;0;2;2;2;2;2;2;2;2;2;2;0;0;2;2;2;2;2;2;2;2;2;2;2;2;2;2;2;2;2;2;0;2;0;2;2;2;2;2;2;2;2;2;2;2;2;2;2;2;2;2;2;2;2;2;2;2;2;2;0;2;2;2;2;2;2;0;2;2;2;2;0;2;10;2;2;2;2;2;2;0;
2;2;2;2;2;2;2;2;2;2;2;2;0;0;0;2;2;2;0;0;2;2;2;2;2;2;2;2;2;2;2;0;2;2;2;2;2;2;2;2;2;2;2;2;2;2;2;2;2;10;0;2;0;2;2;2;2;2;2;2;2;2;2;2;2;2;10;2;2;2;2;2;2;2;2;2;2;2;0;2;2;2;2;2;2;0;2;2;2;2;0;2;2;2;2;2;2;2;2;0;
2;2;2;2;2;2;2;2;2;2;2;2;0;0;0;2;2;2;0;0;2;2;2;2;2;2;2;2;2;2;2;0;2;2;2;2;2;2;2;2;2;2;2;2;2;2;2;2;2;2;0;2;0;2;2;2;2;2;2;2;2;2;10;2;2;2;2;2;2;2;10;2;2;2;2;2;2;2;0;2;2;2;2;2;2;0;2;2;2;2;0;0;2;2;2;2;2;2;2;0;
2;2;2;2;2;2;2;2;2;2;2;2;0;0;2;2;2;2;0;0;2;2;2;2;2;2;2;2;2;2;2;0;2;2;2;2;2;2;2;2;2;2;2;2;2;2;2;2;2;2;0;2;0;2;2;2;2;2;2;2;10;2;2;2;2;2;2;2;2;2;2;2;2;2;2;2;2;2;0;2;2;2;2;2;2;0;2;2;2;2;0;2;2;2;2;2;10;2;2;0;
2;2;2;2;2;2;2;2;2;2;2;2;0;0;0;2;2;2;0;0;2;2;2;2;2;2;2;2;10;2;0;0;2;2;2;2;2;2;2;2;2;2;2;2;2;2;2;2;2;2;0;2;0;2;2;2;2;2;2;2;2;2;2;2;2;2;2;2;2;2;2;2;2;2;2;2;2;2;0;0;0;0;0;0;0;0;0;0;0;0;0;2;2;2;2;2;2;2;2;0;
2;2;2;2;2;2;2;2;2;2;2;2;0;0;0;2;2;2;0;0;2;2;2;2;2;2;2;2;2;2;0;0;0;2;2;2;2;2;2;2;2;2;2;2;2;2;2;2;2;2;0;2;0;2;2;2;2;2;2;2;2;2;2;2;2;2;2;2;2;2;2;2;2;2;2;2;2;2;0;2;2;10;2;2;2;2;2;2;2;2;0;2;2;2;2;2;2;2;2;0;
2;2;2;2;2;2;2;2;2;2;2;2;2;0;0;2;2;2;0;0;2;2;2;2;10;2;2;2;2;2;0;0;0;0;2;2;2;2;2;2;2;2;2;2;2;2;2;2;2;2;0;2;0;2;2;2;2;2;2;2;2;2;2;2;2;2;2;2;2;2;2;2;2;2;2;2;2;2;0;0;2;2;2;2;2;2;2;2;2;2;0;2;2;2;2;2;2;2;2;0;
2;2;2;2;2;2;2;2;2;2;2;2;2;0;0;2;2;2;0;0;2;2;2;2;2;2;2;2;2;2;0;0;0;0;0;0;2;2;2;2;2;2;2;2;2;2;2;2;2;2;0;0;0;2;2;2;2;2;2;2;2;2;2;2;2;2;2;2;2;2;2;2;2;2;2;2;2;2;0;0;2;2;2;2;2;2;2;2;2;2;0;2;2;2;2;2;2;2;2;0;
2;2;2;2;2;2;2;2;2;2;2;2;2;0;2;2;2;2;0;0;2;2;2;2;2;2;2;2;2;2;0;0;0;0;0;0;2;2;2;2;2;2;2;2;2;2;2;2;2;0;0;2;0;2;2;2;2;2;2;2;2;2;2;2;2;2;2;2;2;2;2;2;2;2;2;2;2;2;0;0;2;2;2;2;2;2;2;10;2;2;0;2;2;2;2;2;2;2;2;0;
2;2;2;2;2;2;2;2;10;2;2;2;2;0;0;2;2;2;0;0;2;2;2;2;2;2;2;2;2;2;0;0;0;0;0;0;0;0;0;0;0;0;0;0;0;0;0;0;0;0;0;0;0;0;0;0;0;0;0;0;0;0;0;0;0;0;0;0;2;2;2;2;2;2;2;2;2;2;2;0;2;2;2;2;2;2;2;2;2;2;0;2;2;2;2;2;2;2;2;0;
2;2;2;2;2;2;2;2;2;2;2;2;2;0;0;2;2;2;0;0;2;2;2;2;2;2;2;2;2;2;0;0;0;0;0;0;10;0;0;0;0;0;0;0;0;0;0;0;0;0;0;0;0;2;2;2;2;2;2;2;2;2;2;10;10;2;2;2;2;2;2;2;2;2;2;2;2;2;2;0;2;2;2;2;2;2;2;2;2;2;0;2;2;2;2;2;2;2;2;0;
2;2;2;2;2;2;2;2;2;2;2;2;2;0;2;2;2;2;0;0;2;2;2;10;2;2;2;2;2;2;0;0;0;0;0;0;0;0;0;0;0;0;0;0;0;0;0;0;0;0;0;0;0;0;0;2;2;2;2;2;2;2;2;2;2;2;2;2;2;2;2;2;2;2;2;2;2;2;2;0;2;2;2;2;2;2;2;2;2;2;0;2;10;2;2;2;2;2;2;0;
2;2;2;2;2;2;2;2;2;2;2;2;2;0;0;2;2;2;0;0;2;2;2;2;2;2;2;2;2;2;0;2;2;2;2;2;2;2;2;2;2;2;2;2;2;2;2;2;2;2;0;0;0;0;0;2;2;2;2;2;2;2;2;2;2;2;2;2;2;2;2;2;2;2;2;2;2;2;2;0;2;2;2;2;2;2;2;2;2;2;0;2;2;2;2;2;2;2;2;0;
2;2;2;2;2;2;2;2;2;2;2;2;2;0;0;0;2;2;0;0;2;2;2;2;2;2;2;10;2;2;0;10;2;2;2;2;2;2;2;2;2;2;2;2;2;2;2;2;2;2;0;0;0;0;0;0;0;0;0;0;0;0;0;0;0;0;0;0;0;0;0;0;0;0;0;0;0;0;0;0;0;0;0;0;0;0;0;0;0;0;0;10;2;2;2;2;2;2;2;0;
0;0;0;0;0;0;0;0;0;0;0;0;0;0;0;0;0;0;0;0;2;2;2;10;2;2;2;2;2;2;0;2;2;2;2;2;2;2;2;2;2;2;2;2;2;2;2;2;2;2;0;0;0;0;0;0;0;0;0;0;0;0;0;0;0;0;0;0;0;0;0;0;0;0;0;0;0;0;0;0;10;2;2;2;2;2;2;2;2;2;0;2;2;2;2;2;2;2;2;0;
2;2;2;2;2;2;2;2;2;2;2;2;2;2;2;2;2;2;0;0;2;2;2;2;2;2;10;2;2;2;0;2;2;2;2;2;2;2;2;2;2;2;2;2;2;2;2;2;2;2;0;2;0;0;0;0;0;0;0;0;0;0;0;0;0;0;0;0;0;0;0;0;0;0;0;0;0;0;0;0;2;2;2;2;2;2;2;2;2;2;0;0;2;2;2;2;2;2;2;0;
2;2;2;2;2;2;2;2;2;2;2;2;2;2;2;2;2;2;0;0;2;2;2;2;2;2;2;0;0;0;0;2;2;2;2;2;2;0;0;2;2;2;2;2;2;2;2;2;2;2;0;2;0;0;0;0;2;2;2;2;2;2;2;2;2;0;0;0;0;0;0;0;0;10;2;2;2;0;0;0;2;2;2;2;2;2;2;2;0;0;0;2;2;2;2;2;2;2;2;0;
2;2;2;2;2;2;2;2;2;2;2;2;2;2;2;2;2;2;0;0;0;0;0;2;2;2;2;0;0;0;0;0;2;2;2;2;2;0;0;2;0;2;0;0;0;2;2;2;2;2;0;2;0;0;0;0;0;0;0;0;0;0;0;0;0;0;0;0;0;0;0;0;0;0;0;0;0;0;2;0;0;0;2;2;2;2;2;2;0;2;2;2;2;0;0;0;0;2;2;0;
2;0;2;2;0;2;2;2;2;2;2;2;2;2;2;2;2;2;0;2;0;0;2;2;0;0;0;0;0;0;0;2;2;2;2;10;0;0;0;0;0;2;0;0;0;2;2;2;0;0;0;0;0;0;0;0;0;0;2;0;2;2;0;0;0;0;0;0;0;0;0;0;0;0;0;0;0;0;0;0;0;0;0;0;0;0;0;0;0;2;2;2;2;0;0;2;0;0;0;0;
2;0;0;0;0;2;2;2;2;2;2;2;2;2;2;2;2;0;0;0;0;0;0;0;0;0;0;0;0;0;0;0;0;0;0;0;0;0;0;0;0;0;0;0;0;0;0;0;0;0;0;0;0;0;0;0;0;0;0;0;0;0;0;0;0;0;0;0;0;0;0;0;0;0;0;0;0;0;0;0;0;0;0;0;0;0;0;0;0;0;0;0;0;0;0;0;0;0;0;0;
0;0;0;0;0;0;2;2;2;2;2;2;2;2;2;2;2;0;0;0;0;0;0;0;0;0;0;0;0;0;0;0;0;0;0;0;0;0;0;0;0;0;0;0;0;0;0;0;0;0;0;0;0;0;0;0;0;0;0;0;0;0;0;0;0;0;0;0;0;0;0;0;0;0;0;0;0;0;0;0;0;0;0;0;0;0;0;0;0;0;0;0;0;0;0;0;0;0;0;0;
8;8;8;8;8;8;8;8;8;8;8;8;8;8;8;8;8;8;8;8;8;8;8;8;8;8;8;8;8;8;8;8;8;8;8;8;8;8;8;8;8;8;8;8;8;8;8;8;8;8;8;8;8;8;8;8;8;8;8;8;8;8;8;8;8;8;8;8;8;8;8;8;8;8;8;8;8;8;8;8;8;8;8;8;8;8;8;8;8;8;8;8;8;8;8;8;8;8;8;8;
8;8;8;8;8;8;8;8;8;8;8;8;8;8;8;8;8;8;8;8;8;8;8;8;8;8;8;8;8;8;8;8;8;8;8;8;8;8;8;8;8;8;8;8;8;8;8;8;8;8;8;8;8;8;8;8;8;8;8;8;8;8;8;8;8;8;8;8;8;8;8;8;8;8;8;8;8;8;8;8;8;8;8;8;8;8;8;8;8;8;8;8;8;8;8;8;8;8;8;8;
8;8;8;8;8;8;8;8;8;8;8;8;8;8;8;8;8;8;8;8;8;8;8;8;8;8;8;8;8;8;8;8;8;8;8;8;8;8;8;8;8;8;8;8;8;8;8;8;8;8;8;8;8;8;8;8;8;8;8;8;8;8;8;8;8;8;8;8;8;8;8;8;8;8;8;8;8;8;8;8;8;8;8;8;8;8;8;8;8;8;8;8;8;8;8;8;8;8;8;8;
8;8;8;8;8;8;8;8;8;8;8;8;8;8;8;8;8;8;8;8;8;8;8;8;8;8;8;8;8;8;8;8;8;8;8;8;8;8;8;8;8;8;8;8;8;8;8;8;8;8;8;8;8;8;8;8;8;8;8;8;8;8;8;8;8;8;8;8;8;8;8;8;8;8;8;8;8;8;8;8;8;8;8;8;8;8;8;8;8;8;8;8;8;8;8;8;8;8;8;8;
8;8;8;8;8;8;8;8;8;8;8;8;8;8;8;8;8;8;8;8;8;8;8;8;8;8;8;8;8;8;8;8;8;8;8;8;8;8;8;8;8;8;8;8;8;8;8;8;8;8;8;8;8;8;8;8;8;8;8;8;8;8;8;8;8;8;8;8;8;8;8;8;8;8;8;8;8;8;8;8;8;8;8;8;8;8;8;8;8;8;8;8;8;8;8;8;8;8;8;8;
8;8;8;8;8;8;8;8;8;8;8;8;8;8;8;8;8;8;8;8;8;8;8;8;8;8;8;8;8;8;8;8;8;8;8;8;8;8;8;8;8;8;8;8;8;8;8;8;8;8;8;8;8;8;8;8;8;8;8;8;8;8;8;8;8;8;8;8;8;8;8;8;8;8;8;8;8;8;8;8;8;8;8;8;8;8;8;8;8;8;8;8;8;8;8;8;8;8;8;8;
