0;0;0;0;0;0;0;0;0;0;0;0;0;0;0;0;0;0;0;0;0;0;0;0;202;0;0;0;0;0;2;0;0;0;0;0;0;202;0;0;0;0;0;0;0;224;0;0;0;0;0;0;0;0;0;0;0;0;0;0;0;0;0;0;0;0;0;0;0;0;0;0;0;0;0;0;0;0;0;0;0;0;0;0;0;0;0;0;0;0;0;0;0;0;0;0;0;0;0;0;
0;0;0;0;0;0;0;0;0;0;0;0;0;0;0;0;0;0;0;0;0;0;2;2;2;2;0;0;0;0;12;0;2;2;2;2;2;2;2;2;2;2;2;2;2;2;2;0;0;0;0;0;0;0;0;0;0;0;0;0;0;0;0;0;0;0;0;0;0;0;0;0;0;0;0;0;0;0;0;0;0;0;0;0;0;0;0;0;0;0;0;0;0;0;0;0;0;0;0;0;
0;0;0;0;0;0;0;0;0;0;0;0;0;0;0;0;0;0;0;0;0;0;0;0;0;2;0;0;0;0;206;0;0;0;2;0;0;0;0;0;0;0;0;0;0;2;2;102;0;0;0;0;0;0;0;0;0;0;0;0;0;0;0;0;0;0;0;0;0;0;0;0;0;0;0;0;0;0;0;0;0;0;0;0;0;0;0;0;0;0;0;0;0;0;0;0;0;0;0;0;
0;0;0;0;0;0;0;0;0;0;0;0;0;0;0;0;0;0;0;0;204;0;0;2;2;2;0;0;0;0;0;0;0;0;2;0;12;0;0;0;0;0;0;0;0;2;2;0;0;0;0;0;0;0;0;0;0;0;0;0;0;0;0;0;0;0;0;0;0;0;0;0;0;0;0;0;0;0;0;0;0;0;0;0;0;0;0;0;0;0;0;0;0;0;0;0;0;0;0;0;
0;0;0;0;0;0;0;0;0;0;0;0;0;0;0;0;0;0;0;0;0;0;0;0;0;2;0;0;0;0;0;0;0;0;2;0;204;0;0;0;0;204;0;0;0;2;2;0;0;0;0;0;0;0;0;0;0;0;0;0;0;0;0;0;0;0;0;0;0;0;0;0;0;0;0;0;0;0;0;0;0;0;0;0;0;0;0;0;0;0;0;0;0;0;0;0;0;0;0;0;
0;0;0;0;0;0;0;0;0;0;0;0;0;0;0;0;0;0;0;0;0;0;2;2;2;2;2;2;2;2;2;2;0;0;0;0;0;0;0;0;0;0;0;0;0;2;2;102;0;0;0;0;0;0;0;0;0;0;0;0;0;0;0;0;0;0;0;0;0;0;0;0;0;0;0;0;0;0;0;0;0;0;0;0;0;0;0;0;0;0;0;0;0;0;0;0;0;0;0;0;
0;0;0;0;0;0;0;0;0;0;0;0;0;0;2;0;0;0;0;0;0;0;2;0;0;0;0;2;2;2;2;2;2;2;2;2;2;2;0;0;0;0;0;0;0;2;2;0;0;0;0;0;0;0;0;0;0;0;0;0;0;0;0;0;0;0;0;0;0;0;0;0;0;0;0;0;0;0;0;0;0;0;0;0;0;0;0;0;0;0;0;0;0;0;0;0;0;0;0;0;
0;0;0;0;0;0;0;0;0;0;0;0;206;0;0;0;0;0;0;0;0;0;2;2;2;0;0;0;0;2;0;0;2;2;2;2;2;2;2;2;2;2;0;0;2;2;2;0;0;0;0;0;0;0;0;0;0;0;0;0;0;0;0;0;0;0;0;0;0;0;0;0;0;0;0;0;0;2;0;2;0;0;0;0;0;0;0;0;0;0;0;0;0;0;0;0;0;0;0;0;
0;0;0;0;0;0;0;0;0;0;0;0;0;0;0;0;0;0;0;0;0;336;2;0;0;0;0;0;0;2;0;0;0;0;0;0;0;2;2;2;2;2;2;2;2;2;2;102;206;0;0;0;0;0;0;0;0;0;0;0;0;0;0;0;0;0;0;0;0;0;0;0;0;0;0;0;0;0;0;0;2;0;0;0;0;0;0;0;0;0;0;0;0;0;0;0;0;0;0;0;
0;0;0;0;0;0;0;0;0;0;0;0;0;0;2;0;0;0;0;0;0;0;2;2;2;2;2;2;2;2;0;0;0;0;0;0;0;0;0;0;0;2;2;2;2;2;0;0;0;0;0;0;0;0;0;0;2;0;0;0;2;2;2;2;2;0;2;2;2;2;2;2;2;2;2;0;0;0;0;0;0;0;0;0;0;0;0;2;0;0;0;0;0;0;0;0;0;0;0;0;
0;204;0;0;0;0;0;0;0;0;0;0;0;0;0;0;0;0;0;0;0;0;2;0;0;0;0;0;0;2;0;0;0;0;0;0;0;0;0;0;0;0;0;0;2;2;0;0;0;0;0;0;0;0;0;0;0;0;2;0;0;0;0;0;0;0;0;0;0;0;0;0;0;0;0;2;0;0;0;0;0;0;0;0;0;0;0;2;0;0;0;0;0;0;0;0;0;0;0;0;
0;0;0;0;0;0;0;0;0;0;0;0;0;2;2;2;2;2;2;0;0;0;2;2;2;2;2;2;2;2;0;0;0;0;0;0;0;0;0;0;0;0;0;0;2;2;2;2;2;2;2;0;0;0;0;0;2;2;2;0;0;2;2;2;2;2;2;2;2;2;2;2;2;0;0;2;0;0;0;0;0;0;0;0;0;0;0;2;0;0;0;0;0;0;0;0;0;0;0;0;
0;0;0;0;0;0;0;0;0;0;0;0;0;0;2;0;0;0;0;0;0;0;2;0;0;0;0;0;0;2;0;0;0;0;0;0;0;0;0;0;0;0;0;0;2;2;0;0;0;0;2;2;2;2;0;0;0;0;2;0;0;0;0;0;0;0;0;0;0;0;0;0;0;0;0;2;0;0;0;0;0;0;0;0;0;0;0;2;0;0;0;0;0;0;0;0;0;0;0;0;
0;202;0;0;0;0;0;0;0;0;0;0;0;0;2;0;0;0;0;0;0;0;2;2;2;2;2;0;2;2;2;0;0;0;0;0;0;0;0;0;0;0;0;0;0;336;2;2;2;2;2;2;2;2;102;0;2;0;2;2;0;2;2;2;2;2;2;2;2;2;2;2;2;0;0;2;0;0;0;0;0;0;0;2;0;0;0;0;0;0;0;0;0;0;0;0;0;0;0;0;
2;2;2;2;2;2;2;2;2;2;2;0;0;0;0;0;0;0;0;0;206;0;0;0;0;0;0;0;0;0;204;0;0;0;0;0;0;0;0;0;0;0;0;0;0;336;0;0;0;0;0;0;0;2;0;0;0;0;2;0;0;0;0;0;0;0;0;0;0;0;0;0;0;0;0;0;0;2;2;2;2;2;2;2;0;0;0;0;0;0;0;0;0;0;0;0;0;0;0;0;
0;0;0;0;0;0;0;0;0;0;2;2;2;2;2;2;2;2;2;0;0;0;0;0;2;0;0;0;0;0;2;0;0;0;0;0;0;0;206;0;0;0;0;0;0;336;0;2;2;2;2;2;2;2;0;0;0;2;2;0;0;2;2;2;2;2;2;2;2;2;2;2;2;0;0;0;0;0;0;0;0;0;0;0;0;0;0;0;0;0;0;0;0;0;0;0;0;0;0;0;
0;0;0;0;0;0;0;0;0;337;0;0;2;2;2;2;2;2;2;0;0;0;0;0;0;0;2;2;0;2;2;0;0;0;0;0;0;0;0;0;0;0;0;0;0;336;0;0;0;0;0;0;0;2;2;0;0;0;2;0;0;0;0;0;0;0;0;0;0;0;0;0;0;0;0;0;0;2;2;2;2;2;0;0;0;0;0;0;0;0;0;0;0;0;0;0;0;0;0;0;
0;0;0;0;0;0;0;0;2;2;0;0;0;0;0;0;0;2;0;0;0;0;0;0;0;0;336;2;2;2;2;0;0;0;0;0;2;2;2;2;2;2;0;0;0;336;2;2;2;2;2;2;2;2;2;0;0;0;0;0;2;2;2;2;2;2;2;2;2;2;2;2;2;0;0;2;0;0;0;0;0;0;0;0;0;0;0;0;0;0;0;0;0;0;0;0;0;0;0;0;
0;0;0;0;0;0;0;0;2;336;0;0;336;336;0;0;0;2;2;336;2;2;0;336;336;336;336;336;0;336;0;0;0;0;0;0;0;0;0;0;0;2;0;0;336;336;0;0;0;0;0;0;0;0;2;0;0;0;0;0;0;0;0;0;0;0;0;0;0;0;0;0;0;0;0;2;0;0;0;0;2;0;0;2;0;0;0;0;0;0;0;0;0;0;0;0;0;0;0;0;
2;2;2;0;0;0;0;0;0;0;0;336;0;0;0;0;0;2;0;0;0;2;0;0;0;0;0;336;336;336;0;0;0;0;0;0;0;0;0;0;0;0;0;0;336;2;0;2;2;2;2;0;2;2;2;102;0;2;2;0;0;2;2;2;2;2;0;2;2;2;2;2;2;0;0;2;0;0;0;0;0;0;0;0;2;0;0;0;0;0;0;0;0;0;0;0;0;0;0;0;
2;202;2;0;0;0;0;0;0;0;0;0;0;0;0;0;0;2;336;0;0;2;0;0;336;0;0;336;2;336;0;0;0;0;0;0;0;0;0;0;0;0;0;0;336;2;0;0;0;0;0;0;0;0;224;0;0;0;0;0;0;0;0;0;0;0;0;0;0;0;0;0;0;0;0;2;0;0;0;0;0;0;0;0;2;2;0;0;0;0;0;0;0;0;0;0;0;0;0;0;
12;12;2;0;0;0;0;0;2;2;2;2;2;2;2;2;2;2;0;0;0;2;0;0;336;336;0;0;336;336;0;0;0;0;0;0;0;12;0;0;0;336;336;336;336;2;2;2;2;2;2;2;2;2;2;0;0;0;0;0;0;2;2;2;2;2;2;2;2;2;2;2;2;0;0;2;0;0;0;0;0;0;0;0;0;0;2;0;0;0;0;0;0;0;0;0;0;0;0;0;
12;2;2;2;2;2;2;224;2;2;202;2;2;2;2;336;0;336;0;336;0;336;0;0;0;0;336;0;0;336;336;336;336;442;0;0;0;0;0;336;336;336;0;0;0;0;0;0;0;0;0;0;0;0;2;2;2;2;2;0;0;0;0;0;0;0;0;0;0;0;0;0;0;0;0;0;0;0;0;0;2;2;2;2;2;2;2;2;2;2;2;2;2;2;2;2;0;0;0;0;
12;12;0;12;224;6;858;224;0;12;12;12;12;2;2;2;2;2;0;0;0;0;0;2;2;2;2;2;2;0;0;0;0;0;224;0;0;0;336;0;0;0;0;0;0;2;2;2;2;2;2;2;2;2;2;2;2;2;2;2;0;0;0;2;2;0;2;2;2;2;2;2;2;2;2;0;2;2;2;2;2;2;2;2;0;0;0;0;0;0;0;0;0;0;0;0;0;206;102;0;
12;12;2;2;2;8;224;2;2;336;2;2;2;2;2;2;2;2;2;224;2;2;2;2;0;0;0;0;2;336;0;0;336;442;202;0;0;202;0;336;0;206;0;0;0;0;0;0;0;0;0;0;2;0;0;0;0;0;2;2;2;0;0;2;0;0;0;0;0;2;0;0;0;0;0;0;0;0;0;0;0;0;0;0;0;0;0;0;0;0;0;0;0;0;0;0;0;0;0;0;
336;12;2;0;0;0;0;0;2;2;2;2;2;2;0;0;2;0;0;0;0;0;0;0;0;0;0;0;2;0;0;0;0;336;0;336;336;0;336;0;0;0;0;0;0;2;2;2;2;2;2;0;2;0;2;2;2;2;2;0;2;0;0;0;0;0;0;0;0;2;0;0;0;0;0;0;0;0;0;0;0;0;0;0;0;0;2;2;2;2;2;2;2;2;2;2;2;0;0;0;
2;336;2;0;0;0;0;0;0;0;0;0;0;0;0;0;0;0;0;0;0;0;0;0;0;0;0;0;2;0;336;336;336;0;336;0;0;336;0;0;0;0;0;0;0;0;0;0;0;0;0;0;2;0;2;0;0;0;0;0;2;102;0;2;0;2;0;2;2;2;0;2;2;0;2;2;2;2;0;0;0;0;0;0;0;0;0;0;0;0;0;0;0;0;0;0;0;0;102;0;
2;2;2;0;0;0;0;0;0;0;0;0;0;0;0;0;0;0;0;202;2;2;2;2;2;0;0;0;2;0;0;0;0;0;0;0;0;0;0;0;0;0;0;0;0;2;2;0;2;2;2;2;2;0;2;2;2;2;2;0;2;0;0;2;0;0;0;0;0;0;0;0;0;0;0;0;0;0;0;0;0;0;0;0;0;0;0;0;0;0;0;0;0;0;0;0;0;0;0;0;
2;0;0;0;0;2;2;2;2;2;2;2;2;0;0;0;0;0;0;0;0;0;0;0;0;0;0;102;2;0;0;0;0;0;0;0;0;0;0;0;0;336;0;0;0;2;0;0;0;0;0;0;0;0;0;0;0;0;0;0;2;0;0;0;0;0;0;0;2;2;2;2;2;2;2;2;2;2;2;2;0;0;0;0;0;0;2;2;2;2;2;2;2;2;2;2;2;0;0;0;
2;0;0;0;0;0;0;0;0;0;0;0;0;2;2;2;0;0;0;0;0;0;2;0;0;0;0;0;2;0;0;0;2;2;0;2;2;0;2;336;0;336;0;2;2;0;2;2;0;2;2;2;2;2;2;2;2;2;2;2;2;102;0;0;0;2;2;2;2;2;2;2;2;2;2;2;2;2;0;2;2;2;2;2;0;0;2;0;0;0;0;0;0;0;0;0;0;0;102;0;
2;0;0;0;0;0;0;0;0;0;0;0;0;0;0;0;0;2;2;0;0;0;2;0;0;0;0;0;2;0;0;0;0;0;0;0;0;0;0;336;0;0;0;2;0;0;0;0;0;0;0;0;206;0;0;0;0;0;0;0;2;0;0;0;0;2;176;0;0;0;0;0;0;2;0;0;0;0;0;2;2;2;2;2;0;0;2;0;2;2;2;2;2;2;2;2;2;0;0;0;
2;102;102;0;0;0;0;0;0;0;0;0;0;0;0;0;0;2;0;0;0;0;0;0;0;0;0;102;2;2;2;2;2;2;2;2;2;2;2;2;2;2;0;0;0;0;0;0;0;0;0;0;0;0;0;0;0;0;0;0;2;0;0;0;102;2;2;2;2;2;2;0;0;0;0;0;0;0;0;2;2;2;2;2;0;0;0;0;2;2;2;2;2;2;2;0;0;0;0;0;
2;0;0;0;0;0;0;0;0;0;0;0;0;0;0;2;0;2;2;2;2;0;0;0;0;0;0;0;0;0;0;0;0;2;2;2;2;2;0;0;0;2;2;2;2;2;2;2;2;2;2;0;2;2;2;2;2;2;2;2;2;102;0;0;0;0;0;0;0;0;2;2;2;2;0;2;2;2;0;2;0;2;2;2;0;0;0;0;2;2;10;2;2;2;2;10;2;0;102;0;
2;0;0;2;2;2;0;0;0;0;0;0;0;0;0;2;0;0;0;0;0;0;2;0;0;0;0;0;0;0;0;0;0;0;0;0;0;0;0;0;0;2;0;0;0;0;0;0;0;0;0;0;0;0;0;0;0;0;0;0;2;0;0;0;0;0;0;0;0;0;2;0;0;2;0;0;0;0;0;2;0;0;2;2;2;102;0;2;2;2;2;2;2;2;2;2;2;0;0;0;
2;102;0;2;2;0;0;0;0;0;0;0;0;0;0;0;0;0;0;0;0;2;0;0;0;0;0;2;2;2;2;2;2;0;0;2;2;2;2;0;102;2;2;2;2;2;2;2;2;2;2;2;2;2;0;2;2;2;2;0;2;0;0;0;2;2;2;2;0;0;2;2;2;2;0;0;2;2;2;2;2;0;0;0;2;0;0;2;2;2;2;2;2;2;2;2;2;0;0;0;
0;0;0;2;2;0;0;0;0;0;0;0;0;0;0;0;0;0;2;2;2;0;0;0;0;0;0;0;0;0;0;0;2;0;0;0;0;0;0;0;0;2;0;0;0;0;0;0;0;0;0;0;0;0;0;0;0;0;0;0;2;102;0;0;0;2;2;2;0;0;2;0;0;2;0;102;0;0;0;2;0;0;0;0;2;0;0;2;2;2;2;2;2;2;2;2;2;0;102;0;
2;0;0;2;2;0;2;0;0;0;0;0;0;0;0;0;0;0;0;0;0;0;0;0;0;0;0;0;0;0;0;0;0;2;0;0;0;0;0;0;0;2;0;0;204;0;0;12;0;0;0;0;0;0;0;0;0;0;0;2;2;0;0;0;0;0;0;0;0;102;2;0;0;2;2;2;2;2;2;2;0;0;0;0;2;102;0;2;2;2;2;2;10;2;10;0;0;0;0;0;
2;102;0;2;2;0;2;2;2;0;0;0;0;0;0;0;2;2;2;0;0;0;0;0;0;0;0;0;0;0;0;0;0;0;0;0;0;0;0;0;102;2;0;0;0;0;0;0;0;0;0;0;0;0;0;0;0;0;2;2;0;0;0;2;0;0;0;0;0;0;2;0;0;0;0;0;0;0;0;0;0;0;0;0;2;0;0;0;0;0;0;0;0;0;0;0;0;0;0;0;
206;226;0;0;0;0;0;0;0;0;0;0;0;0;0;2;0;0;2;0;2;2;2;2;2;2;2;2;2;2;2;2;2;2;2;2;2;2;2;0;0;2;0;2;2;2;2;2;2;2;2;2;2;2;2;2;2;2;2;102;102;102;0;2;2;2;2;2;0;0;2;0;0;0;206;0;0;0;0;0;0;0;0;2;2;0;0;0;0;0;0;0;0;0;0;0;0;2;2;2;
0;0;0;2;2;2;2;2;2;2;2;2;2;2;2;0;0;0;0;0;2;2;2;0;0;0;0;0;0;0;0;0;0;0;0;0;0;0;0;0;0;2;0;0;0;0;0;0;2;0;0;0;0;0;0;0;0;0;0;0;0;0;0;2;2;0;0;0;0;102;2;2;0;0;0;0;0;0;0;0;0;0;0;0;2;2;2;2;2;2;2;2;2;2;2;2;2;2;2;2;
2;2;2;2;2;2;2;2;2;2;0;0;0;0;0;0;0;0;0;0;2;2;2;0;0;0;0;0;0;0;0;0;0;0;0;0;0;0;0;0;102;2;2;0;0;0;2;2;2;0;0;0;0;0;0;0;0;0;0;0;0;0;0;0;0;0;0;0;0;0;2;0;0;0;0;0;0;0;0;0;0;0;0;0;2;2;2;2;2;2;2;2;2;2;2;2;2;2;2;0;
0;2;2;0;2;2;2;2;2;2;0;0;2;0;0;0;0;2;2;0;2;2;0;0;2;2;2;0;2;2;2;2;2;2;0;2;2;2;2;0;0;0;2;2;2;2;2;0;0;0;2;2;2;2;2;2;2;2;2;2;0;0;0;0;0;0;0;0;0;0;2;0;2;2;2;2;2;2;2;2;2;2;2;2;2;2;2;2;0;0;2;2;2;2;2;2;2;2;2;2;
0;2;2;2;2;2;2;2;0;0;0;0;2;0;0;0;0;2;2;0;0;0;0;0;0;0;0;0;0;0;0;0;0;0;0;0;0;0;0;0;0;0;0;0;0;0;0;0;0;0;0;0;0;0;0;0;0;0;0;0;0;2;2;2;2;2;2;2;2;2;2;0;0;0;0;0;0;0;0;0;0;0;0;0;2;2;2;0;0;0;0;2;2;2;0;2;2;2;2;0;
0;2;2;0;0;0;0;0;0;0;0;0;0;0;0;0;0;0;0;0;2;2;2;2;2;2;2;2;2;2;2;2;2;2;2;2;2;2;2;0;2;2;2;2;2;2;2;2;2;2;0;0;0;0;0;0;2;2;0;2;2;2;2;2;2;2;2;2;2;2;2;2;2;2;2;2;2;0;2;2;2;2;2;2;2;2;2;2;2;2;0;0;0;0;0;0;0;0;2;0;
0;2;2;0;2;2;2;2;0;0;0;0;0;2;0;2;2;2;2;0;2;2;2;0;2;2;2;2;2;2;0;0;0;0;0;0;0;0;0;0;0;0;0;0;0;0;0;0;0;0;0;0;0;0;0;0;0;0;0;224;0;224;0;0;0;0;0;0;0;0;0;0;0;0;0;0;0;0;0;0;2;2;2;2;2;2;2;2;2;2;2;0;2;2;0;0;2;2;2;0;
0;2;2;0;2;2;2;2;2;0;0;0;0;0;0;2;2;2;2;0;2;2;2;2;2;2;2;2;2;2;0;2;2;2;2;2;2;2;2;2;2;2;2;2;2;2;2;2;2;2;2;2;2;2;2;2;2;0;0;2;12;0;2;2;2;2;2;2;2;2;2;2;2;2;2;2;2;2;0;0;0;0;0;2;2;2;2;0;0;0;0;0;0;0;0;0;0;0;0;0;
0;2;0;0;2;2;2;2;2;2;0;2;0;0;0;0;2;2;2;0;2;2;2;2;2;2;2;2;2;2;0;2;2;2;2;2;2;2;2;2;2;2;2;2;2;2;2;2;2;2;2;2;0;0;0;2;2;0;102;2;2;2;2;2;2;2;2;2;2;2;2;2;2;2;2;2;2;2;2;0;0;2;2;2;2;2;2;2;2;2;2;0;0;0;0;0;0;0;2;2;
0;2;2;0;2;2;2;2;2;0;0;0;2;0;0;0;0;2;2;0;2;2;2;2;2;2;2;2;2;2;0;2;0;2;2;2;2;2;2;2;2;2;2;2;2;2;2;2;2;2;2;2;0;2;2;2;2;0;0;2;0;2;2;2;2;2;2;2;2;2;2;2;2;2;2;2;2;2;2;2;2;0;0;2;0;2;2;2;2;2;2;0;0;0;0;0;0;0;0;0;
0;0;0;0;0;0;0;0;0;0;2;0;0;0;0;0;0;0;2;0;2;0;2;2;2;2;2;2;2;2;0;2;0;2;2;2;2;2;2;2;2;2;2;2;2;2;2;2;2;2;2;2;0;2;2;2;2;0;0;2;0;2;2;2;2;2;2;2;2;2;2;2;2;2;2;2;2;2;2;0;2;2;2;2;2;2;2;2;2;2;2;0;2;2;2;2;2;2;2;0;
0;0;0;0;0;0;0;0;0;0;0;0;0;0;0;2;0;0;0;0;0;0;2;2;2;2;2;2;2;2;0;2;0;2;2;2;2;2;2;2;2;2;2;0;2;2;2;2;2;2;2;0;0;2;2;2;2;0;0;2;0;0;2;2;2;2;2;2;2;2;2;2;2;2;2;2;2;2;2;0;2;2;2;2;2;2;2;2;2;0;0;0;2;2;2;2;2;0;0;0;
2;2;2;0;0;2;2;2;2;0;2;2;2;0;0;0;0;0;0;0;0;0;0;0;0;0;0;0;0;0;0;0;0;0;0;0;0;0;0;2;2;2;2;0;2;0;0;2;2;0;2;0;2;2;2;2;2;0;102;2;0;2;2;2;2;2;2;0;2;2;2;2;2;2;2;2;0;0;0;0;2;2;2;2;2;2;2;2;2;0;0;2;2;2;2;0;0;0;0;0;
2;2;0;0;0;2;2;2;2;0;2;2;2;0;0;0;0;0;0;0;0;0;0;0;0;0;0;0;0;0;0;0;0;0;2;2;2;2;0;0;0;0;0;0;0;0;0;0;0;0;0;0;0;0;0;2;2;0;0;2;0;2;0;0;0;0;0;0;0;0;0;0;0;0;0;0;0;2;2;2;2;2;2;2;2;2;2;2;2;0;0;0;2;2;2;2;2;0;0;0;
2;0;0;2;0;0;2;0;2;2;2;2;2;0;2;0;2;2;2;0;0;2;2;2;2;2;2;2;2;2;0;2;2;2;2;2;2;2;2;2;2;2;2;2;2;2;2;2;2;2;2;2;2;0;0;2;2;0;0;2;0;2;2;2;2;2;2;2;2;2;2;2;2;2;2;206;0;0;0;0;2;2;2;2;2;2;2;2;2;0;0;0;2;2;2;2;2;0;0;0;
0;0;0;0;0;0;0;0;0;0;0;0;0;0;0;0;0;0;0;0;0;0;0;0;0;0;0;0;0;0;0;0;0;0;0;0;0;0;0;0;0;0;0;0;0;0;0;0;0;0;0;0;0;0;0;0;0;0;0;2;202;2;0;0;0;0;0;0;0;0;0;0;0;0;0;0;0;0;0;0;12;0;0;0;0;224;0;0;0;12;0;0;0;0;0;0;0;0;0;206;
8;8;8;8;8;8;8;8;8;8;8;8;8;8;8;8;8;8;8;8;8;8;8;8;8;8;8;8;8;8;8;8;8;8;8;8;8;8;8;8;8;8;8;8;8;8;8;8;8;8;8;8;8;8;8;8;8;8;8;8;8;8;8;8;8;8;8;8;8;8;8;8;8;8;8;8;8;8;8;8;8;8;8;8;8;8;8;8;8;8;8;8;8;8;8;8;8;8;8;8;
8;8;8;8;8;8;8;8;8;8;8;8;8;8;8;8;8;8;8;8;8;8;8;8;8;8;8;8;8;8;8;8;8;8;8;8;8;8;8;8;8;8;8;8;8;8;8;8;8;8;8;8;8;8;8;8;8;8;8;8;8;8;8;8;8;8;8;8;8;8;8;8;8;8;8;8;8;8;8;8;8;8;8;8;8;8;8;8;8;8;8;8;8;8;8;8;8;8;8;8;
8;8;8;8;8;8;8;8;8;8;8;8;8;8;8;8;8;8;8;8;8;8;8;8;8;8;8;8;8;8;8;8;8;8;8;8;8;8;8;8;8;8;8;8;8;8;8;8;8;8;8;8;8;8;8;8;8;8;8;8;8;8;8;8;8;8;8;8;8;8;8;8;8;8;8;8;8;8;8;8;8;8;8;8;8;8;8;8;8;8;8;8;8;8;8;8;8;8;8;8;
8;8;8;8;8;8;8;8;8;8;8;8;8;8;8;8;8;8;8;8;8;8;8;8;8;8;8;8;8;8;8;8;8;8;8;8;8;8;8;8;8;8;8;8;8;8;8;8;8;8;8;8;8;8;8;8;8;8;8;8;8;8;8;8;8;8;8;8;8;8;8;8;8;8;8;8;8;8;8;8;8;8;8;8;8;8;8;8;8;8;8;8;8;8;8;8;8;8;8;8;
8;8;8;8;8;8;8;8;8;8;8;8;8;8;8;8;8;8;8;8;8;8;8;8;8;8;8;8;8;8;8;8;8;8;8;8;8;8;8;8;8;8;8;8;8;8;8;8;8;8;8;8;8;8;8;8;8;8;8;8;8;8;8;8;8;8;8;8;8;8;8;8;8;8;8;8;8;8;8;8;8;8;8;8;8;8;8;8;8;8;8;8;8;8;8;8;8;8;8;8;
8;8;8;8;8;8;8;8;8;8;8;8;8;8;8;8;8;8;8;8;8;8;8;8;8;8;8;8;8;8;8;8;8;8;8;8;8;8;8;8;8;8;8;8;8;8;8;8;8;8;8;8;8;8;8;8;8;8;8;8;8;8;8;8;8;8;8;8;8;8;8;8;8;8;8;8;8;8;8;8;8;8;8;8;8;8;8;8;8;8;8;8;8;8;8;8;8;8;8;8;
