0;0;0;0;0;0;0;0;0;0;0;0;0;0;0;0;0;0;0;0;0;0;0;0;0;0;0;0;0;0;0;0;0;0;0;0;0;0;0;0;0;0;0;0;0;0;0;0;0;0;0;0;0;0;0;0;0;0;0;0;0;0;0;0;0;0;0;0;0;0;0;0;0;0;0;0;0;0;0;0;0;0;0;0;0;0;0;0;0;0;0;0;0;0;0;0;0;0;0;0;
0;0;0;0;0;0;0;0;0;0;0;0;0;0;0;0;0;0;0;0;0;0;0;0;0;0;0;0;0;0;0;0;0;0;0;0;0;0;0;0;0;0;0;0;0;0;0;0;0;0;0;0;0;0;0;0;0;0;0;0;0;0;0;0;0;0;0;0;0;0;0;0;0;0;0;0;0;0;0;0;0;0;0;0;0;0;0;0;0;0;0;0;0;0;0;0;0;0;0;0;
0;0;0;0;0;0;0;0;0;0;0;0;0;0;0;0;0;0;0;0;0;0;0;0;0;0;0;0;0;0;0;0;0;0;0;0;0;0;0;0;0;0;0;0;0;0;0;0;0;0;0;0;0;0;0;0;0;0;0;0;0;0;0;0;0;0;0;0;0;0;0;0;0;0;0;0;0;0;0;0;0;0;0;0;0;0;0;0;0;0;0;0;0;0;0;0;0;0;0;0;
0;0;0;0;0;0;0;0;0;0;0;0;0;0;0;0;0;0;0;0;0;0;0;0;0;0;0;0;0;0;0;0;0;0;0;0;0;0;0;0;0;0;0;0;0;0;0;0;0;0;0;0;0;0;0;0;0;0;0;0;0;0;0;0;0;0;0;0;0;0;0;0;0;0;0;0;0;0;0;0;0;0;0;0;0;0;0;0;0;0;0;0;0;0;0;0;0;0;0;0;
0;0;0;0;0;0;0;0;0;0;0;0;0;0;0;0;0;0;0;0;0;0;0;0;0;0;0;0;0;0;0;0;0;0;0;0;0;0;0;0;0;0;0;0;0;0;0;0;0;0;0;0;0;0;0;0;0;0;0;0;0;0;0;0;0;0;0;0;0;0;0;0;0;0;0;0;0;0;0;0;0;0;0;0;0;0;0;0;0;0;0;0;0;0;0;0;0;0;0;0;
0;0;0;0;0;0;0;0;0;0;0;0;0;0;0;0;0;0;0;0;0;0;0;0;0;0;0;0;0;0;0;0;0;0;0;0;0;0;0;0;0;0;0;0;0;0;0;0;0;0;0;0;0;0;0;0;0;0;0;0;0;0;0;0;0;0;0;0;0;0;0;0;0;0;0;0;0;0;0;0;0;0;0;0;0;0;0;0;0;0;0;0;0;0;0;0;0;0;0;0;
0;0;0;0;0;0;0;0;0;0;0;0;0;0;0;0;0;0;0;0;0;0;0;0;0;0;0;0;0;0;0;0;0;0;0;0;0;0;0;0;0;0;0;0;0;0;0;0;0;0;0;0;0;0;0;0;0;0;0;0;0;0;0;0;0;0;0;0;0;0;0;0;0;0;0;0;0;0;0;0;0;0;0;0;0;0;0;0;0;0;0;0;0;0;0;0;0;0;0;0;
0;0;0;0;0;0;0;0;0;0;0;0;0;0;0;0;0;0;0;0;0;0;0;0;0;0;0;0;0;0;0;0;0;0;0;0;0;0;0;0;0;0;0;0;0;0;0;0;0;0;0;0;0;0;0;0;0;0;0;0;0;0;0;0;0;0;0;0;0;0;0;0;0;0;0;0;0;0;0;0;0;0;0;0;0;0;0;0;0;0;0;0;0;0;0;0;0;0;0;0;
0;0;0;0;0;0;0;0;0;0;0;0;0;0;0;0;0;0;0;0;0;0;0;0;0;0;0;0;0;0;0;0;0;0;0;0;0;0;0;0;0;0;0;0;0;0;0;0;0;0;0;0;0;0;0;0;0;0;0;0;0;0;0;0;0;0;0;0;0;0;0;0;0;0;0;0;0;0;0;0;0;0;0;0;0;0;0;0;0;0;0;0;0;0;0;0;0;0;0;0;
0;0;0;0;0;0;0;0;0;0;0;0;0;0;0;0;0;0;0;0;0;0;0;0;0;0;0;0;0;0;0;0;0;0;0;0;0;0;0;0;0;0;0;0;0;0;0;0;0;0;0;0;0;0;0;0;0;0;0;0;0;0;0;0;0;0;0;0;0;0;0;0;0;0;0;0;0;0;0;0;0;0;0;0;0;0;0;0;0;0;0;0;0;0;0;0;0;0;0;0;
0;0;0;0;0;0;0;0;0;0;0;0;0;0;0;0;0;0;0;0;0;0;0;0;0;0;0;0;0;0;0;0;0;0;0;0;0;0;0;0;0;0;0;0;0;0;0;0;0;0;0;0;0;0;0;0;0;0;0;0;0;0;0;0;0;0;0;0;0;0;0;0;0;0;0;0;0;0;0;0;0;0;0;0;0;0;0;0;0;0;0;0;0;0;0;0;0;0;0;0;
0;0;0;0;0;0;0;0;0;0;0;0;0;0;0;0;0;0;0;0;0;0;0;0;0;0;0;0;0;0;0;0;0;0;0;0;0;0;0;0;0;0;0;0;0;0;0;0;0;0;0;0;0;0;0;0;0;0;0;0;0;0;0;0;0;0;0;0;0;0;0;0;0;0;0;0;0;0;0;0;0;0;0;0;0;0;0;0;0;0;0;0;0;0;0;0;0;0;0;0;
0;0;0;0;0;0;0;0;0;0;0;0;0;0;0;0;0;0;0;0;0;0;0;0;0;0;0;0;0;0;0;0;0;0;0;0;0;0;0;0;0;0;0;0;0;0;0;0;0;0;0;0;0;0;0;0;0;0;0;0;0;0;0;0;0;0;0;0;0;0;0;0;0;0;0;0;0;0;0;0;0;0;0;0;0;0;0;0;0;0;0;0;0;0;0;0;0;0;0;0;
0;0;0;0;0;0;0;0;0;0;0;0;0;0;0;0;0;0;0;0;0;0;0;0;0;0;0;0;0;0;0;0;0;0;0;0;0;0;0;0;0;0;0;0;0;0;0;0;0;0;0;0;0;0;0;0;0;0;0;0;0;0;0;0;0;0;0;0;0;0;0;0;0;0;0;0;0;0;0;0;0;0;0;0;0;0;0;4;4;4;4;4;4;4;4;4;4;4;4;4;
0;0;0;0;0;0;0;0;0;0;0;0;0;0;0;0;0;0;0;0;0;0;0;0;0;0;0;0;0;0;0;0;0;0;0;0;0;0;0;0;0;0;0;0;0;0;0;0;0;0;0;0;0;0;0;0;0;0;0;0;0;0;0;0;0;0;0;0;0;0;0;0;0;0;0;0;0;178;178;178;178;178;178;178;204;178;0;4;2;2;2;2;2;2;2;2;2;2;2;2;
0;0;0;0;0;0;0;0;0;0;0;0;0;0;0;0;0;0;0;0;0;0;0;0;0;0;0;0;0;0;0;0;0;0;0;0;0;0;0;0;0;0;0;0;0;0;0;0;0;0;0;0;0;0;0;0;0;0;0;0;0;0;0;0;0;0;0;0;0;0;0;0;0;0;178;178;178;0;0;0;0;0;0;0;0;178;178;4;2;0;0;0;0;0;0;0;0;0;0;0;
0;0;0;0;0;0;0;0;0;0;0;0;0;0;0;0;0;0;0;0;0;0;0;0;0;0;0;0;0;0;0;0;0;0;0;0;0;0;0;0;0;0;0;0;0;0;0;0;0;0;0;0;0;0;0;2;2;2;2;2;2;2;2;2;2;2;2;2;2;2;2;0;2;2;2;2;2;2;2;2;2;2;2;2;0;0;0;4;2;0;0;0;0;0;0;0;0;0;0;0;
0;0;0;0;0;0;0;0;0;0;0;0;0;0;0;0;0;0;0;0;0;0;0;0;0;0;0;0;0;0;0;0;0;0;0;2;0;0;0;0;0;0;0;0;0;0;0;0;0;0;0;0;0;0;0;0;0;0;0;0;0;0;0;0;0;0;0;0;0;0;0;0;0;178;0;0;0;0;0;0;0;0;0;0;0;0;0;4;2;0;0;0;2;0;0;2;0;0;0;0;
0;0;0;0;0;0;0;0;0;0;0;0;0;0;0;0;0;0;0;0;0;0;0;0;0;0;0;0;0;0;0;0;0;0;0;2;0;0;0;0;0;0;0;0;0;0;0;0;0;0;0;0;0;0;0;0;0;0;0;0;0;0;0;0;0;0;0;206;2;2;2;2;2;2;2;0;0;0;0;0;0;0;0;0;0;0;0;4;2;0;0;0;0;0;0;0;0;0;0;0;
0;0;0;0;0;0;0;0;0;0;0;0;0;0;0;0;0;0;0;0;0;0;0;0;0;0;0;0;0;0;0;0;0;0;0;2;0;0;2;2;2;2;2;2;2;2;2;2;2;2;2;2;2;2;2;2;2;2;2;2;2;2;2;0;0;0;0;0;0;0;0;0;994;0;0;0;0;0;0;0;0;0;0;0;0;0;0;4;2;0;0;0;0;0;0;0;0;0;0;0;
0;0;0;0;0;0;0;0;0;0;0;0;0;0;0;0;0;0;0;0;0;0;0;0;0;0;0;0;0;0;0;0;0;0;0;2;0;0;0;0;0;0;0;0;0;0;0;0;0;0;2;2;0;0;0;0;0;0;0;0;0;0;2;2;2;0;2;2;2;2;2;2;2;2;2;0;0;0;0;0;0;0;0;0;0;0;0;4;2;0;0;0;0;0;0;0;0;0;0;0;
0;0;0;0;0;0;0;0;0;0;0;0;0;0;0;0;0;0;0;0;0;0;0;0;0;0;0;0;0;0;0;0;0;0;2;2;2;2;2;2;0;0;0;0;0;0;0;0;0;0;0;0;0;0;0;0;0;0;0;0;0;0;0;0;0;0;0;0;0;0;0;0;994;0;0;0;0;0;0;0;0;0;0;0;0;0;0;4;2;0;0;0;0;0;2;2;2;2;2;0;
0;0;0;0;0;0;0;0;0;0;0;2;2;2;2;2;2;2;2;2;2;2;2;2;2;2;2;2;2;2;2;2;2;2;2;2;2;2;2;2;2;2;2;2;2;2;2;2;2;2;2;2;2;2;2;2;2;2;2;2;2;2;2;2;2;0;2;2;2;2;2;2;2;2;2;0;2;2;2;2;2;2;2;0;2;2;0;4;2;2;2;2;0;0;2;2;206;2;2;0;
0;0;0;0;0;0;0;0;0;0;2;2;0;0;0;0;0;0;0;0;0;0;0;0;0;0;0;0;0;0;0;0;0;0;0;0;0;0;0;0;0;0;0;0;0;0;0;0;0;0;0;0;0;0;0;0;0;0;0;0;0;0;10;10;0;0;0;0;0;0;0;0;994;0;0;0;0;0;0;0;0;206;0;0;0;0;0;4;2;0;0;2;0;12;2;12;6;20;2;0;
2;2;0;0;0;0;2;0;2;0;2;2;2;2;2;2;2;2;2;2;2;2;2;2;2;2;2;2;2;2;2;2;2;2;2;2;2;2;2;2;2;2;2;2;2;2;2;2;2;2;2;2;2;2;2;2;2;2;2;2;2;2;2;2;2;2;0;2;2;2;2;2;2;2;2;0;2;2;2;2;2;2;2;2;2;0;0;4;2;2;2;2;0;0;2;2;8;2;2;0;
2;2;0;0;2;0;2;0;2;0;2;0;2;2;2;2;2;2;0;0;0;0;0;0;0;0;0;0;0;0;0;0;0;0;0;0;2;2;2;2;2;2;2;2;2;2;2;2;0;2;0;2;0;0;0;0;0;0;0;0;0;0;0;0;0;0;0;0;0;0;0;0;994;0;0;0;0;0;0;0;0;0;0;0;0;0;0;4;2;0;0;0;0;2;2;2;2;2;2;0;
2;2;2;0;2;0;2;2;2;2;2;0;2;2;2;2;2;2;0;2;2;0;0;0;0;0;0;0;2;0;0;2;0;2;2;2;2;2;2;2;2;2;2;2;2;2;2;2;0;2;0;2;2;2;2;2;2;2;0;0;2;0;0;0;0;0;0;0;0;2;0;0;994;0;0;2;2;2;0;0;0;0;0;2;0;0;0;4;2;0;0;0;0;0;0;0;0;0;0;0;
2;2;2;0;2;0;2;2;2;2;2;0;2;2;2;2;0;0;0;2;0;0;0;0;0;0;0;0;2;2;2;2;2;2;2;2;2;2;2;2;2;2;2;2;2;2;2;2;0;2;0;2;2;2;2;2;2;0;0;2;2;0;0;0;0;0;0;0;0;2;0;0;994;0;0;0;0;2;0;0;2;0;0;0;0;0;0;4;2;0;0;0;0;0;0;0;0;0;0;0;
2;2;2;0;2;0;0;2;0;0;0;0;0;0;0;0;0;0;0;0;0;0;2;0;0;0;0;0;2;2;2;2;2;2;2;2;2;2;2;2;2;2;2;2;2;2;2;2;0;2;0;2;2;2;2;0;0;0;2;2;2;2;0;0;0;0;206;0;0;2;0;0;0;994;0;0;0;0;0;0;0;0;2;2;2;2;0;4;2;0;0;0;0;2;0;2;2;0;2;0;
2;0;2;0;0;0;0;2;0;2;2;2;2;2;2;2;2;2;2;2;0;0;2;2;2;2;2;0;0;2;2;2;2;2;2;2;2;2;2;2;2;2;2;2;0;0;0;0;0;0;0;2;2;2;2;0;0;2;2;2;2;2;2;0;0;0;0;0;0;2;2;2;0;184;2;0;0;0;0;0;0;0;0;2;2;2;0;4;2;2;0;2;0;2;0;0;0;0;0;0;
2;0;0;0;2;2;0;2;0;2;2;2;2;2;2;2;2;2;2;2;2;0;2;2;2;2;2;0;0;0;0;0;0;0;0;0;0;0;0;0;0;0;0;0;0;2;2;0;0;2;2;2;2;2;0;0;0;0;0;0;2;2;0;0;0;0;0;0;0;0;0;0;0;224;0;0;2;2;0;0;0;0;0;0;0;0;0;4;4;2;2;2;2;2;2;2;0;2;2;2;
2;2;0;2;0;0;0;2;0;0;0;0;0;0;0;0;0;0;0;0;0;0;2;2;2;2;2;2;2;2;2;2;2;2;2;2;2;2;2;2;2;2;2;2;2;2;2;0;0;2;2;2;0;0;0;2;2;2;2;2;0;0;0;0;0;0;2;2;2;2;2;2;2;184;184;184;2;184;0;0;0;2;2;2;0;2;2;0;4;4;4;4;4;4;4;1774;184;184;2;204;
2;0;0;0;0;0;0;0;0;0;0;0;0;0;0;0;0;0;0;0;2;0;2;2;2;2;2;2;2;2;2;2;2;2;2;2;2;2;2;2;2;2;2;2;2;2;2;2;0;2;2;2;0;2;2;0;0;0;0;0;0;0;0;0;0;2;2;2;2;2;2;2;0;0;0;0;0;2;184;184;2;2;2;2;0;0;2;0;0;0;0;0;0;0;224;0;202;0;0;0;
2;2;2;2;0;0;2;2;2;2;2;2;2;2;2;2;2;2;2;0;2;0;2;2;2;2;2;2;2;2;2;2;2;2;2;2;2;2;2;2;2;2;2;2;2;2;2;2;0;2;2;2;0;0;0;0;0;0;0;0;0;0;0;0;0;0;2;2;2;2;2;0;0;0;2;2;2;2;0;0;0;184;0;0;0;0;0;0;2;2;2;2;0;0;0;20;12;224;0;0;
0;0;0;0;0;0;0;0;0;0;0;0;0;0;0;0;0;0;0;0;2;0;2;2;2;2;2;2;2;2;2;2;2;2;2;0;2;2;0;0;2;2;2;2;2;2;2;2;0;2;2;2;2;2;2;0;2;2;2;2;2;2;2;2;0;0;2;2;2;2;2;0;0;2;2;0;0;0;0;0;0;224;0;0;0;15;0;0;0;0;224;12;224;0;0;2;2;2;2;0;
0;0;0;0;0;0;0;0;0;0;0;0;0;0;0;0;0;0;2;2;2;0;2;2;2;2;2;2;2;0;2;2;2;2;0;0;0;0;0;2;0;0;0;0;0;0;2;2;0;2;2;2;0;0;0;0;2;2;2;2;2;2;2;2;2;0;0;0;2;0;2;0;0;0;0;0;206;2;2;2;2;2;0;2;2;2;2;0;2;2;2;206;2;2;224;204;0;224;0;0;
0;0;0;0;0;0;0;0;0;0;0;0;0;0;0;0;0;0;0;0;0;0;0;0;0;0;0;0;0;0;0;0;0;0;0;0;0;0;2;2;0;2;2;2;2;0;2;2;0;2;2;2;0;2;2;2;2;2;2;2;2;2;2;2;2;2;0;0;0;0;0;0;0;0;0;0;0;0;0;0;0;184;0;0;0;0;0;0;0;0;0;0;2;2;0;2;2;0;2;0;
0;0;0;0;0;2;2;2;2;2;2;2;2;2;0;2;2;2;2;0;0;0;0;2;2;2;2;2;2;2;2;2;2;2;2;0;0;0;0;0;0;0;0;0;0;0;0;0;0;0;0;0;0;0;0;0;0;2;2;2;2;2;2;2;2;2;2;0;0;0;0;0;0;2;0;0;2;2;2;2;2;2;2;0;0;2;2;2;0;2;2;0;2;2;0;2;2;0;2;0;
0;0;0;0;0;0;2;2;0;0;0;0;0;0;0;0;0;0;2;0;0;0;0;0;0;0;0;0;2;2;2;2;2;2;2;2;2;2;2;2;2;2;0;0;2;2;2;2;2;2;2;2;2;2;2;0;2;2;0;2;2;2;2;2;2;2;2;2;0;0;0;0;2;2;0;0;0;2;2;2;2;2;184;0;0;2;2;2;0;2;2;0;2;2;0;2;2;2;2;0;
2;2;2;2;2;0;0;2;2;2;2;2;2;2;2;2;2;0;2;0;0;2;0;2;0;0;0;0;0;0;0;0;0;0;0;0;0;0;0;0;0;0;0;0;0;0;0;0;0;2;2;0;0;0;0;0;0;0;0;0;0;0;0;0;0;0;0;0;0;0;0;0;0;0;0;2;0;0;2;2;2;0;184;2;0;2;2;2;0;2;2;0;2;2;0;2;2;2;2;0;
2;0;2;2;2;2;0;0;0;0;0;0;0;0;0;0;0;0;2;0;2;0;0;0;0;2;2;2;2;2;2;2;2;2;2;2;2;2;2;2;2;2;2;2;0;0;0;0;2;2;2;0;0;2;2;2;2;2;2;2;0;2;2;2;2;2;2;2;0;0;0;0;0;2;2;2;2;0;0;2;0;0;2;2;0;2;2;2;0;2;2;0;2;2;0;2;2;2;2;0;
2;0;2;2;2;2;0;2;2;2;2;2;2;2;2;2;2;2;2;0;2;0;994;994;994;994;2;2;2;2;2;2;206;2;2;2;2;2;2;2;2;2;2;2;2;2;2;0;0;0;0;0;0;0;0;224;12;202;2;2;0;2;2;2;2;2;0;0;0;0;0;2;0;0;0;2;2;2;0;0;0;2;2;2;0;2;2;2;0;2;2;0;2;2;0;2;2;2;2;0;
0;0;0;0;2;2;0;0;2;2;0;2;2;2;2;0;0;2;2;0;2;0;178;2;2;2;2;2;2;2;2;2;2;2;2;2;2;2;2;2;2;248;2;2;2;2;2;0;0;0;2;2;2;2;2;2;224;0;0;2;0;2;2;2;2;2;0;0;0;0;0;0;2;2;0;2;2;2;2;0;2;2;2;2;0;2;2;2;0;2;2;0;2;2;0;2;2;2;2;0;
2;2;0;0;0;2;0;0;0;0;0;0;0;0;0;0;2;2;0;0;0;0;178;2;2;2;2;2;2;0;0;0;0;0;0;0;0;0;0;0;0;206;248;248;248;2;2;0;0;2;2;2;0;0;0;0;0;2;2;0;0;2;2;2;2;2;0;2;0;2;2;0;2;2;0;2;0;0;0;0;0;0;2;0;0;0;0;0;0;0;0;0;0;0;0;2;2;2;2;0;
2;2;2;2;2;2;2;2;2;2;2;2;2;2;2;0;2;2;2;0;0;0;178;2;2;2;2;2;0;0;0;2;2;2;2;2;2;2;2;2;2;2;2;2;2;2;2;2;0;0;0;0;0;0;0;2;0;2;2;2;2;2;2;2;2;0;0;2;0;0;2;0;2;2;0;2;0;2;0;0;2;0;0;184;184;2;2;2;184;2;2;2;2;2;184;2;2;2;2;184;
0;0;0;0;0;0;0;0;0;0;0;0;0;0;0;0;0;0;0;0;2;0;178;2;2;2;2;2;0;0;0;0;2;2;2;2;2;2;2;2;2;2;2;2;2;2;2;2;2;2;2;2;2;2;0;0;0;0;0;0;2;2;2;2;0;0;0;0;0;2;0;0;2;2;0;0;0;2;2;2;2;2;0;0;0;2;2;2;0;2;2;2;2;2;184;2;2;2;2;0;
0;0;0;0;0;0;0;0;0;0;0;0;0;0;0;0;0;0;0;2;2;0;2;2;2;2;2;2;0;0;0;0;2;2;2;2;2;2;2;2;2;2;2;2;2;2;2;2;2;2;2;2;2;2;0;2;2;2;2;0;0;2;2;2;0;0;2;0;0;0;0;0;0;0;0;2;2;2;2;2;2;2;2;0;0;2;2;2;0;2;2;2;2;2;0;2;2;2;2;0;
2;2;2;0;0;2;2;2;2;2;2;2;2;2;2;2;2;0;2;2;2;0;2;248;2;2;0;0;0;0;2;0;0;0;0;2;2;2;2;2;2;2;2;2;2;2;0;0;0;0;0;0;2;2;0;0;0;0;0;0;0;0;2;2;0;2;0;2;0;0;0;0;0;2;0;2;2;2;0;2;2;2;2;2;0;2;2;2;0;2;2;2;2;2;0;0;0;0;2;184;
2;2;2;2;0;0;2;2;0;0;0;0;0;0;0;0;2;0;2;2;0;0;2;248;2;0;0;0;0;0;0;0;0;0;0;0;0;0;0;0;0;0;0;0;0;224;0;0;0;0;2;2;2;2;0;2;2;2;2;2;0;0;0;2;0;2;2;2;0;2;2;0;0;0;0;0;0;0;0;0;0;0;0;0;0;0;0;0;0;0;0;0;0;0;184;0;0;0;0;0;
2;2;2;2;2;0;2;2;0;2;2;0;0;0;0;0;2;0;2;0;0;178;2;248;202;0;2;2;2;2;2;2;2;2;2;2;2;2;2;0;2;2;2;2;2;248;0;0;0;0;0;0;2;2;0;2;2;2;2;2;2;2;0;0;0;2;2;0;0;0;2;2;0;0;0;2;2;0;2;2;2;2;2;0;2;2;2;2;184;2;2;2;2;0;0;0;0;0;0;0;
2;2;2;0;0;0;0;0;0;2;2;2;2;0;0;0;2;0;2;0;0;178;2;248;0;0;0;0;0;0;0;0;0;0;2;2;2;2;2;0;2;2;2;2;2;100;100;100;224;100;100;0;2;2;0;2;2;2;2;2;2;2;2;0;0;2;0;0;2;2;2;2;2;0;0;0;0;0;0;0;0;0;0;0;0;2;2;2;0;2;2;0;0;0;0;0;0;0;0;2;
2;2;2;0;0;2;2;2;2;2;2;2;0;0;0;0;2;0;0;0;0;178;2;248;2;2;2;2;2;2;2;2;2;2;2;2;2;0;2;0;0;2;0;2;2;100;0;0;0;0;100;0;2;2;0;0;0;0;0;0;0;2;2;2;0;0;0;0;2;0;0;2;0;2;0;2;2;2;2;2;2;2;0;0;0;0;0;0;0;2;0;0;206;2;2;2;2;2;0;2;
2;0;0;2;0;0;0;2;2;0;2;0;0;0;0;0;0;0;0;0;0;178;2;248;2;0;2;2;0;0;2;2;2;2;2;2;2;0;0;0;0;0;2;2;2;100;0;0;0;0;100;0;2;2;0;0;0;0;0;0;0;0;0;0;2;0;2;0;0;0;0;0;0;2;0;0;0;0;0;0;0;0;0;0;0;0;0;0;0;2;0;0;0;2;2;2;2;2;0;2;
0;0;0;0;0;0;0;0;0;0;0;0;0;0;0;0;0;0;0;0;0;0;2;248;0;0;0;0;0;0;0;0;0;0;0;0;0;202;0;0;206;0;0;0;0;204;12;0;0;0;100;0;2;2;0;0;0;0;0;0;0;0;0;0;0;0;0;0;0;0;0;0;0;0;0;0;0;0;0;0;0;0;0;0;0;0;0;0;0;0;0;0;0;0;0;0;0;0;0;0;
8;8;8;8;8;8;8;8;8;8;8;8;8;8;8;8;8;8;8;8;8;8;8;8;8;8;8;8;8;8;8;8;8;8;8;8;8;8;8;8;8;8;8;8;8;8;8;8;8;8;8;8;8;8;8;8;8;8;8;8;8;8;8;8;8;8;8;8;8;8;8;8;8;8;8;8;8;8;8;8;8;8;8;8;8;8;8;8;8;8;8;8;8;8;8;8;8;8;8;8;
8;8;8;8;8;8;8;8;8;8;8;8;8;8;8;8;8;8;8;8;8;8;8;8;8;8;8;8;8;8;8;8;8;8;8;8;8;8;8;8;8;8;8;8;8;8;8;8;8;8;8;8;8;8;8;8;8;8;8;8;8;8;8;8;8;8;8;8;8;8;8;8;8;8;8;8;8;8;8;8;8;8;8;8;8;8;8;8;8;8;8;8;8;8;8;8;8;8;8;8;
8;8;8;8;8;8;8;8;8;8;8;8;8;8;8;8;8;8;8;8;8;8;8;8;8;8;8;8;8;8;8;8;8;8;8;8;8;8;8;8;8;8;8;8;8;8;8;8;8;8;8;8;8;8;8;8;8;8;8;8;8;8;8;8;8;8;8;8;8;8;8;8;8;8;8;8;8;8;8;8;8;8;8;8;8;8;8;8;8;8;8;8;8;8;8;8;8;8;8;8;
8;8;8;8;8;8;8;8;8;8;8;8;8;8;8;8;8;8;8;8;8;8;8;8;8;8;8;8;8;8;8;8;8;8;8;8;8;8;8;8;8;8;8;8;8;8;8;8;8;8;8;8;8;8;8;8;8;8;8;8;8;8;8;8;8;8;8;8;8;8;8;8;8;8;8;8;8;8;8;8;8;8;8;8;8;8;8;8;8;8;8;8;8;8;8;8;8;8;8;8;
8;8;8;8;8;8;8;8;8;8;8;8;8;8;8;8;8;8;8;8;8;8;8;8;8;8;8;8;8;8;8;8;8;8;8;8;8;8;8;8;8;8;8;8;8;8;8;8;8;8;8;8;8;8;8;8;8;8;8;8;8;8;8;8;8;8;8;8;8;8;8;8;8;8;8;8;8;8;8;8;8;8;8;8;8;8;8;8;8;8;8;8;8;8;8;8;8;8;8;8;
8;8;8;8;8;8;8;8;8;8;8;8;8;8;8;8;8;8;8;8;8;8;8;8;8;8;8;8;8;8;8;8;8;8;8;8;8;8;8;8;8;8;8;8;8;8;8;8;8;8;8;8;8;8;8;8;8;8;8;8;8;8;8;8;8;8;8;8;8;8;8;8;8;8;8;8;8;8;8;8;8;8;8;8;8;8;8;8;8;8;8;8;8;8;8;8;8;8;8;8;
