0;0;0;0;0;0;0;0;0;0;0;0;0;0;0;0;0;0;0;0;0;0;0;0;0;0;0;0;0;0;0;0;0;0;0;0;0;0;0;0;0;0;0;0;0;0;0;0;0;0;0;0;0;0;0;0;0;0;0;0;0;0;0;0;0;0;0;0;0;0;0;0;0;0;0;0;0;0;0;0;0;0;0;0;0;0;0;0;0;0;0;0;0;0;0;0;0;0;0;0;
0;0;0;0;0;0;0;0;0;0;0;0;0;0;0;0;0;0;0;0;0;0;0;0;0;0;0;0;0;0;0;0;0;0;0;0;0;0;0;0;0;0;0;0;0;0;0;0;0;0;0;0;0;0;0;0;0;0;0;0;0;0;0;0;0;0;0;0;0;0;0;0;0;184;0;0;0;0;0;0;0;0;0;0;0;0;0;0;0;0;0;0;0;0;0;0;0;0;0;0;
0;0;0;0;0;0;0;0;0;0;0;0;0;0;0;0;0;0;0;0;0;0;0;0;0;0;0;0;0;0;0;0;0;0;0;0;0;0;0;0;0;0;0;0;0;0;0;0;0;0;0;0;0;0;0;0;0;0;0;0;0;0;0;0;0;0;0;0;0;0;184;0;0;184;0;0;0;0;0;0;0;0;0;0;0;0;0;0;0;0;0;0;0;0;0;0;0;0;0;0;
0;0;0;0;0;0;0;0;0;0;0;0;0;0;0;0;0;0;0;0;0;0;0;0;0;0;0;0;0;0;0;0;0;0;0;0;0;0;0;0;0;0;0;0;0;0;0;0;0;0;0;0;0;0;0;0;0;0;0;0;0;0;0;0;0;0;184;0;0;184;184;0;184;184;184;184;184;184;184;184;184;184;184;184;184;184;184;184;184;184;0;0;0;0;0;0;0;0;0;0;
0;0;0;0;0;0;0;0;0;0;0;0;0;0;0;0;0;0;0;0;0;0;0;0;0;0;0;0;0;0;0;0;0;0;0;0;0;0;0;0;0;0;0;0;0;0;0;0;0;0;0;0;0;0;0;0;0;0;0;0;0;0;0;0;0;0;184;184;0;184;184;184;184;184;184;184;184;184;184;184;184;184;184;184;184;184;184;184;184;184;184;184;184;184;184;184;184;2;2;0;
0;0;0;0;0;0;0;0;0;0;0;0;0;0;0;0;0;0;0;0;0;0;0;0;0;0;0;0;0;0;0;0;0;0;0;0;0;0;0;0;0;0;0;0;0;0;0;0;0;0;0;0;0;0;0;0;0;0;0;0;0;0;0;0;0;0;184;184;184;184;184;184;184;184;184;184;184;184;184;184;184;184;184;184;184;184;184;184;184;184;184;184;184;184;184;0;0;0;2;0;
0;0;0;0;0;0;0;0;0;0;0;0;0;0;0;0;0;0;0;0;0;0;0;0;0;0;0;0;0;0;0;0;0;0;0;0;0;0;0;0;0;0;0;0;0;0;0;0;0;0;0;0;0;0;0;0;0;0;0;0;0;0;0;0;0;184;184;184;184;184;184;184;0;0;0;0;184;184;184;184;184;184;184;184;184;184;184;184;184;184;184;184;184;184;184;0;0;184;2;0;
1358;1358;1358;1358;1358;1358;1358;1358;1358;1358;1358;1358;1358;1358;1358;1358;1358;1358;1358;1358;1358;1358;1358;1358;1358;1358;1358;1358;1358;1358;1358;1358;1358;1358;0;0;0;0;0;0;0;0;0;0;0;0;0;0;0;0;0;0;0;0;0;0;0;0;0;0;0;0;0;0;0;184;164;164;164;164;184;0;0;0;0;0;0;0;0;0;0;0;0;0;0;0;0;0;0;0;0;0;0;0;0;0;0;184;2;0;
1358;1358;1358;1358;0;0;0;0;0;1358;0;0;1358;0;0;0;1358;1358;0;1162;0;0;0;1162;0;1358;0;1162;0;0;0;1162;0;1358;0;0;0;0;0;0;3402;0;0;0;0;0;0;0;0;0;0;0;0;0;0;0;0;0;0;0;0;0;0;0;184;184;0;0;164;164;164;164;0;0;0;0;0;0;2;0;0;0;0;0;0;2;0;0;0;0;0;0;0;0;0;0;0;2;0;0;
1358;1358;0;0;0;1358;0;1358;0;0;0;0;598;0;0;0;0;1358;1358;1358;2232;0;2232;1358;1358;1358;1358;1358;2232;0;2232;1358;1358;1358;0;1358;1358;1358;1358;1358;1358;1358;1358;1358;1358;1358;1358;1358;1358;1358;1358;1358;1358;1358;1358;1358;1358;1358;1358;0;0;0;0;0;184;184;0;0;0;0;0;164;164;164;0;0;0;0;0;0;0;0;0;0;0;0;0;0;0;2028;2028;2028;0;0;0;2028;2028;2;0;0;
1358;0;0;0;1358;1358;1358;1358;1358;1358;1358;1358;1358;1358;1358;0;0;1358;0;1162;0;0;0;1162;0;1358;0;1162;0;0;0;1162;0;1358;0;1358;168;168;168;168;168;168;168;168;168;168;168;168;168;168;168;168;168;168;168;168;168;168;1358;0;0;0;0;0;184;0;0;0;0;0;2;0;0;0;0;0;29;0;0;0;0;0;0;0;0;0;2028;2028;2028;2028;2028;2028;2028;0;2028;2028;2028;2;0;0;
1358;0;2232;1358;1358;0;0;0;1358;1358;0;1358;1358;0;1358;0;1358;1358;1358;1358;2232;0;2232;1358;1358;1358;1358;1358;2232;0;2232;1358;1358;1358;0;1358;168;168;168;164;164;164;164;168;168;168;164;164;168;168;168;168;168;168;168;164;164;168;1358;202;0;0;0;184;184;0;0;0;0;0;2;0;0;0;0;0;2;0;0;0;0;0;0;2028;2028;2028;2028;2028;2028;2028;2028;2028;2028;2028;2028;2028;2028;2;0;0;
1358;0;0;1358;0;0;1358;0;0;0;0;0;0;0;0;0;1358;1358;0;1162;0;0;0;0;0;0;0;1362;0;0;0;0;0;1162;0;1358;168;168;164;168;168;168;168;164;168;168;168;164;164;168;168;168;168;168;164;164;168;168;1358;0;0;0;0;184;0;0;202;0;0;184;0;2028;0;2028;2028;2028;2028;2028;2028;0;0;2028;2028;2028;2028;2028;2028;2028;2028;2028;0;2028;0;0;2028;0;2028;2028;0;0;
1358;0;0;1358;0;1358;1358;1358;1358;0;1358;0;0;1358;1358;1358;1358;1358;1358;1358;1358;1358;1358;1358;1358;1358;1358;1358;1358;1358;1358;1358;1358;1358;1162;1358;168;164;168;168;168;168;168;168;164;168;168;168;164;164;168;168;168;164;164;168;168;168;1358;0;0;0;0;184;184;0;0;184;184;184;0;2028;2028;2028;2028;0;2028;2028;2028;2028;2028;2028;2028;2028;2028;2028;2028;2028;0;2028;2028;2028;0;0;2028;2028;2028;0;0;0;
1358;0;2232;1358;0;1358;1358;1358;1358;0;1358;0;0;1358;824;0;0;0;0;0;0;0;0;0;0;0;0;0;458;0;0;458;1358;0;0;1358;168;164;168;168;168;168;168;168;164;168;168;168;168;164;164;168;164;164;168;168;168;168;1358;0;0;0;0;0;184;184;184;184;0;0;2028;2028;0;0;2028;2028;2028;0;2028;2028;2028;2028;2028;2028;2028;2028;0;0;0;0;2028;0;0;0;0;2;0;0;0;0;
1358;0;0;1358;0;0;0;454;1358;0;1358;0;0;1358;824;952;0;0;0;0;0;0;0;0;1240;0;280;280;458;280;280;458;1358;0;2232;1358;168;164;168;168;858;0;168;168;164;858;0;168;168;168;164;164;164;168;168;168;168;168;1358;0;0;0;0;0;0;0;0;0;0;0;2;0;0;0;0;2028;0;0;0;0;0;2028;2028;2028;2028;0;0;0;0;0;2028;0;0;0;0;2;0;0;0;0;
1358;0;0;1358;0;2;1358;1358;1358;0;1358;0;0;1358;1358;1358;1358;1358;1358;1358;1358;2232;0;0;2232;1358;1358;1358;1358;1358;1358;1358;1358;0;0;1358;168;164;168;168;168;168;168;168;164;168;168;168;168;164;164;168;164;164;168;168;168;168;1358;202;0;0;0;0;0;0;0;0;0;0;2;0;0;0;0;2028;0;0;0;0;0;0;0;0;0;0;0;0;0;0;2;0;0;0;0;2;0;0;0;0;
1358;0;2232;546;0;0;1358;0;1358;0;1358;0;0;1358;1754;0;0;0;0;0;0;858;0;0;0;0;0;0;0;0;0;1448;1358;0;2208;1358;168;164;168;168;168;168;168;168;164;168;168;168;164;164;168;168;168;164;164;168;168;168;1358;0;0;0;0;0;0;2;0;0;0;2;2;2;0;0;2;2;2;0;0;0;0;0;0;0;0;0;0;0;0;2;2;2;0;0;2;2;2;0;0;0;
1358;0;0;1358;1358;0;1358;1358;1358;0;1358;0;0;1358;0;0;1108;0;0;1482;0;2232;1108;3316;2232;0;0;0;0;1108;0;2232;1358;0;2232;1358;168;168;164;168;168;168;168;164;168;168;168;164;164;168;168;168;168;168;164;164;168;168;1358;0;0;0;0;0;0;0;0;0;0;2;2;2;0;0;2;2;2;0;0;0;0;0;0;0;0;0;0;0;0;2;2;2;0;0;2;2;2;0;0;0;
1358;0;0;0;1358;0;0;1358;1358;0;1358;0;0;1162;2514;2514;926;1450;1450;2514;2514;1450;926;926;1450;2514;2514;1450;1450;926;2514;12;2514;2514;2514;1358;168;168;168;164;164;164;164;168;168;168;164;164;168;168;168;168;168;168;168;164;164;168;1358;0;0;0;0;0;0;0;0;0;0;2;2;2;0;0;2;2;2;0;0;0;0;0;0;0;0;0;0;0;0;2;2;2;0;0;2;2;2;0;0;0;
1358;0;2232;2232;454;2;0;1358;1358;0;0;0;0;1358;1358;1358;1358;1358;1358;1358;1358;1358;1358;1358;1358;1358;1358;1358;1358;1358;1358;1358;1358;1358;1358;1358;168;168;168;168;168;168;168;168;168;168;168;168;168;168;168;168;168;168;168;168;168;168;1358;0;0;0;0;0;0;0;0;0;0;2;2;2;0;0;2;2;2;0;0;0;0;0;0;0;0;0;0;0;0;2;2;2;0;0;2;2;2;0;0;0;
1358;0;0;0;1358;0;0;1358;1358;1358;1358;1452;1420;0;0;0;0;0;0;0;0;0;0;0;0;0;0;0;0;0;0;0;0;2978;0;1358;1358;1358;1358;1358;1358;1358;1358;1358;1358;1358;1358;1358;1358;1358;1358;1358;1358;1358;1358;1358;1358;1358;1358;0;0;0;0;0;0;0;0;0;0;0;0;0;0;0;0;0;0;0;0;0;0;0;0;0;3402;0;0;0;0;0;0;0;0;0;0;0;0;0;0;0;
1358;0;0;0;0;1358;0;0;0;0;1358;1358;1358;0;0;0;0;0;0;2232;2232;0;0;0;0;0;0;0;0;0;0;0;2232;2232;0;0;0;0;0;658;0;658;0;858;1358;12;0;0;1358;0;0;0;0;0;0;337;0;0;1358;0;0;0;202;202;202;202;202;202;202;202;2;2;2;2;2;2;2;2;2;2;2;2;2;2;2;2;2;2;2;2;2;2;2;2;2;2;2;0;0;0;
1358;0;2232;2232;2232;1162;0;0;0;0;0;0;0;0;0;0;0;0;0;0;0;0;0;0;0;0;0;0;0;0;0;0;0;0;0;0;0;0;0;0;0;0;1042;1770;1162;6;2514;0;1162;0;0;0;12;2;12;442;337;858;1358;0;0;0;0;0;0;0;0;0;0;0;0;0;0;0;0;0;0;0;0;0;0;0;0;0;0;0;0;0;0;0;0;0;0;0;0;0;0;0;0;0;
1358;1362;0;0;0;1358;204;2;2;2;2;2;2;2;2;2;2;2;2;2;2;2;2;2;2;2;2;2;2;2;2;2;2;2;2;2;2;2;2;2;2;0;202;202;204;8;1358;1358;1358;1358;1358;1358;1358;1358;1358;1358;1358;1358;1358;0;0;0;0;0;0;0;0;0;0;0;0;0;0;0;0;0;0;0;0;0;0;0;0;0;0;0;0;0;0;0;0;0;0;0;0;0;0;0;0;0;
1358;1358;1358;1358;0;598;546;546;546;546;546;546;546;546;546;546;546;546;546;546;546;546;546;546;546;546;546;546;546;546;546;546;546;546;546;546;546;546;546;546;546;546;546;546;0;0;1358;0;0;0;0;0;0;0;0;0;0;0;0;0;0;0;0;0;0;0;0;0;0;0;0;0;0;0;0;0;0;0;0;0;0;0;0;0;0;0;0;0;0;0;0;0;0;0;0;0;2;0;0;0;
0;0;0;1358;1358;0;0;0;0;0;0;1362;0;0;0;0;0;0;0;0;0;0;0;0;0;0;1362;0;0;0;0;0;0;0;1362;1362;0;0;0;0;1362;0;0;0;0;1422;454;0;0;0;206;0;0;0;0;0;0;0;0;0;0;0;0;0;0;0;0;0;0;0;0;0;0;0;0;0;0;0;0;0;0;0;0;0;0;0;0;0;0;0;0;0;0;0;0;0;0;0;0;0;
0;0;0;0;1358;1358;2232;2232;2232;2232;2232;2232;2232;2232;2232;2232;2232;2232;2232;2232;2232;2232;2232;2232;2232;2232;2232;2232;2232;2232;2232;2232;2232;2232;2232;2232;2232;2232;2232;2232;2232;2232;2232;2232;2232;1362;1358;0;0;0;0;0;0;0;0;0;0;0;0;0;0;0;0;0;0;0;0;0;0;0;0;0;0;0;0;0;0;0;0;0;0;0;0;0;0;0;0;0;0;0;0;0;0;0;0;0;0;0;0;0;
0;0;0;0;0;1358;858;440;440;440;440;440;440;440;440;440;440;440;440;440;440;440;440;440;440;440;440;440;440;440;440;440;440;440;440;440;440;440;440;440;440;440;440;440;440;440;1358;0;0;0;0;0;0;0;0;0;0;0;0;0;0;0;0;0;0;0;0;0;0;0;0;0;0;0;0;0;0;0;0;0;0;0;0;0;0;0;0;0;0;0;0;0;0;0;0;0;0;0;0;0;
0;0;0;0;0;1358;1358;1358;1358;1358;1358;1358;1358;1358;1358;1358;1358;1358;1358;1358;1358;1358;1358;1358;1358;1358;1358;1358;1358;1358;1358;1358;1358;1358;1358;1358;1358;1358;1358;1358;1358;1358;1358;1358;1358;1358;1358;0;0;0;206;0;0;0;0;0;0;0;0;0;0;0;0;0;0;0;0;0;0;0;0;0;0;0;0;0;0;0;0;0;0;0;0;0;0;0;0;0;0;0;0;0;0;0;0;0;0;0;0;0;
1356;1356;1356;1356;1356;1356;1356;1356;1356;1356;1356;1356;1356;1356;1356;1356;1356;1356;1356;1356;1356;1356;1356;1356;1356;1356;1356;1356;1356;1356;1356;1356;1356;1356;1356;1356;1356;1356;1356;1356;1356;1356;1356;1356;1356;1356;1356;0;0;0;0;0;0;0;0;0;0;0;0;0;0;0;0;0;0;0;0;0;0;0;0;0;0;0;0;0;0;0;0;0;0;0;0;0;0;0;0;0;0;0;0;0;0;0;0;0;0;0;0;0;
1356;0;0;0;0;0;0;880;1356;1356;1356;0;0;0;1356;0;0;0;0;0;0;1356;880;0;0;0;1356;0;1356;0;0;0;0;0;0;0;0;0;0;1356;202;202;0;0;0;0;1356;0;0;0;0;0;0;0;0;0;0;0;0;0;0;0;0;0;0;0;0;0;0;0;0;0;0;0;0;0;0;0;0;0;0;0;0;0;0;0;0;0;0;0;0;0;0;0;0;0;0;0;0;0;
1356;0;0;2;2;2;0;0;0;0;0;0;0;0;0;0;0;2;0;2;0;0;0;0;1356;0;0;1356;0;0;2;0;1356;1356;1356;1356;1356;1356;0;0;0;0;0;1356;1356;0;1356;0;0;0;206;0;0;0;0;0;0;0;0;0;0;0;0;0;0;0;0;0;0;0;0;0;0;0;0;0;0;0;0;0;0;0;0;0;0;0;0;0;0;0;0;0;0;0;0;0;0;0;0;0;
1356;1356;1356;1356;0;2;2;2;2;0;0;2;2;2;0;2;2;2;2;2;1356;1356;1356;1356;1356;1356;0;1356;0;2;2;0;0;0;0;0;0;1356;1356;1356;1356;1356;1356;1356;0;0;1356;0;0;0;0;0;0;0;0;0;0;0;0;0;0;0;0;0;0;0;0;0;0;0;0;0;0;0;0;0;0;0;0;0;0;0;0;0;0;0;0;0;0;0;0;0;0;0;0;0;0;0;0;0;
1356;0;0;0;0;0;0;0;2;0;0;2;2;2;0;0;0;2;2;0;0;1356;0;0;0;0;0;0;0;0;2;2;2;0;2;2;0;1356;0;0;0;0;0;1356;0;1356;1356;0;0;0;0;0;0;0;0;0;2;2;2;2;2;2;2;2;2;2;2;2;2;2;2;10;2;0;0;0;0;0;0;0;0;0;0;0;0;0;0;0;0;0;0;0;0;0;0;0;0;0;0;0;
1356;1356;0;0;2;2;0;0;2;0;0;2;0;2;2;0;0;0;2;2;0;1356;0;2;2;2;2;2;2;2;2;2;0;0;0;2;0;1356;1356;0;1356;1356;0;1356;0;0;1356;0;0;0;206;0;0;0;0;0;0;0;0;0;0;0;0;0;0;0;0;0;0;0;0;0;0;0;0;0;0;0;0;0;0;0;0;0;0;0;0;0;0;0;0;0;0;0;0;0;0;0;0;0;
1356;1356;1356;1356;1356;0;1356;0;2;0;0;2;0;0;2;2;0;0;0;2;2;1356;0;0;1356;0;1356;0;0;0;0;1356;102;0;102;2;0;1356;0;0;0;1356;0;1356;1356;0;1356;0;0;0;0;2;2;0;0;2;2;2;0;0;0;0;0;2;2;0;2;2;2;2;2;2;2;2;0;2;2;2;2;2;2;2;2;0;2;2;2;0;2;0;0;0;0;0;0;2;2;2;0;0;
1356;0;0;0;0;0;0;0;2;0;0;2;2;0;0;2;2;0;0;0;2;1356;1356;0;1356;1356;0;0;1356;1356;0;0;0;1356;1356;1356;0;1356;0;1356;1356;1356;0;0;1356;0;1356;0;0;0;0;0;0;0;0;0;0;0;0;0;0;0;0;0;0;0;2;2;2;2;2;2;2;2;0;2;0;0;0;0;0;0;0;0;0;0;0;0;2;2;0;0;2;2;2;2;2;2;0;0;
1356;1356;1356;0;0;0;0;0;2;0;0;2;0;0;0;0;2;2;0;0;0;1356;0;0;1356;0;1356;0;0;1356;1356;1356;1356;1356;0;1356;1356;1356;0;1356;0;1356;1356;0;0;0;1356;0;0;0;206;0;0;0;0;0;0;0;0;0;0;0;0;0;0;0;0;0;0;0;0;0;0;0;0;0;0;0;0;0;0;0;0;0;0;0;0;0;0;0;0;0;0;0;0;0;0;0;0;0;
1356;0;1356;1356;0;1356;1356;1356;1356;0;0;2;0;1356;1356;0;0;2;2;0;0;1356;0;1356;1356;1356;0;1356;0;0;0;0;0;1356;1356;0;0;0;0;1356;0;0;1356;1356;1356;1356;1356;0;0;0;0;0;2;0;0;0;0;0;0;0;0;0;0;0;0;0;0;0;0;0;0;0;0;0;0;2;0;0;0;0;0;0;0;0;0;0;0;0;0;0;0;0;0;0;0;0;0;0;0;0;
1356;0;0;1356;0;1356;0;0;1356;0;0;2;0;0;1356;1356;0;0;0;0;0;1356;0;0;1356;0;1356;0;1356;0;0;1356;0;0;0;0;0;1356;1356;1356;1356;1356;1356;1356;1356;1356;1356;0;0;0;0;0;0;0;2;2;2;2;2;0;2;2;2;2;2;2;2;2;2;0;2;2;2;2;0;2;2;2;2;2;2;2;2;0;2;2;2;2;2;2;2;2;2;0;0;2;2;2;0;0;
1356;0;1356;1356;0;1356;0;26;1356;0;0;2;2;0;1356;1356;1356;0;0;1356;1356;1356;1356;0;1356;1356;1356;1356;1356;1356;1356;1356;1356;1356;1356;1356;1356;1356;1356;0;0;0;0;0;0;0;1356;0;0;0;206;0;0;0;0;0;0;0;0;0;0;0;0;0;0;0;0;0;0;0;0;0;0;0;0;0;0;0;0;0;0;0;0;0;0;0;0;0;0;0;0;0;0;3402;0;0;0;0;0;0;
1356;0;0;1356;0;1356;102;102;1356;0;0;2;0;0;1356;1356;0;0;1356;1356;0;1356;0;0;1356;1356;0;0;1356;0;1356;0;1356;0;1356;0;0;0;0;0;1356;1356;1356;1356;1356;0;1356;0;0;0;1358;0;0;0;2;2;2;2;2;2;0;2;2;2;2;2;2;2;2;2;2;2;2;0;0;2;2;2;2;2;2;2;2;0;2;0;2;2;0;0;2;2;2;2;2;0;0;2;0;0;
1356;1356;0;0;0;0;0;0;0;0;0;0;0;1356;1356;0;0;1356;1356;1356;1356;1356;0;1356;1356;0;0;0;0;0;0;0;0;0;0;0;1356;0;0;1356;1356;0;0;0;1356;0;1356;0;0;0;1358;0;0;0;2;2;2;2;2;2;0;2;2;2;2;2;2;2;2;2;2;2;2;0;0;2;2;2;2;2;2;2;2;0;2;0;2;0;0;2;2;2;2;2;2;2;0;2;0;0;
1356;1356;1356;1356;1356;1356;1356;1356;1356;1356;1356;1356;1356;1356;0;0;1356;1356;0;1356;0;0;0;1356;0;0;1356;0;1356;0;1356;0;1356;0;1356;1356;1356;1356;1356;1356;0;0;1356;0;0;0;1356;0;0;0;0;0;0;0;0;0;0;0;0;0;0;0;0;0;0;0;0;0;0;0;0;0;0;0;0;0;0;0;0;0;0;0;0;0;0;0;0;0;0;0;0;0;0;0;0;0;0;0;0;0;
1356;1356;0;0;0;0;0;0;1356;1356;0;0;0;0;0;1356;1356;0;0;0;0;1356;1356;1356;0;0;0;0;1356;1356;1356;1356;1356;1356;1356;0;0;0;0;1356;0;1356;1356;1356;1356;1356;1356;0;0;0;0;0;0;0;0;0;0;0;0;0;0;0;0;0;0;0;0;0;0;0;0;0;0;0;0;0;0;0;0;0;0;0;0;0;0;0;0;0;0;0;0;0;0;0;0;0;0;0;0;0;
1356;0;0;1356;0;0;1356;0;0;0;0;1356;1356;0;1356;1356;1356;0;1356;1356;1356;1356;1356;0;0;1356;0;0;0;0;0;0;1356;1356;1356;1356;1356;1356;1356;1356;0;0;0;0;0;0;1356;0;0;0;0;0;0;0;0;0;0;0;0;0;0;0;0;0;0;0;0;0;0;0;0;0;0;0;0;2;2;2;0;0;0;0;0;0;0;0;0;0;0;0;0;0;0;0;0;0;0;0;0;0;
1356;0;1356;1356;1356;1356;1356;1356;1356;1356;1356;1356;1356;1356;1356;0;0;0;1356;0;0;0;0;0;0;1356;0;1356;0;1356;0;0;0;1356;0;1356;0;1356;0;1356;1356;1356;0;1356;1356;0;1356;0;0;0;0;0;0;0;0;0;0;0;0;0;0;0;0;0;0;0;0;0;0;0;0;0;0;0;0;2;2;0;0;2;2;2;2;2;0;0;2;2;2;2;0;0;0;0;0;0;0;0;0;0;
1356;0;0;0;0;0;1356;1356;0;0;0;0;0;1356;1356;0;1356;1356;1356;0;1356;1356;0;0;1356;1356;0;0;0;0;0;1356;0;0;0;0;0;0;0;0;0;1356;0;1356;0;0;1356;0;0;0;0;0;0;0;0;0;0;0;0;0;0;0;0;0;0;0;0;0;0;0;0;0;0;0;0;2;0;0;0;0;2;0;2;2;2;0;0;2;0;0;0;2;2;2;2;2;2;2;2;0;
1356;1356;1356;1356;1356;0;0;1356;1356;1356;1356;1356;0;1356;340;0;0;0;0;0;1356;454;0;1356;1356;0;0;0;0;0;0;0;0;1356;0;1356;0;1356;0;1356;0;1356;0;1356;0;1356;1356;0;0;0;0;0;0;0;0;0;0;0;0;0;0;0;0;0;0;0;0;0;0;0;0;0;0;0;0;0;0;2;0;0;0;0;0;0;0;0;0;0;0;0;2;2;2;0;0;0;0;0;0;0;
1356;0;0;1356;0;1356;0;0;0;0;0;0;0;1356;1356;1356;1356;0;1356;1356;1356;1356;1356;1356;1356;454;454;454;454;454;454;454;454;1356;0;1356;1356;1356;1356;1356;0;0;0;1356;0;0;1356;0;0;0;0;0;0;0;0;0;0;0;0;0;0;0;0;0;0;0;0;0;0;0;0;0;0;0;0;0;0;0;0;0;0;0;0;0;2;0;2;0;0;0;0;0;2;0;0;0;0;0;0;0;
1356;1356;1356;1356;1356;1356;0;1356;1356;1356;1356;1356;1356;0;0;0;1356;1356;1356;0;0;0;0;0;1356;1356;1356;1356;1356;1356;1356;1356;1356;1356;1356;1356;0;0;0;1356;1356;1356;1356;1356;1356;0;1356;0;0;0;0;0;0;0;0;0;0;0;0;0;0;0;0;0;0;0;0;0;0;0;0;0;0;0;0;0;0;0;0;0;0;0;0;0;0;0;0;0;0;0;0;0;0;0;0;0;0;0;0;0;
1356;242;1364;1278;202;1356;0;0;0;0;0;0;0;0;1356;0;0;0;0;0;1356;0;1356;0;0;0;0;0;0;0;0;0;0;0;0;0;0;1356;0;0;0;0;0;0;0;0;3402;0;0;0;0;0;0;0;0;0;0;0;0;0;0;0;0;0;0;0;0;0;0;0;0;0;0;0;0;0;0;0;0;0;0;0;0;0;0;0;0;0;0;0;0;0;0;0;0;0;0;0;0;0;
1356;1356;1356;1356;1356;1356;1356;1356;1356;1356;1356;1356;1356;1356;1356;1356;1356;1356;1356;1356;1356;1356;1356;1356;1356;1356;1356;1356;1356;1356;1356;1356;1356;1356;1356;1356;1356;1356;1356;1356;1356;1356;1356;1356;1356;1356;1356;0;0;0;0;0;0;0;0;0;0;0;0;0;0;0;0;0;0;0;0;0;0;0;0;0;0;0;0;0;0;0;0;0;0;0;0;0;0;0;0;0;0;0;0;0;0;0;0;0;0;0;0;0;
8;8;8;8;8;8;8;8;8;8;8;8;8;8;8;8;8;8;8;8;8;8;8;8;8;8;8;8;8;8;8;8;8;8;8;8;8;8;8;8;8;8;8;8;8;8;8;8;8;8;8;8;8;8;8;8;8;8;8;8;8;8;8;8;8;8;8;8;8;8;8;8;8;8;8;8;8;8;8;8;8;8;8;8;8;8;8;8;8;8;8;8;8;8;8;8;8;8;8;8;
8;8;8;8;8;8;8;8;8;8;8;8;8;8;8;8;8;8;8;8;8;8;8;8;8;8;8;8;8;8;8;8;8;8;8;8;8;8;8;8;8;8;8;8;8;8;8;8;8;8;8;8;8;8;8;8;8;8;8;8;8;8;8;8;8;8;8;8;8;8;8;8;8;8;8;8;8;8;8;8;8;8;8;8;8;8;8;8;8;8;8;8;8;8;8;8;8;8;8;8;
8;8;8;8;8;8;8;8;8;8;8;8;8;8;8;8;8;8;8;8;8;8;8;8;8;8;8;8;8;8;8;8;8;8;8;8;8;8;8;8;8;8;8;8;8;8;8;8;8;8;8;8;8;8;8;8;8;8;8;8;8;8;8;8;8;8;8;8;8;8;8;8;8;8;8;8;8;8;8;8;8;8;8;8;8;8;8;8;8;8;8;8;8;8;8;8;8;8;8;8;
8;8;8;8;8;8;8;8;8;8;8;8;8;8;8;8;8;8;8;8;8;8;8;8;8;8;8;8;8;8;8;8;8;8;8;8;8;8;8;8;8;8;8;8;8;8;8;8;8;8;8;8;8;8;8;8;8;8;8;8;8;8;8;8;8;8;8;8;8;8;8;8;8;8;8;8;8;8;8;8;8;8;8;8;8;8;8;8;8;8;8;8;8;8;8;8;8;8;8;8;
8;8;8;8;8;8;8;8;8;8;8;8;8;8;8;8;8;8;8;8;8;8;8;8;8;8;8;8;8;8;8;8;8;8;8;8;8;8;8;8;8;8;8;8;8;8;8;8;8;8;8;8;8;8;8;8;8;8;8;8;8;8;8;8;8;8;8;8;8;8;8;8;8;8;8;8;8;8;8;8;8;8;8;8;8;8;8;8;8;8;8;8;8;8;8;8;8;8;8;8;
8;8;8;8;8;8;8;8;8;8;8;8;8;8;8;8;8;8;8;8;8;8;8;8;8;8;8;8;8;8;8;8;8;8;8;8;8;8;8;8;8;8;8;8;8;8;8;8;8;8;8;8;8;8;8;8;8;8;8;8;8;8;8;8;8;8;8;8;8;8;8;8;8;8;8;8;8;8;8;8;8;8;8;8;8;8;8;8;8;8;8;8;8;8;8;8;8;8;8;8;
