0;0;0;0;0;0;0;0;0;0;0;0;0;0;0;0;0;0;0;0;0;0;0;0;0;0;0;0;0;0;0;0;0;0;0;0;0;0;0;0;0;0;0;0;0;0;0;0;0;0;0;0;0;0;0;0;0;0;0;0;0;0;0;0;0;0;0;0;0;0;0;0;0;0;0;0;0;0;0;0;0;0;0;0;0;0;0;0;0;0;0;0;0;0;0;0;666;1276;1278;3252;
0;0;0;0;0;0;0;0;0;0;0;0;0;0;0;0;0;0;0;0;0;0;0;0;0;0;0;0;0;0;0;0;0;0;0;0;0;0;0;0;0;0;0;0;0;0;0;0;0;0;0;0;0;0;0;0;0;0;0;0;0;0;0;0;0;0;0;0;0;0;0;0;0;0;0;0;0;0;0;0;0;0;0;0;0;0;0;0;0;0;0;0;0;0;0;0;666;242;202;1436;
0;0;0;0;0;0;0;0;0;0;0;0;0;0;0;0;0;0;0;0;0;0;0;0;0;0;0;0;0;0;0;0;0;0;0;0;0;0;0;0;0;0;0;0;0;0;0;0;0;0;0;0;0;0;0;0;0;0;0;0;0;0;0;0;0;0;0;0;0;0;0;0;0;0;0;0;0;0;0;0;0;0;0;0;0;0;0;0;0;0;0;0;0;0;0;0;666;666;2;202;
0;0;0;0;0;0;0;0;0;0;0;0;0;0;0;0;0;0;0;0;0;0;0;0;0;0;0;0;0;0;0;0;0;0;0;0;0;0;0;0;0;0;0;0;0;0;0;0;0;0;0;0;0;0;0;0;0;0;0;0;0;0;0;0;0;0;0;0;0;0;0;0;0;0;0;0;0;0;0;0;0;0;0;0;0;0;0;0;0;0;0;0;0;0;0;0;0;0;0;0;
0;0;0;0;0;0;0;0;0;0;0;0;0;0;0;0;0;0;0;0;0;0;0;0;0;0;0;0;0;0;0;0;0;0;0;0;0;0;0;0;0;0;0;0;0;0;0;0;0;0;0;0;0;0;0;0;0;0;0;0;0;0;0;0;0;0;0;0;0;0;0;0;0;0;0;0;0;0;0;0;0;0;0;0;0;0;0;0;0;0;0;0;0;0;0;0;0;0;0;0;
0;0;0;0;0;0;0;0;0;0;0;0;0;0;0;0;0;0;0;0;0;0;0;0;0;0;0;0;0;0;0;0;0;0;0;0;0;0;0;0;0;0;0;0;0;0;0;0;0;0;0;0;0;0;0;0;0;0;0;0;0;0;0;0;0;0;0;0;0;0;0;0;0;0;0;0;0;0;0;0;0;0;0;0;0;0;0;0;0;0;0;0;0;0;0;0;0;0;2;0;
0;0;0;0;0;0;0;0;0;0;0;0;0;0;0;0;0;0;0;0;0;0;0;0;0;0;0;0;0;0;0;0;0;0;0;0;0;0;0;0;0;0;0;0;0;0;0;0;0;0;0;0;0;0;0;0;0;0;0;0;0;0;0;0;0;0;0;0;0;0;0;0;0;0;0;0;0;0;0;0;0;0;0;0;0;0;0;0;0;0;0;0;0;0;0;0;0;0;0;0;
0;0;0;0;0;0;0;0;0;0;0;0;0;0;0;0;0;0;0;0;0;0;0;0;0;0;0;0;0;0;0;0;0;0;0;0;0;0;0;0;0;0;0;0;0;0;0;0;0;0;0;0;0;0;0;0;0;0;0;0;0;0;0;0;0;0;0;0;0;0;0;0;0;0;0;0;0;0;0;0;0;0;0;0;0;0;0;0;0;0;0;0;0;0;0;0;0;0;0;0;
0;0;0;0;0;0;0;0;0;0;0;0;0;0;0;0;0;0;0;0;0;0;0;0;0;0;0;0;0;0;0;0;0;0;0;0;0;0;0;0;0;0;0;0;0;0;0;0;0;0;0;0;0;0;0;0;0;0;0;0;0;0;0;0;0;0;0;0;0;0;0;0;0;0;0;0;0;0;0;0;0;0;0;0;0;0;0;0;0;0;0;0;0;0;0;0;0;0;2;0;
0;0;0;0;0;0;0;0;0;0;0;0;0;0;0;0;0;0;0;0;0;0;0;0;0;0;0;0;0;0;0;0;0;0;0;0;0;0;0;0;0;0;0;0;0;0;0;0;0;0;0;0;0;0;0;0;0;0;0;0;0;0;0;0;0;0;0;0;0;0;0;0;0;0;0;0;0;0;0;0;0;0;0;0;0;0;0;0;0;0;0;0;0;0;0;0;0;0;0;0;
0;0;0;0;0;0;0;0;0;0;0;0;0;0;0;0;0;0;0;0;0;0;0;0;0;0;0;0;0;0;0;0;0;0;0;0;0;0;0;0;0;0;0;0;0;0;0;0;0;0;0;0;0;0;0;0;0;0;0;0;0;0;0;0;0;0;0;0;0;0;0;0;0;0;0;0;0;0;0;0;0;0;0;0;0;0;0;0;0;0;0;0;0;0;0;0;0;2;0;0;
0;0;0;0;0;0;0;0;0;0;0;0;0;0;0;0;0;0;0;0;0;0;0;0;0;0;0;0;0;0;0;0;0;0;0;0;0;0;0;0;0;0;0;0;0;0;0;0;0;0;0;0;0;0;0;0;0;0;0;0;0;0;0;0;0;0;0;0;0;0;0;0;0;0;0;0;0;0;0;0;0;0;0;0;0;0;0;0;0;0;0;0;0;0;0;0;0;0;0;0;
0;0;0;0;0;0;0;0;0;0;0;0;0;0;0;0;0;0;0;0;0;0;0;0;0;0;0;0;0;0;0;0;0;0;0;0;0;0;0;0;0;0;0;0;0;0;0;0;0;0;0;0;0;0;0;0;0;0;0;0;0;0;0;0;0;0;0;0;0;0;0;0;0;0;0;0;0;0;0;0;0;0;0;0;0;0;0;0;0;0;0;0;0;0;0;0;0;0;0;0;
0;0;0;0;0;0;0;0;0;0;0;0;0;0;0;0;0;0;0;0;0;0;0;0;0;0;0;0;0;0;0;0;0;0;0;0;0;0;0;0;0;599;599;0;0;0;0;0;0;0;0;0;0;0;0;0;0;0;0;0;0;0;0;0;0;0;0;0;0;0;0;0;0;0;0;0;0;0;0;0;0;0;0;0;0;0;0;0;0;0;0;0;0;0;0;0;0;2;0;0;
0;0;0;0;0;0;0;0;0;0;0;0;0;0;0;0;0;0;0;0;0;0;0;0;0;0;0;0;0;0;0;0;0;0;0;0;0;0;0;0;0;0;0;0;0;0;0;0;0;0;0;0;0;0;0;0;0;0;0;0;0;0;0;0;0;0;0;0;0;0;0;0;0;0;0;0;0;0;0;0;0;0;0;0;0;0;0;0;0;0;0;0;0;0;0;0;0;0;0;0;
0;0;0;0;0;0;0;0;0;0;0;0;0;0;0;0;0;0;0;0;0;0;0;170;170;170;170;204;0;0;0;0;0;0;0;0;0;0;0;0;0;0;0;0;0;0;0;0;0;0;0;0;0;0;0;0;0;0;0;0;0;0;0;0;0;0;0;0;0;0;0;0;0;0;0;0;0;0;0;0;0;0;0;0;0;0;0;0;0;0;0;0;0;0;0;0;0;0;0;0;
0;0;0;0;0;0;0;0;0;0;0;0;0;0;0;0;0;0;0;0;0;0;0;170;598;986;60;26;0;0;0;0;0;0;0;0;0;0;0;0;0;0;0;0;0;0;0;0;0;0;0;0;0;0;0;0;0;0;0;0;0;0;0;0;0;0;0;0;0;0;0;0;0;0;0;0;0;0;0;0;0;0;0;0;0;0;0;0;0;0;0;0;0;0;0;0;0;0;2;0;
0;0;0;0;0;0;0;0;0;0;0;0;0;0;0;0;0;0;0;0;0;0;0;170;170;170;170;998;0;0;0;0;0;0;0;0;0;0;0;666;666;666;666;204;0;0;0;0;0;0;0;0;0;0;0;0;0;0;0;0;0;0;0;0;0;0;0;0;0;0;0;0;0;0;0;0;0;0;0;0;0;0;0;0;0;0;0;0;0;0;0;0;0;0;0;0;0;0;0;0;
0;0;0;0;0;0;0;0;0;0;0;0;0;0;0;0;0;0;0;0;0;0;0;0;0;0;0;0;0;0;0;0;0;0;0;0;0;0;0;666;598;986;60;12;0;0;0;0;0;0;0;0;0;0;0;0;0;0;0;0;0;0;0;0;0;0;0;0;0;0;0;0;0;0;0;0;0;0;0;0;0;0;0;0;0;0;0;0;0;0;0;0;0;0;0;0;0;2;0;0;
0;0;0;0;0;0;0;0;0;0;0;0;0;0;0;0;0;0;0;0;0;0;0;0;0;0;0;0;0;0;0;0;0;0;0;0;0;0;0;666;666;666;666;998;0;2;0;0;2;0;2;0;0;0;0;0;0;2;0;0;0;0;0;0;0;0;0;0;0;0;0;0;0;0;0;0;0;0;0;0;0;0;0;0;0;0;0;0;0;0;0;0;0;0;0;0;0;0;0;0;
0;0;0;0;0;0;0;0;0;0;0;0;0;0;0;0;0;0;0;0;0;0;0;0;0;0;0;0;0;0;0;0;0;0;0;2;0;0;0;0;0;0;0;0;0;0;0;0;0;0;0;0;0;0;0;0;0;0;0;0;0;0;0;0;0;0;0;0;0;0;0;0;0;0;0;0;0;0;0;0;0;0;0;0;0;0;0;0;0;0;0;0;0;0;0;0;0;0;0;0;
0;0;0;0;0;0;0;0;0;0;0;0;0;0;0;0;0;0;0;0;0;0;0;0;0;0;0;0;0;0;0;0;0;0;0;0;0;0;0;0;0;0;3564;0;0;0;0;0;0;0;0;0;0;0;0;2;0;0;0;0;0;0;0;0;0;0;0;0;0;0;0;0;0;0;0;0;0;0;0;0;0;0;0;0;0;0;0;0;0;0;0;0;0;0;0;0;2;0;0;0;
0;0;0;0;0;0;0;0;0;0;0;0;0;0;0;0;0;0;0;0;0;0;0;0;0;0;0;0;0;0;0;0;0;0;0;0;0;0;0;0;0;0;0;0;0;0;0;0;0;0;0;0;0;0;0;0;0;0;0;0;0;0;0;0;0;0;0;0;0;0;0;0;0;0;0;0;0;0;0;0;0;0;0;0;0;0;0;0;0;0;0;0;0;0;0;0;0;0;0;0;
0;0;0;0;0;0;0;0;0;0;0;0;0;0;0;0;0;0;0;0;0;0;0;0;0;0;0;0;0;0;0;0;0;0;0;0;0;0;0;0;0;0;0;0;0;0;0;0;0;0;0;0;0;0;0;0;0;2;0;0;0;0;0;0;0;0;0;0;0;0;0;0;0;0;0;0;0;0;0;0;0;0;0;0;0;0;0;0;0;0;0;0;0;0;0;0;0;0;0;0;
0;0;0;0;0;0;0;0;0;0;0;0;0;0;0;0;0;0;0;0;0;0;0;0;0;0;0;0;0;0;0;0;0;0;0;0;0;0;2;2;202;0;0;0;0;0;0;0;0;0;0;0;0;0;0;0;0;0;0;0;0;0;0;0;0;0;0;0;0;0;0;0;0;0;0;0;0;0;0;0;0;0;0;0;0;0;0;0;0;0;0;0;0;0;0;0;0;0;2;0;
0;0;0;0;0;0;0;0;0;0;0;0;0;0;0;0;0;0;0;0;0;0;0;0;0;0;0;0;0;0;0;0;0;0;0;0;0;0;2;598;60;986;0;0;0;0;0;0;0;0;0;0;0;0;0;0;0;0;0;0;0;0;0;0;0;0;0;0;0;0;0;0;0;0;0;0;0;0;0;0;0;0;0;0;0;0;0;0;0;0;0;0;0;0;0;0;0;0;0;0;
0;0;0;0;0;0;0;0;0;0;0;0;0;0;0;0;0;0;0;0;0;0;0;0;0;0;0;0;0;0;0;0;0;0;0;0;0;0;2;2;2;998;0;0;0;0;0;0;0;0;0;0;0;0;2302;0;0;0;0;0;0;0;0;0;0;0;0;0;0;0;0;0;0;0;0;0;0;0;0;0;0;0;0;0;2302;0;0;0;0;0;0;0;0;0;0;0;0;2;0;0;
2;2;2;2;2;2;2;2;2;2;2;2;2;2;2;2;2;2;2;2;2;2;2;2;2;2302;2;2;2;0;2;2;2;2;2;2;2;2;2;2;2;2;2;2;2;2;2;2;2;2;2;2;2;2;2;2;2;2;2;2;2;2;2;2;2;2;2;2;2;2;2;2;2;2;2;2;2;2;2;2;2;2;2;2;2;2;2;2;2;2;2;2;2;2;2;2;2;2;2;2;
1004;1004;1004;1004;1004;1004;1004;1004;1004;1004;1004;1004;1004;1004;1004;1004;1004;1004;1004;1004;1004;1004;1004;1004;1004;598;1004;1004;1004;598;1004;1004;1004;1004;1004;1004;1004;1004;1004;1004;1004;1004;1004;1004;1004;1004;1004;1004;1004;1004;1004;1004;1004;1004;1004;1004;1004;1004;1004;1004;1004;1004;1004;1004;1004;1004;1004;1004;1004;1004;1004;1004;1004;1004;1004;1004;1004;1004;1004;1004;1004;1004;1004;1004;1004;1004;1004;1004;1004;1004;1004;1004;1004;1004;1004;1004;1004;1004;1004;1004;
1004;1684;0;762;60;1684;0;762;60;1684;0;762;60;1684;0;762;60;1684;0;762;60;1684;0;762;60;1684;762;1004;1004;0;0;0;0;0;0;0;0;0;0;0;0;0;0;0;0;0;0;0;0;0;0;0;0;0;0;0;0;0;0;0;0;0;0;0;0;0;0;0;0;0;0;0;0;0;0;0;0;0;0;0;0;0;0;0;0;0;0;0;0;0;0;0;0;0;1004;1004;1004;0;0;1004;
1004;1004;1004;1004;1004;1004;1004;1004;1004;1004;1004;1004;1004;1004;1004;1004;1004;1004;1004;1004;1004;1004;1004;1004;1004;1004;598;1004;1004;0;0;0;0;0;0;162;0;0;0;0;162;0;0;0;0;162;0;0;0;0;162;0;0;0;0;162;0;0;0;0;162;0;0;0;0;162;0;0;0;0;162;0;0;0;0;162;0;0;0;0;162;0;0;0;0;162;0;0;0;0;162;0;0;0;1004;598;598;0;0;1004;
1004;762;0;1684;60;762;0;1684;60;762;0;1684;60;762;0;1684;60;762;0;1684;60;762;0;1684;60;762;0;1004;1004;0;0;0;0;0;0;0;0;0;0;0;0;0;0;0;0;0;0;0;0;0;0;0;0;0;0;0;0;0;0;0;0;0;0;0;0;0;0;0;0;0;0;0;0;0;0;0;0;0;0;0;0;0;0;0;0;0;0;0;0;0;0;0;0;0;598;598;598;0;0;1004;
1004;1004;1004;1004;1004;1004;1004;1004;1004;1004;1004;1004;1004;1004;1004;1004;1004;1004;1004;1004;1004;1004;1004;1004;1004;1004;0;1004;1004;858;410;0;0;0;0;0;0;0;0;0;0;0;0;0;0;0;0;0;0;0;0;0;0;0;0;0;0;0;0;0;0;0;0;0;0;0;0;0;0;0;0;0;0;0;0;0;0;0;0;0;0;0;0;0;0;0;0;0;0;0;0;0;0;0;598;598;1004;0;0;1004;
1004;1684;0;762;60;1684;0;762;60;1684;0;762;60;1684;0;762;60;1684;0;762;60;1684;0;762;60;1684;0;1004;1004;598;1004;598;598;598;598;598;598;598;598;598;598;598;598;598;598;598;598;598;598;598;598;598;598;598;598;598;598;598;598;598;598;598;598;598;598;598;598;598;598;598;598;598;598;598;598;598;598;598;598;598;598;598;598;598;598;598;598;598;598;598;598;598;598;598;598;1004;1004;0;0;1004;
1004;598;1004;1004;1004;1004;1004;1004;1004;1004;1004;1004;1004;1004;1004;1004;1004;1004;1004;1004;1004;1004;1004;1004;1004;1004;1004;1004;1004;0;1004;162;162;162;162;162;162;162;162;162;162;162;162;162;162;162;162;162;162;162;162;162;162;162;162;162;162;162;162;162;162;162;162;162;162;162;162;162;162;162;162;162;162;162;162;162;162;162;162;162;162;162;162;162;162;162;162;162;162;162;162;162;162;162;1004;1004;1004;598;598;1004;
1004;762;0;1684;60;762;0;1684;60;762;0;1684;60;762;0;1684;60;762;0;1684;60;762;986;986;986;410;858;1004;1004;0;60;1450;1450;1450;1450;1450;1450;1432;1450;1450;1450;1450;1450;1450;986;598;598;598;598;598;598;598;598;598;598;598;598;598;598;598;598;598;598;598;598;598;598;598;598;598;598;598;598;598;598;598;598;598;598;598;598;598;598;1450;598;598;598;598;598;598;598;598;598;598;598;598;598;598;598;1004;
1004;1004;1004;1004;1004;1004;1004;1004;1004;1004;1004;1004;1004;1004;1004;1004;1004;1004;1004;1004;1004;1004;1004;1004;1004;1004;598;168;168;168;168;168;168;168;180;180;180;180;180;180;180;180;180;180;180;180;180;180;180;180;180;180;180;180;180;180;180;180;180;180;180;180;180;180;180;180;180;180;180;180;180;180;998;1004;1004;1004;1004;1004;1004;1004;1004;1004;1004;1004;1004;1004;1004;1004;1004;1004;1004;1004;1004;1004;1004;1004;1004;1004;1004;1004;
2;2;2;2;2;2;2;2;2;2;2;2;2;2;2;2;2;2;2;2;2;2;2;2;2;2;598;168;168;168;168;168;168;168;168;180;180;180;180;180;180;180;180;180;180;180;180;180;180;180;180;180;180;180;180;180;180;180;180;180;180;180;180;180;180;180;180;180;180;180;180;180;0;1004;0;1042;2978;2978;2978;2978;2978;2978;2978;2978;2978;2978;2978;2978;2978;2978;2978;2978;2978;2978;2978;2978;0;0;0;1004;
2;2;2;2;0;0;0;0;0;1004;1004;1004;1004;1004;1004;1004;993;0;0;0;0;1004;1684;1450;60;1308;858;168;168;0;0;0;0;0;0;0;0;0;0;0;0;0;0;0;0;0;0;0;658;0;1308;0;0;0;0;0;0;0;0;0;1308;0;0;0;0;1308;0;0;0;0;180;180;0;1004;0;998;2946;2946;2946;2946;2946;2946;2946;2946;2946;2946;2946;2946;2946;2946;2946;2946;2946;2946;2946;2946;998;0;998;1004;
2;2;0;0;0;1766;0;0;1004;1004;1004;1004;1004;1004;1004;1004;1004;1004;0;0;1766;1004;1004;1004;1004;0;998;168;168;0;0;0;0;0;218;222;218;0;0;0;0;0;0;0;218;222;218;0;986;0;1308;0;0;0;0;218;222;218;0;0;1308;0;0;0;0;1308;0;0;0;0;180;180;0;1004;0;1042;2978;2978;2978;2978;2978;2978;2978;2978;2978;2978;2978;2978;2978;2978;2978;2978;2978;2978;2978;2978;0;0;0;1004;
2;2;0;0;0;0;0;1004;1004;1104;1004;1684;986;1450;986;0;1004;1004;1004;0;0;0;0;1766;0;0;998;168;168;0;0;0;986;2792;2792;2792;2792;2792;0;1308;0;0;1308;2792;2792;2792;2792;2792;2792;2792;2792;0;0;0;2792;2792;2792;2792;2792;2792;2792;218;222;218;986;1308;0;0;0;0;180;180;0;1004;0;998;2946;2946;2946;2946;2946;2946;2946;2946;2946;2946;2946;2946;2946;2946;2946;2946;2946;2946;2946;2946;998;0;998;1004;
2;0;0;0;0;0;1004;1004;1308;1308;1004;1004;1004;1004;1004;0;1104;554;1004;1004;0;0;0;0;0;0;998;168;168;0;0;986;2792;2792;0;0;1308;2792;2792;1308;0;0;1308;2792;0;0;0;0;1308;0;0;0;0;0;0;0;0;0;0;0;2792;2792;2792;2792;2792;2792;218;222;218;0;180;180;0;1004;0;1042;2978;2978;2978;2978;2978;2978;2978;2978;2978;2978;2978;2978;2978;2978;2978;2978;2978;2978;2978;2978;0;0;0;1004;
2;0;0;1766;0;0;1004;1004;1308;1104;1308;0;1004;1004;1004;1004;1104;554;1004;1004;0;986;2978;986;2978;986;2978;168;168;0;0;2792;2792;0;0;0;1308;0;0;1308;986;0;1308;0;0;0;0;0;1308;986;0;218;222;218;986;0;0;0;0;0;0;0;0;0;0;2792;2792;2792;2792;2792;180;180;0;1004;0;998;2946;2946;2946;2946;2946;2946;2946;2946;2946;2946;2946;2946;2946;2946;2946;2946;2946;2946;2946;2946;998;0;998;1004;
2;0;0;0;0;0;1004;1004;1004;1004;1308;0;0;0;0;0;0;554;1004;1004;0;998;998;998;998;998;998;168;168;0;0;0;0;0;0;0;1308;0;0;1308;2792;2792;2792;218;222;218;0;1304;2792;2792;2792;2792;2792;2792;2792;2792;218;222;218;0;0;0;0;0;0;0;1308;0;0;0;180;180;0;1004;0;1042;2978;2978;2978;2978;2978;2978;2978;2978;2978;2978;2978;2978;2978;2978;2978;2978;2978;2978;2978;2978;0;0;0;1004;
2;2;0;0;0;0;1308;1104;1004;1004;1004;1450;1450;1450;1450;1450;1448;1004;1004;1308;986;2978;986;2978;986;2978;0;168;168;0;0;0;986;218;222;218;2792;2792;0;1308;0;1308;2792;2792;2792;2792;2792;2792;2792;546;986;0;1684;986;546;2792;2792;2792;2792;2792;1304;218;222;218;0;0;1308;0;0;0;180;180;0;1004;0;998;2946;2946;2946;2946;2946;2946;2946;2946;2946;2946;2946;2946;2946;2946;2946;2946;2946;2946;2946;2946;998;0;998;1004;
3564;3564;2;0;0;0;0;1308;0;1308;1004;1004;1004;598;1004;1004;1004;1004;1308;0;998;998;998;998;998;998;0;168;168;0;0;986;2792;2792;2792;2792;2792;1308;0;1308;0;1308;0;0;0;0;0;0;0;102;102;0;1308;102;102;0;0;0;0;2792;2792;2792;2792;2792;2792;0;1308;0;0;0;170;170;0;1004;0;1042;2978;2978;2978;2978;2978;2978;2978;2978;2978;2978;2978;2978;2978;2978;2978;2978;2978;2978;2978;2978;0;0;0;1004;
3564;2;0;0;0;100;0;0;0;1308;1104;1004;1004;762;554;1308;1004;1308;1308;986;2978;986;2978;986;2978;0;0;168;168;0;0;2792;2792;0;0;0;0;1308;0;0;0;1308;658;0;218;222;218;986;0;0;0;0;1308;0;0;0;0;0;0;0;1308;0;0;0;0;0;1308;658;0;0;170;170;0;1004;0;998;2946;2946;2946;2946;2946;2946;2946;2946;2946;2946;2946;2946;2946;2946;2946;2946;2946;2946;2946;2946;998;0;998;1004;
994;100;598;100;2808;2792;100;2808;0;1308;0;0;0;554;554;0;0;1308;546;998;998;998;998;998;998;0;0;168;168;0;658;658;658;0;0;0;986;1308;0;0;0;1308;986;2792;102;102;102;2792;218;222;218;986;1308;0;0;0;658;0;0;0;1308;0;0;0;0;0;1308;986;0;0;170;170;0;1004;0;1042;2978;2978;2978;2978;2978;2978;2978;2978;2978;2978;2978;2978;2978;2978;2978;2978;2978;2978;2978;2978;0;0;0;1004;
994;382;0;0;0;0;0;2792;2808;100;0;0;0;554;1046;1046;1046;0;0;0;0;0;0;0;0;0;382;168;168;0;986;986;986;0;0;0;2792;2792;218;222;218;1308;2792;2792;2792;2792;2792;2792;102;102;102;2792;1308;218;222;218;986;0;0;0;1308;986;218;222;218;2792;2792;2792;0;0;170;170;60;1004;0;998;2946;2946;2946;2946;2946;2946;2946;2946;2946;2946;2946;2946;2946;2946;2946;2946;2946;2946;2946;2946;998;0;998;1004;
994;994;0;1420;0;6;862;862;382;224;0;866;2792;2792;2792;2792;2792;2792;2792;0;1432;0;0;0;0;0;0;60;60;0;998;998;998;0;0;0;1308;2792;2792;2792;2792;2792;2792;0;1308;0;1308;2792;2792;2792;2792;2792;2792;2792;2792;2792;2792;1304;0;0;1308;2792;2792;2792;2792;2792;0;1308;0;0;60;60;0;1004;0;1042;2978;2978;2978;2978;2978;2978;2978;2978;2978;2978;2978;2978;2978;2978;2978;2978;2978;2978;2978;2978;0;0;0;1004;
994;994;994;994;994;8;994;994;994;994;994;2792;2792;0;0;0;0;0;2792;2792;2946;2;2;1432;0;0;0;60;60;0;0;0;0;0;0;0;1308;0;2792;0;0;0;0;0;1308;0;0;0;2792;2792;2792;1308;0;0;0;0;2792;2792;0;0;2792;2792;1308;0;0;0;0;1308;0;0;60;60;0;60;0;998;2946;2946;2946;2946;2946;2946;2946;2946;2946;2946;2946;2946;2946;2946;2946;2946;2946;2946;2946;2946;998;0;998;1004;
2;2;2;2;994;2;2;3564;3564;994;994;2;846;0;0;0;846;846;0;2;2;3564;2;2946;2;2;1432;60;60;986;986;0;218;222;218;0;1308;0;1308;0;218;222;218;0;1308;986;218;222;218;0;0;1308;218;222;218;0;986;1308;0;0;0;0;1308;986;0;0;0;1308;0;986;60;60;986;60;0;1042;2978;2978;2978;2978;2978;2978;2978;2978;2978;2978;2978;2978;2978;2978;2978;2978;2978;2978;2978;2978;0;0;2978;1004;
3564;3564;2;2;2;3564;2;2;2;994;3564;3564;3564;2;2;3564;3564;2;2;2;3564;3564;3564;3564;3564;2;2946;168;168;168;168;168;168;168;168;170;170;170;170;170;170;170;170;170;170;170;170;170;170;170;170;170;170;170;170;170;170;170;170;170;170;170;170;170;170;170;170;170;170;170;170;170;998;1004;998;998;2946;2946;2946;2946;2946;2946;2946;2946;2946;2946;2946;2946;2946;2946;2946;2946;2946;2946;2946;2946;998;998;2946;1004;
3564;3564;3564;3564;2;3564;3564;2;2;2;2;2;3564;3564;2;2;2;2;2;2;2;2;2;2;2;2;2;168;168;168;168;168;168;168;170;170;170;170;170;170;170;170;170;170;170;170;170;170;170;170;170;170;170;170;170;170;170;170;170;170;170;170;170;170;170;170;170;170;170;170;170;170;0;1004;0;0;0;0;0;0;0;0;0;0;2302;0;0;0;0;0;0;0;0;0;0;0;0;0;0;1004;
8;8;8;8;8;8;8;8;8;8;8;8;8;8;8;8;8;8;8;8;8;8;8;8;8;8;8;8;8;8;8;8;8;8;8;8;8;8;8;8;8;8;8;8;8;8;8;8;8;8;8;8;8;8;8;8;8;8;8;8;8;8;8;8;8;8;8;8;8;8;8;8;8;8;8;8;8;8;8;8;8;8;8;8;8;8;8;8;8;8;8;8;8;8;8;8;8;8;8;8;
8;8;8;8;8;8;8;8;8;8;8;8;8;8;8;8;8;8;8;8;8;8;8;8;8;8;8;8;8;8;8;8;8;8;8;8;8;8;8;8;8;8;8;8;8;8;8;8;8;8;8;8;8;8;8;8;8;8;8;8;8;8;8;8;8;8;8;8;8;8;8;8;8;8;8;8;8;8;8;8;8;8;8;8;8;8;8;8;8;8;8;8;8;8;8;8;8;8;8;8;
8;8;8;8;8;8;8;8;8;8;8;8;8;8;8;8;8;8;8;8;8;8;8;8;8;8;8;8;8;8;8;8;8;8;8;8;8;8;8;8;8;8;8;8;8;8;8;8;8;8;8;8;8;8;8;8;8;8;8;8;8;8;8;8;8;8;8;8;8;8;8;8;8;8;8;8;8;8;8;8;8;8;8;8;8;8;8;8;8;8;8;8;8;8;8;8;8;8;8;8;
8;8;8;8;8;8;8;8;8;8;8;8;8;8;8;8;8;8;8;8;8;8;8;8;8;8;8;8;8;8;8;8;8;8;8;8;8;8;8;8;8;8;8;8;8;8;8;8;8;8;8;8;8;8;8;8;8;8;8;8;8;8;8;8;8;8;8;8;8;8;8;8;8;8;8;8;8;8;8;8;8;8;8;8;8;8;8;8;8;8;8;8;8;8;8;8;8;8;8;8;
8;8;8;8;8;8;8;8;8;8;8;8;8;8;8;8;8;8;8;8;8;8;8;8;8;8;8;8;8;8;8;8;8;8;8;8;8;8;8;8;8;8;8;8;8;8;8;8;8;8;8;8;8;8;8;8;8;8;8;8;8;8;8;8;8;8;8;8;8;8;8;8;8;8;8;8;8;8;8;8;8;8;8;8;8;8;8;8;8;8;8;8;8;8;8;8;8;8;8;8;
8;8;8;8;8;8;8;8;8;8;8;8;8;8;8;8;8;8;8;8;8;8;8;8;8;8;8;8;8;8;8;8;8;8;8;8;8;8;8;8;8;8;8;8;8;8;8;8;8;8;8;8;8;8;8;8;8;8;8;8;8;8;8;8;8;8;8;8;8;8;8;8;8;8;8;8;8;8;8;8;8;8;8;8;8;8;8;8;8;8;8;8;8;8;8;8;8;8;8;8;
