0;0;0;0;0;0;0;0;0;0;0;0;0;0;0;0;0;0;0;0;0;0;0;0;0;0;0;0;0;0;0;0;0;0;0;0;0;0;0;0;0;0;0;0;116;116;116;116;116;0;0;0;0;0;0;0;0;0;0;0;0;0;0;0;0;0;0;0;0;0;0;0;0;0;0;0;0;0;0;0;0;0;0;0;0;0;0;0;0;0;0;0;0;0;0;0;0;0;0;0;
0;0;0;0;0;0;0;0;0;0;0;0;0;0;0;0;0;0;0;0;0;0;0;0;0;0;0;0;0;0;0;0;0;0;0;0;0;0;0;0;0;0;116;116;116;0;0;0;116;116;0;0;0;0;0;0;0;0;0;0;0;0;0;0;0;0;0;0;0;0;0;0;0;0;0;0;0;0;0;0;0;0;0;0;0;0;0;0;0;0;0;0;0;0;0;0;0;0;0;0;
0;0;0;0;0;0;0;0;0;0;0;0;0;0;0;0;0;0;0;0;0;0;0;0;0;0;0;0;0;0;0;0;0;0;0;0;0;0;0;0;0;116;116;0;0;0;0;0;0;116;0;0;0;0;0;0;0;0;0;0;0;0;0;0;0;0;0;0;0;0;0;0;336;0;0;0;0;0;0;0;0;0;0;0;0;0;0;0;0;0;0;0;0;0;0;0;0;0;0;0;
0;0;0;116;116;116;116;116;116;116;0;0;0;0;0;0;0;0;0;0;0;0;0;0;0;0;0;0;0;0;0;0;0;0;0;0;0;0;0;0;0;116;0;0;0;0;0;0;0;0;0;0;0;0;0;0;0;0;0;0;0;0;0;0;0;0;0;0;0;0;0;336;0;336;0;0;0;0;0;0;0;0;0;0;0;0;0;0;0;0;0;0;0;0;0;0;0;0;0;0;
0;0;0;116;0;0;0;0;0;116;0;0;0;0;0;0;0;0;0;0;0;0;0;0;0;0;0;0;0;0;0;0;0;0;0;0;0;0;0;0;116;116;0;0;0;0;0;0;0;116;116;116;116;0;0;0;0;0;0;0;116;116;116;116;116;100;336;0;0;0;336;0;0;0;336;0;0;0;0;0;0;0;0;0;0;0;0;2;116;2;0;0;0;0;0;0;0;0;0;0;
0;0;0;116;116;116;116;116;116;0;0;0;0;0;0;0;0;0;0;0;0;0;0;0;0;0;0;0;0;0;0;0;0;0;0;0;0;0;0;0;116;0;0;0;0;0;0;0;0;0;0;0;116;116;116;116;116;0;0;0;0;0;0;0;0;0;0;336;0;336;0;0;0;0;336;0;100;100;100;100;100;100;100;0;0;0;2;2;0;0;0;0;0;0;0;0;116;0;0;0;
0;0;0;116;116;0;0;0;116;116;0;0;0;0;0;0;0;0;0;0;0;0;0;0;0;0;0;0;0;0;0;0;0;0;0;0;0;0;0;100;116;0;0;0;0;0;0;0;0;0;0;0;116;0;0;0;116;116;116;116;116;0;0;0;0;0;0;0;336;0;0;0;0;0;336;0;0;0;0;0;0;0;0;100;0;116;0;0;0;0;0;0;0;0;0;0;0;0;0;0;
0;0;0;116;0;0;0;0;0;116;0;0;0;116;116;116;116;116;116;116;0;0;0;0;0;0;116;0;0;0;0;0;0;0;0;0;0;0;0;0;116;0;0;0;0;0;0;0;0;0;0;0;116;0;0;0;0;0;0;0;0;0;0;0;0;0;0;0;0;0;0;0;0;0;336;0;0;0;0;0;0;0;0;0;0;0;0;0;0;0;0;0;0;0;0;0;116;0;0;0;
0;0;0;116;0;0;0;0;0;0;0;0;0;116;116;116;116;116;116;116;0;0;0;0;0;0;0;0;0;116;116;116;116;116;116;116;116;116;0;0;116;0;0;0;0;0;0;0;0;0;0;0;116;0;0;0;0;0;0;0;0;116;116;0;0;0;0;0;0;0;0;0;0;0;336;100;100;0;116;100;100;100;100;100;100;0;0;0;0;0;0;0;116;116;116;116;116;0;0;0;
0;0;0;116;116;116;0;0;0;0;100;0;0;116;0;0;0;0;0;116;0;0;0;2;0;0;0;0;0;116;0;0;0;0;0;0;0;0;0;0;0;0;0;0;0;0;0;0;100;0;0;0;0;0;2;0;0;0;0;0;0;0;116;0;0;0;0;0;0;0;0;0;0;0;0;0;0;0;0;0;0;0;0;0;100;0;0;0;0;0;0;0;116;116;116;116;116;0;0;0;
0;0;0;116;0;0;0;0;0;116;0;0;0;116;0;0;0;0;0;116;0;0;0;0;0;0;0;0;116;116;0;116;116;116;116;116;116;116;116;116;0;0;0;116;0;0;0;0;0;0;0;0;0;0;0;2;0;0;0;0;0;116;116;0;0;0;0;0;0;0;0;0;0;0;100;100;100;100;116;116;116;116;116;0;100;100;0;0;0;0;0;0;0;0;0;0;0;0;0;0;
0;0;0;116;0;0;0;0;0;0;100;0;0;116;0;0;0;0;0;116;0;0;0;0;0;0;0;116;116;0;0;0;0;0;0;0;0;0;0;0;0;0;0;184;0;0;0;0;0;0;0;0;0;0;2;0;0;0;116;116;116;116;116;116;0;116;116;0;0;0;0;0;0;0;0;0;0;0;0;0;0;0;0;0;100;0;0;0;0;0;0;0;0;0;0;0;0;0;0;0;
0;0;0;116;116;116;0;0;116;116;0;0;116;116;0;0;0;0;0;116;0;0;0;0;0;116;116;116;0;0;116;116;116;116;116;116;116;116;116;116;116;2;2;2;116;116;116;116;116;116;116;0;0;0;0;0;0;0;116;116;116;0;0;0;0;0;116;0;0;0;0;0;0;0;0;0;100;100;116;0;0;116;116;116;116;0;0;0;0;0;0;0;0;0;0;0;0;0;0;0;
0;0;0;116;0;0;0;0;0;116;0;0;0;116;116;116;116;0;0;116;0;0;0;0;0;116;0;0;0;0;0;0;0;0;0;0;0;116;0;0;0;0;0;0;0;0;0;0;0;0;0;0;0;0;0;0;0;0;0;0;0;0;0;0;0;0;116;0;0;0;0;0;0;0;0;0;116;0;0;0;0;0;0;0;116;0;0;0;0;0;0;0;0;0;0;0;0;0;0;0;
0;0;0;116;0;0;0;0;0;0;0;0;0;116;0;0;116;0;0;116;0;0;0;0;0;0;0;0;0;116;116;116;0;0;0;0;0;116;0;0;0;0;0;0;0;0;0;0;116;116;116;116;0;116;116;116;116;116;116;116;116;116;116;116;116;116;116;0;0;116;0;0;116;0;0;0;116;0;0;0;0;0;0;0;116;0;0;0;0;0;0;0;0;0;0;0;0;0;0;0;
0;0;2;116;116;116;116;0;116;116;0;116;0;0;0;0;116;116;116;116;116;116;116;116;116;0;0;0;0;116;0;0;0;0;0;0;0;0;0;0;0;0;0;0;0;2;116;116;116;0;0;184;0;0;0;0;0;0;0;0;0;0;0;0;0;0;116;0;0;0;0;0;0;0;0;0;116;0;0;0;0;0;0;0;116;0;0;0;0;0;0;0;0;0;0;0;0;0;0;0;
0;0;2;116;0;0;0;0;0;116;0;0;0;116;0;0;0;116;116;0;0;0;0;0;0;0;0;0;0;116;116;116;116;116;116;116;116;116;116;116;0;0;0;0;0;2;0;0;116;0;0;184;4;0;0;0;4;0;0;0;4;0;0;0;0;0;0;0;0;0;0;0;0;0;0;0;116;0;0;0;0;0;0;116;116;2;0;0;0;0;0;0;0;0;0;0;0;0;0;0;
0;0;0;116;0;0;0;0;0;0;0;0;0;116;0;0;0;116;0;0;0;0;0;0;0;0;0;116;116;116;116;116;116;116;116;116;116;116;116;116;0;0;0;0;0;0;0;0;0;0;0;2;184;184;184;184;184;184;184;184;184;184;184;184;184;184;184;100;116;116;0;0;0;0;0;0;116;0;0;0;116;116;0;0;116;0;0;0;116;0;0;0;0;0;0;0;0;0;0;0;
0;0;0;116;116;116;116;116;0;116;0;0;0;0;0;0;0;0;0;0;0;0;0;0;0;0;0;116;116;116;116;116;116;116;116;116;116;116;116;116;116;116;116;116;116;0;0;0;0;0;0;0;184;0;184;0;0;0;0;0;0;0;0;0;0;0;0;0;0;0;0;0;0;0;0;0;0;0;0;0;0;116;116;0;0;0;0;0;0;0;0;116;116;116;116;116;116;116;116;116;
0;0;0;116;0;0;0;0;0;116;0;0;0;0;0;0;166;166;166;0;0;0;0;116;116;116;116;116;116;116;116;116;116;116;116;116;116;116;116;116;116;116;116;116;116;2;0;0;0;0;0;0;0;0;0;0;0;0;0;0;0;0;0;0;0;0;0;0;0;0;0;0;116;100;116;116;116;116;116;116;116;116;116;2;2;116;0;0;0;0;0;116;0;0;0;0;0;0;0;116;
0;0;0;0;0;0;0;0;0;0;0;0;0;0;0;166;166;202;166;166;0;0;0;116;0;0;116;0;0;116;0;0;117;0;0;0;0;0;119;119;0;119;0;0;0;0;0;0;0;0;0;0;0;0;0;0;0;0;0;0;0;0;0;0;0;0;0;116;0;0;0;116;116;0;0;0;0;0;0;0;0;0;0;0;0;0;0;0;0;0;0;0;0;0;0;0;0;0;0;116;
0;0;0;116;116;116;116;116;116;0;116;0;0;0;166;166;202;202;202;166;166;0;0;0;0;0;0;0;0;116;116;0;116;116;116;116;116;116;116;116;116;116;116;116;116;116;116;116;116;116;116;0;0;0;0;0;0;0;0;0;0;0;0;0;0;0;0;0;0;0;116;0;0;0;0;0;0;0;0;0;0;0;0;0;0;0;0;0;0;116;116;116;0;0;0;0;0;0;0;116;
0;0;0;116;0;0;0;0;0;0;0;0;0;0;204;1752;552;552;204;3564;166;224;166;0;0;0;0;0;0;116;0;0;116;116;116;116;116;116;116;116;116;116;116;116;116;116;116;116;116;116;0;0;0;0;0;0;0;0;0;0;0;0;0;0;0;0;0;0;0;116;0;0;116;116;2;2;2;2;2;2;2;116;116;116;116;116;116;0;116;116;0;116;0;0;0;0;0;0;0;116;
0;0;0;116;0;0;0;0;0;0;0;0;0;0;166;166;546;6;526;166;166;12;166;0;0;0;0;0;0;0;0;0;0;0;0;0;0;0;0;0;0;0;0;0;0;0;0;0;0;0;0;0;0;0;0;0;0;0;0;0;0;0;0;0;0;0;0;0;0;0;0;116;116;0;0;0;0;0;0;0;0;0;0;0;0;0;0;0;0;0;0;116;0;0;0;0;0;0;0;116;
2;2;0;0;0;0;116;116;116;0;116;116;0;0;0;166;166;8;410;166;166;116;166;0;116;116;116;116;116;116;116;116;116;116;116;116;116;116;116;116;0;116;116;116;0;0;116;116;116;2;2;2;2;2;2;2;2;0;2;2;2;2;2;116;2;2;2;2;2;2;116;116;0;0;0;0;0;0;0;0;0;0;0;0;0;0;0;0;0;0;0;0;0;0;0;0;0;0;0;116;
2;2;0;0;116;0;0;0;116;0;0;0;0;0;0;0;166;166;166;0;0;0;0;0;116;116;0;0;0;0;0;0;0;0;0;0;0;0;0;0;0;0;0;0;0;0;0;0;0;2;2;2;2;2;2;2;2;0;2;2;2;2;2;116;2;2;2;2;2;2;0;0;0;0;0;0;0;0;0;0;0;0;0;0;0;0;0;116;0;0;100;100;100;100;100;100;100;100;100;100;
0;0;0;0;116;116;0;0;116;116;116;0;116;0;0;0;0;0;0;0;0;0;116;116;116;116;0;0;0;0;0;0;0;0;0;0;0;0;0;0;0;0;0;0;0;0;0;0;0;0;0;0;0;0;0;0;0;0;0;0;0;0;0;0;0;0;0;0;0;0;0;0;0;0;0;0;0;0;0;0;0;0;0;0;0;0;0;116;0;100;100;100;100;100;100;100;100;100;100;100;
0;2;2;2;2;2;2;0;0;0;2;2;2;0;0;0;0;0;0;0;0;0;116;116;116;116;116;116;116;116;116;116;116;116;2;2;116;116;116;116;116;116;116;116;116;116;116;2;2;2;2;2;2;2;2;2;2;2;2;2;2;2;2;2;0;2;2;2;2;2;2;2;0;0;0;0;0;2;2;2;2;2;2;2;2;2;2;2;2;2;2;2;2;2;2;2;2;2;2;2;
0;2;2;2;2;2;2;2;0;0;0;0;0;0;0;0;0;0;0;0;0;0;0;0;0;0;0;0;16;16;0;0;0;0;0;0;0;0;0;0;0;0;0;0;0;0;0;0;0;0;0;0;0;0;0;0;0;0;0;0;0;0;0;0;0;0;0;0;0;0;2;2;0;2;2;2;0;2;2;2;2;2;2;2;2;2;2;2;2;2;2;2;2;2;2;2;2;2;2;2;
0;2;2;2;2;2;0;2;2;2;0;0;0;0;0;0;2;2;116;116;2;2;2;2;2;2;2;2;2;2;2;2;2;2;2;0;0;2;2;2;2;2;2;2;2;2;2;2;0;0;0;0;0;0;0;0;0;0;0;0;0;0;0;0;0;0;0;0;0;0;0;0;0;2;2;2;16;16;16;16;0;2;2;2;2;2;2;2;2;2;2;2;2;2;2;2;2;2;2;2;
0;2;2;2;2;2;0;2;2;2;2;2;2;0;0;2;2;2;2;116;116;2;2;2;2;2;2;2;2;2;2;2;2;2;2;0;2;2;2;2;2;2;2;2;2;2;2;2;2;2;2;2;2;2;2;2;2;2;2;2;2;2;2;2;2;2;2;2;2;2;2;2;2;2;2;2;2;2;2;2;0;0;0;0;2;2;2;2;2;2;2;116;116;116;116;116;116;116;116;116;
0;2;2;2;10;2;0;2;2;2;2;2;2;2;0;0;0;0;0;0;0;0;2;2;2;2;2;2;2;2;2;2;2;2;2;0;2;2;2;2;2;2;2;2;2;2;2;2;2;2;2;2;2;2;2;2;2;2;2;2;2;2;2;2;2;2;2;2;2;2;2;2;2;2;2;2;2;2;2;116;2;2;2;0;2;2;2;2;2;2;2;116;0;0;0;0;0;0;0;116;
0;2;2;2;2;2;0;2;2;2;2;2;2;2;2;2;0;0;0;0;0;0;0;2;2;2;2;2;2;2;2;2;2;2;2;0;2;2;2;2;2;2;2;2;2;2;2;2;2;2;2;2;2;2;2;2;2;2;2;2;2;2;2;2;2;2;2;2;2;2;2;2;2;2;2;2;2;10;2;2;2;2;0;0;0;0;0;0;0;0;0;0;0;0;0;0;0;0;0;116;
0;2;2;2;2;2;0;2;2;2;2;2;2;2;2;2;2;2;2;2;2;2;0;0;2;2;2;2;2;2;2;2;2;2;2;0;2;2;2;2;2;2;2;2;2;2;2;2;2;2;100;2;2;2;2;2;2;2;2;2;2;2;10;2;2;2;2;2;2;2;2;2;2;2;2;2;2;2;2;2;100;2;100;100;10;2;2;2;2;2;2;0;0;0;0;0;0;0;0;116;
0;10;2;2;2;2;0;2;2;2;2;2;2;2;2;2;2;2;2;2;2;2;2;0;0;0;0;0;0;0;0;0;0;0;0;0;0;0;0;0;0;0;0;0;0;0;0;0;0;0;0;0;0;0;0;0;0;0;0;0;0;0;0;0;0;0;0;0;0;0;0;0;0;0;0;0;0;0;0;0;0;0;0;0;0;0;0;0;0;0;0;0;0;0;0;0;0;0;0;116;
0;2;2;2;10;10;0;2;2;2;10;2;2;2;2;2;2;2;2;2;2;2;2;2;2;2;2;2;2;2;2;2;2;2;2;2;2;2;2;2;2;2;2;2;2;0;2;2;2;100;2;100;2;2;2;2;2;2;2;2;2;2;2;2;2;2;2;2;2;2;2;2;2;2;2;2;2;2;2;2;2;2;2;2;2;2;2;2;2;2;2;116;0;2;2;2;2;2;2;116;
0;2;2;2;2;2;0;2;2;2;2;2;2;2;2;10;2;2;2;2;2;2;2;2;2;2;2;2;2;2;2;2;2;2;2;2;2;2;2;2;2;2;2;2;2;2;2;2;2;2;2;2;2;2;2;2;2;2;2;2;2;2;2;2;2;2;2;2;2;2;2;2;2;2;2;2;2;2;2;2;2;10;2;2;2;10;2;2;2;2;2;116;0;0;0;0;0;0;0;116;
0;2;2;2;2;2;0;2;2;2;2;2;10;2;2;2;10;2;2;2;2;2;2;2;2;2;2;2;2;10;2;2;2;2;2;2;2;2;2;2;4;0;10;0;0;0;0;0;0;0;0;0;2;2;2;2;2;10;2;2;2;2;2;2;2;2;2;2;2;2;2;2;2;2;2;10;2;2;2;2;2;2;2;2;2;10;2;2;0;0;0;0;0;0;0;0;0;0;0;116;
0;2;2;2;10;2;0;2;2;2;2;2;2;2;2;2;2;2;2;2;2;2;2;2;2;2;2;2;2;2;2;2;2;2;2;2;2;0;0;0;0;0;0;0;0;0;0;0;0;0;0;0;2;2;2;2;2;2;2;2;2;2;2;2;10;10;2;2;2;2;2;2;2;2;2;2;2;2;2;2;2;2;2;2;2;2;10;2;0;2;2;116;116;116;116;116;116;116;116;116;
0;2;2;2;10;2;0;2;2;2;2;2;2;2;2;2;2;2;2;2;10;2;2;2;2;2;2;2;2;2;2;2;2;2;2;2;2;0;0;0;0;0;0;0;2;0;0;0;0;0;0;0;2;2;2;2;2;2;2;2;2;2;2;2;2;2;2;2;2;2;2;2;2;2;2;2;2;2;2;2;2;2;2;2;2;2;2;2;0;2;2;2;2;10;2;2;2;2;2;2;
0;10;2;2;2;2;0;10;2;2;2;2;2;2;2;2;2;2;2;2;2;2;2;2;2;2;2;2;2;10;2;2;2;2;2;2;2;0;0;0;0;0;0;0;0;0;0;0;0;0;0;0;2;2;10;2;2;2;2;2;2;2;2;2;2;2;2;2;2;2;2;2;2;2;2;2;2;2;2;2;2;2;2;2;2;2;2;2;0;2;2;2;2;2;2;2;2;10;2;2;
0;2;2;2;2;2;0;2;2;2;2;2;2;2;2;2;10;2;2;2;2;2;2;2;2;2;2;2;2;2;2;2;2;2;2;2;2;2;2;2;2;2;2;0;2;0;0;0;0;0;0;0;2;2;2;2;2;2;2;2;2;2;2;2;2;2;2;2;2;2;2;2;2;2;2;2;2;2;2;2;2;2;2;2;2;2;2;2;0;2;2;2;2;2;2;2;2;2;2;2;
0;2;2;2;2;2;0;2;2;2;2;2;2;2;2;2;2;2;2;2;2;2;2;2;2;2;2;2;2;2;2;2;2;2;2;2;2;2;2;2;2;2;2;2;2;2;2;2;2;2;2;2;2;2;2;2;2;2;2;2;2;2;2;2;2;2;2;2;2;2;2;10;2;2;2;2;10;2;2;2;2;10;2;2;2;2;2;2;0;2;2;2;2;2;2;2;2;2;2;2;
0;2;2;2;2;2;0;2;2;2;2;2;2;2;2;2;2;2;2;2;2;2;2;10;2;2;2;2;2;2;2;2;2;10;2;10;2;2;2;2;2;2;2;2;2;2;2;2;2;2;2;2;2;2;2;2;2;2;2;2;2;2;2;2;2;2;2;2;2;2;2;2;2;2;2;2;2;2;2;2;2;2;2;2;2;2;2;2;0;2;2;2;2;2;2;2;2;2;2;2;
0;2;2;2;2;2;0;2;2;2;2;2;2;2;2;2;2;2;2;2;2;2;2;2;2;2;2;2;2;2;2;2;2;2;2;2;2;2;2;2;2;2;2;2;2;2;2;2;2;2;2;2;2;2;2;2;2;2;2;2;2;2;2;2;2;2;2;2;2;2;2;2;2;2;2;2;2;2;2;2;2;2;2;10;2;2;2;2;0;2;2;2;2;2;2;2;2;2;2;2;
0;2;2;2;2;2;0;10;2;2;2;2;2;2;2;2;2;2;2;2;2;2;2;2;2;2;2;2;2;2;2;2;2;2;2;2;2;2;2;2;2;2;2;10;2;2;2;2;2;2;2;2;2;2;2;2;2;2;2;2;2;2;2;2;2;2;2;2;2;2;2;2;2;2;2;2;2;2;2;2;2;2;2;2;2;2;2;2;0;2;2;2;2;2;2;2;2;10;2;2;
0;2;2;2;2;2;0;2;2;2;2;2;2;2;2;2;2;2;2;2;2;2;2;2;2;2;2;2;2;2;2;2;10;2;2;2;2;2;2;2;2;2;2;2;2;2;2;2;2;2;2;2;2;2;2;2;2;2;2;2;2;2;2;2;2;2;2;2;2;2;2;2;2;2;2;2;2;2;2;2;2;2;2;2;2;2;2;2;0;2;2;2;2;2;2;2;2;2;2;2;
0;2;2;2;2;2;0;2;2;2;2;2;2;2;2;2;2;0;0;0;0;0;2;2;10;2;2;2;2;2;2;2;2;2;2;10;2;2;2;2;2;2;2;2;2;2;2;2;2;2;2;2;2;2;2;2;2;2;2;2;2;2;2;2;2;2;2;2;2;2;2;2;2;2;2;2;2;2;2;2;2;2;2;2;2;2;2;2;0;2;2;2;2;2;2;2;2;2;2;2;
0;2;2;2;2;2;4;2;2;2;2;2;2;2;2;2;2;0;0;0;0;0;2;2;2;2;2;2;2;2;2;2;2;2;2;2;2;2;2;2;2;2;2;2;2;2;2;2;2;2;2;2;2;2;2;2;2;2;2;2;2;2;2;2;10;2;2;2;2;2;2;2;2;2;2;2;2;2;2;2;2;2;2;2;2;2;2;2;0;2;2;0;0;0;0;0;0;2;2;2;
0;0;2;2;2;2;100;2;2;2;2;2;2;2;2;2;2;0;0;0;0;0;0;0;2;2;2;2;2;0;2;2;2;2;2;2;2;2;2;2;2;2;2;2;2;2;2;2;2;2;2;2;2;2;2;2;2;2;2;2;2;2;2;2;10;2;2;2;2;2;0;0;0;0;0;0;0;0;0;0;0;2;2;2;2;2;2;2;0;2;2;0;0;0;0;0;0;2;2;2;
0;0;0;0;0;0;0;0;0;0;0;0;0;0;0;0;0;0;0;0;0;0;0;0;0;0;0;0;0;0;0;0;0;0;0;0;0;0;0;0;0;0;0;0;0;0;0;0;0;0;0;0;0;0;0;0;0;0;0;0;0;0;0;0;0;0;0;0;0;0;0;0;0;0;0;0;0;0;0;0;0;2;2;2;2;2;0;0;0;0;0;0;0;0;0;0;0;0;0;2;
0;0;0;0;0;0;0;0;0;0;0;0;0;0;0;0;0;0;0;0;0;0;0;0;0;0;0;0;0;0;0;0;0;0;0;0;0;0;0;0;0;0;0;0;0;0;0;0;0;0;0;0;0;0;0;0;0;0;0;0;0;0;0;0;0;0;0;0;0;0;0;0;0;0;0;0;0;0;0;0;0;2;2;2;2;0;0;0;2;2;2;2;2;2;2;0;2;10;0;2;
0;0;0;0;0;0;0;0;0;0;0;0;0;0;0;0;0;0;0;0;0;0;0;0;0;0;0;0;0;0;0;0;0;0;0;0;0;0;0;0;0;0;0;0;0;0;0;0;0;0;0;0;0;0;0;0;0;0;0;0;0;0;0;0;0;0;0;0;0;0;0;0;0;0;0;0;0;0;0;0;0;0;0;0;0;0;0;0;2;2;0;0;0;2;2;0;0;0;2;2;
0;0;0;0;0;0;0;0;0;0;0;0;0;0;0;0;0;0;0;0;0;0;0;0;0;0;0;0;0;0;0;0;0;0;0;0;0;0;0;0;0;0;0;0;0;0;0;0;0;0;0;0;0;0;0;0;0;0;0;0;0;0;0;0;0;0;0;0;0;0;0;0;0;0;0;0;0;0;0;0;0;0;0;0;0;0;0;0;0;0;0;0;0;0;0;0;0;0;0;0;
8;8;8;8;8;8;8;8;8;8;8;8;8;8;8;8;8;8;8;8;8;8;8;8;8;8;8;8;8;8;8;8;8;8;8;8;8;8;8;8;8;8;8;8;8;8;8;8;8;8;8;8;8;8;8;8;8;8;8;8;8;8;8;8;8;8;8;8;8;8;8;8;8;8;8;8;8;8;8;8;8;8;8;8;8;8;8;8;8;8;8;8;8;8;8;8;8;8;8;8;
8;8;8;8;8;8;8;8;8;8;8;8;8;8;8;8;8;8;8;8;8;8;8;8;8;8;8;8;8;8;8;8;8;8;8;8;8;8;8;8;8;8;8;8;8;8;8;8;8;8;8;8;8;8;8;8;8;8;8;8;8;8;8;8;8;8;8;8;8;8;8;8;8;8;8;8;8;8;8;8;8;8;8;8;8;8;8;8;8;8;8;8;8;8;8;8;8;8;8;8;
8;8;8;8;8;8;8;8;8;8;8;8;8;8;8;8;8;8;8;8;8;8;8;8;8;8;8;8;8;8;8;8;8;8;8;8;8;8;8;8;8;8;8;8;8;8;8;8;8;8;8;8;8;8;8;8;8;8;8;8;8;8;8;8;8;8;8;8;8;8;8;8;8;8;8;8;8;8;8;8;8;8;8;8;8;8;8;8;8;8;8;8;8;8;8;8;8;8;8;8;
8;8;8;8;8;8;8;8;8;8;8;8;8;8;8;8;8;8;8;8;8;8;8;8;8;8;8;8;8;8;8;8;8;8;8;8;8;8;8;8;8;8;8;8;8;8;8;8;8;8;8;8;8;8;8;8;8;8;8;8;8;8;8;8;8;8;8;8;8;8;8;8;8;8;8;8;8;8;8;8;8;8;8;8;8;8;8;8;8;8;8;8;8;8;8;8;8;8;8;8;
8;8;8;8;8;8;8;8;8;8;8;8;8;8;8;8;8;8;8;8;8;8;8;8;8;8;8;8;8;8;8;8;8;8;8;8;8;8;8;8;8;8;8;8;8;8;8;8;8;8;8;8;8;8;8;8;8;8;8;8;8;8;8;8;8;8;8;8;8;8;8;8;8;8;8;8;8;8;8;8;8;8;8;8;8;8;8;8;8;8;8;8;8;8;8;8;8;8;8;8;
8;8;8;8;8;8;8;8;8;8;8;8;8;8;8;8;8;8;8;8;8;8;8;8;8;8;8;8;8;8;8;8;8;8;8;8;8;8;8;8;8;8;8;8;8;8;8;8;8;8;8;8;8;8;8;8;8;8;8;8;8;8;8;8;8;8;8;8;8;8;8;8;8;8;8;8;8;8;8;8;8;8;8;8;8;8;8;8;8;8;8;8;8;8;8;8;8;8;8;8;
