166;166;166;166;166;166;166;166;166;166;166;166;166;166;166;166;166;166;166;166;166;166;166;166;166;166;166;166;166;166;166;166;166;166;166;166;166;166;166;166;166;166;166;166;166;166;166;166;166;166;166;166;166;166;166;166;166;166;166;166;166;166;166;166;166;166;166;166;166;166;166;166;166;166;166;166;166;166;166;166;166;166;166;166;166;166;166;166;166;166;166;166;166;166;166;166;166;166;166;166;
166;166;166;166;170;170;170;170;170;170;170;170;170;170;170;170;166;166;166;166;166;166;166;166;166;166;166;166;166;166;166;166;166;166;166;166;166;166;166;166;166;166;166;166;166;166;166;166;166;166;166;166;166;166;166;166;166;166;166;166;166;166;166;166;166;166;166;166;166;166;166;166;166;166;166;166;166;166;166;166;166;166;166;166;182;182;182;182;182;182;182;182;182;182;182;182;166;166;166;166;
166;166;170;170;170;0;0;0;0;0;0;0;170;170;170;170;170;170;166;166;166;166;166;166;166;166;166;166;166;166;166;166;166;166;166;166;166;166;166;166;166;166;166;166;166;166;166;166;166;166;166;166;166;166;166;166;166;166;166;166;166;166;166;166;166;166;166;166;166;166;166;166;166;166;166;166;166;166;166;166;166;166;182;182;182;182;182;182;0;0;0;0;0;0;0;182;182;182;166;166;
166;166;170;0;0;0;0;0;0;0;0;0;0;170;170;170;170;170;166;166;166;166;166;166;166;166;166;166;166;166;166;166;166;166;166;166;166;166;166;166;166;166;166;166;166;166;166;166;166;166;166;166;166;166;166;166;166;166;166;166;166;166;166;166;166;166;166;166;166;166;166;166;166;166;166;166;166;166;166;166;166;166;182;182;182;182;182;0;0;0;0;0;0;0;0;0;0;182;166;166;
166;170;170;0;0;0;0;0;0;0;0;0;0;0;170;170;170;170;170;166;166;166;166;166;166;166;166;166;166;166;166;166;166;166;166;166;166;166;166;166;166;166;166;166;166;166;166;166;166;166;166;166;166;166;166;166;166;166;166;166;166;166;166;166;166;166;166;166;166;166;166;166;166;166;166;166;166;166;166;166;166;182;182;182;182;182;0;0;0;0;0;0;0;0;0;0;0;182;182;166;
166;170;0;0;0;0;0;0;0;0;0;0;0;0;0;170;170;170;170;166;166;166;166;166;166;166;166;166;166;166;166;166;166;166;166;166;166;166;166;166;166;166;166;166;166;166;166;166;166;166;166;166;166;166;166;166;166;166;166;166;166;166;166;166;166;166;166;166;166;166;166;166;166;166;166;166;166;166;166;166;166;182;182;182;182;0;0;0;0;0;0;0;0;0;0;0;0;0;182;166;
166;170;0;0;0;0;0;0;0;0;0;0;0;0;0;0;170;170;170;166;166;166;166;166;166;166;166;166;166;166;166;166;166;166;166;166;166;166;166;166;166;166;166;166;166;166;166;166;166;166;166;166;166;166;166;166;166;166;166;166;166;166;166;166;166;166;166;166;166;166;166;166;166;166;166;166;166;166;166;166;166;182;182;182;0;0;0;0;0;0;0;0;0;0;0;0;0;0;182;166;
166;170;1656;0;0;0;0;0;0;0;0;0;0;0;0;0;0;170;170;166;166;166;166;166;166;166;166;166;166;166;166;166;166;166;166;166;166;166;166;166;166;166;166;166;166;166;166;166;166;166;166;166;166;166;166;166;166;166;166;166;166;166;166;166;166;166;166;166;166;166;166;166;166;166;166;166;166;166;166;166;166;182;182;0;0;0;0;0;0;0;0;0;0;0;0;0;0;1656;182;166;
166;170;170;0;658;0;0;0;0;0;0;0;0;0;0;0;0;0;170;170;166;166;166;166;166;166;166;166;166;166;166;166;166;166;166;166;166;166;166;166;166;166;166;166;166;166;166;166;166;166;166;166;166;166;166;166;166;166;166;166;166;166;166;166;166;166;166;166;166;166;166;166;166;166;166;166;166;166;166;166;182;182;0;0;0;0;0;0;0;0;0;0;0;0;0;658;0;182;182;166;
166;166;170;0;986;0;0;0;0;0;0;1658;0;0;0;0;0;0;0;170;170;166;166;166;166;166;166;166;166;166;166;166;166;166;166;166;166;166;166;166;166;166;166;166;166;166;166;166;166;166;166;166;166;166;166;166;166;166;166;166;166;166;166;166;166;166;166;166;166;166;166;166;166;166;166;166;166;166;166;182;182;0;0;0;0;0;0;0;1658;0;0;0;0;0;0;986;0;182;166;166;
166;166;170;170;170;0;1622;0;0;0;3402;0;0;0;3402;0;0;0;0;0;170;170;166;166;166;166;166;166;166;166;166;166;166;166;166;166;166;166;166;166;166;166;166;166;166;166;166;166;166;166;166;166;166;166;166;166;166;166;166;166;166;166;166;166;166;166;166;166;166;166;166;166;166;166;166;166;166;166;182;182;0;0;0;0;0;0;0;0;0;0;0;0;0;1622;0;182;182;182;166;166;
166;166;166;166;170;170;170;170;170;170;170;1002;170;170;170;170;0;0;0;0;0;170;170;166;166;166;166;166;166;166;166;166;166;166;166;166;166;166;166;166;166;166;166;166;166;166;166;166;166;166;166;166;166;166;166;166;166;166;166;166;166;166;166;166;166;166;166;166;166;166;166;166;166;166;166;166;166;182;182;0;0;0;0;0;182;182;182;182;1002;182;182;182;182;182;182;182;166;166;166;166;
166;166;166;166;166;166;166;166;166;166;166;166;166;166;166;170;170;0;0;0;0;0;170;170;166;166;166;166;166;166;166;166;166;166;166;166;166;166;166;166;166;166;166;166;166;166;166;166;166;166;166;166;166;166;166;166;166;166;166;166;166;166;166;166;166;166;166;166;166;166;166;166;166;166;166;166;182;182;0;0;0;0;0;182;182;166;166;166;166;166;166;166;166;166;166;166;166;166;166;166;
166;166;166;166;166;166;166;166;166;166;166;166;166;166;166;166;170;170;0;0;0;0;0;170;170;166;166;166;166;166;166;166;166;166;166;166;166;166;166;166;166;166;166;166;166;166;166;166;166;166;166;166;166;166;166;166;166;166;166;166;166;166;166;166;166;166;166;166;166;166;166;166;166;166;166;182;182;0;0;0;0;0;182;182;166;166;166;166;166;166;166;166;166;166;166;166;166;166;166;166;
166;166;166;166;166;166;166;166;166;166;166;166;166;166;166;166;166;170;170;0;0;0;0;0;170;170;166;166;166;166;166;166;166;166;166;166;166;166;166;166;166;166;166;166;166;166;166;166;166;166;166;166;166;166;166;166;166;166;166;166;166;166;166;166;166;166;166;166;166;166;166;166;166;166;182;182;0;0;0;0;0;182;182;166;166;166;166;166;166;166;166;166;166;166;166;166;166;166;166;166;
166;166;166;166;166;166;166;166;166;166;166;166;166;166;166;166;166;166;170;170;0;0;0;0;0;170;170;166;166;166;166;166;166;166;166;166;166;166;166;166;166;166;166;166;166;166;166;166;166;166;166;166;166;166;166;166;166;166;166;166;166;166;166;166;166;166;166;166;166;166;166;166;166;182;182;0;0;0;0;0;182;182;166;166;166;166;166;166;166;166;166;166;166;166;166;166;166;166;166;166;
166;166;166;166;166;166;166;166;166;166;166;166;166;166;166;166;166;166;166;170;170;0;0;0;0;0;170;170;166;166;166;166;166;166;166;166;166;166;166;166;166;166;166;166;166;166;166;166;166;166;166;166;166;166;166;166;166;166;166;166;166;166;166;166;166;166;166;166;166;166;166;166;182;182;0;0;0;0;0;182;182;166;166;166;166;166;166;166;166;166;166;166;166;166;166;166;166;166;166;166;
166;166;166;166;166;166;166;166;166;166;166;166;166;166;166;166;166;166;166;166;170;170;0;0;0;0;0;170;170;166;166;166;166;166;166;166;166;166;166;166;166;166;166;166;166;166;166;166;166;166;166;166;166;166;166;166;166;166;166;166;166;166;166;166;166;166;166;166;166;166;166;182;182;0;0;0;0;0;182;182;166;166;166;166;166;166;166;166;166;166;166;166;166;166;166;166;166;166;166;166;
166;166;166;166;166;166;166;166;166;166;166;166;166;166;166;166;166;166;166;166;166;170;170;0;0;0;0;0;170;170;166;166;166;166;166;166;166;166;166;166;166;166;166;166;166;166;166;166;166;166;166;166;166;166;166;166;166;166;166;166;166;166;166;166;166;166;166;166;166;166;182;182;0;0;0;0;0;182;182;166;166;166;166;166;166;166;166;166;166;166;166;166;166;166;166;166;166;166;166;166;
166;166;166;166;166;166;166;166;166;166;166;166;166;166;166;166;166;166;166;166;166;166;170;170;0;0;0;0;0;170;170;166;166;166;166;166;166;166;166;166;166;166;166;166;166;166;166;166;166;166;166;166;166;166;166;166;166;166;166;166;166;166;166;166;166;166;166;166;166;182;182;0;0;0;0;0;182;182;166;166;166;166;166;166;166;166;166;166;166;166;166;166;166;166;166;166;166;166;166;166;
166;166;166;166;166;166;166;166;166;166;166;166;166;166;166;166;166;166;166;166;166;166;166;170;170;0;0;0;0;0;170;170;170;170;170;170;170;170;170;170;170;170;170;170;170;170;170;170;170;170;182;182;182;182;182;182;182;182;182;182;182;182;182;182;182;182;182;182;182;182;0;0;0;0;0;182;182;166;166;166;166;166;166;166;166;166;166;166;166;166;166;166;166;166;166;166;166;166;166;166;
166;166;166;166;166;166;166;166;166;166;166;166;166;166;166;166;166;166;166;166;166;166;166;166;170;170;0;0;0;0;0;0;0;0;0;0;0;0;0;0;0;0;0;0;0;0;0;0;0;0;0;0;0;0;0;0;0;0;0;0;0;0;0;0;0;0;0;0;0;0;0;0;0;0;182;182;166;166;166;166;166;166;166;166;166;166;166;166;166;166;166;166;166;166;166;166;166;166;166;166;
166;166;166;166;166;166;166;166;166;166;166;166;166;166;166;166;166;166;166;166;166;166;166;166;166;170;170;0;0;0;0;0;0;0;0;0;0;0;0;0;0;0;0;0;0;0;0;0;0;3402;0;0;0;0;0;0;0;0;0;0;0;0;0;0;0;0;0;0;0;0;0;0;0;182;182;166;166;166;166;166;166;166;166;166;166;166;166;166;166;166;166;166;166;166;166;166;166;166;166;166;
166;166;166;166;166;166;166;166;166;166;166;166;166;166;166;166;166;166;166;166;166;166;166;166;166;166;170;170;0;0;0;0;0;0;0;0;0;0;0;0;0;170;170;998;0;0;0;0;526;170;182;526;0;0;0;0;998;182;182;0;0;0;0;0;0;0;0;0;0;0;0;0;182;182;166;166;166;166;166;166;166;166;166;166;166;166;166;166;166;166;166;166;166;166;166;166;166;166;166;166;
166;166;166;166;166;166;166;166;166;166;166;166;166;166;166;166;166;166;166;166;166;166;166;166;166;166;166;170;170;0;0;0;0;0;0;0;0;0;0;0;170;170;998;0;0;0;0;0;170;170;182;182;0;0;0;0;0;998;182;182;0;0;0;0;0;0;0;0;0;0;0;182;182;166;166;166;166;166;166;166;166;166;166;166;166;166;166;166;166;166;166;166;166;166;166;166;166;166;166;166;
166;166;166;166;166;166;166;166;166;166;166;166;166;166;166;166;166;166;166;166;166;166;166;166;166;166;166;166;170;170;0;0;0;3402;0;0;0;0;0;170;170;998;998;0;0;998;526;170;1618;170;182;1618;182;526;998;0;0;998;998;182;182;0;0;0;0;0;0;0;0;0;182;182;166;166;166;166;166;166;166;166;166;166;166;166;166;166;166;166;166;166;166;166;166;166;166;166;166;166;166;166;
166;166;166;166;166;166;166;166;166;166;166;166;166;166;166;166;166;166;166;166;166;166;166;166;166;166;166;166;166;170;170;170;170;170;170;170;170;170;170;170;998;998;998;0;0;998;170;170;170;170;182;182;182;182;998;0;0;998;998;998;182;182;182;182;182;182;182;182;182;182;182;166;166;166;166;166;166;166;166;166;166;166;166;166;166;166;166;166;166;166;166;166;166;166;166;166;166;166;166;166;
166;166;166;166;166;166;166;166;166;166;166;166;166;166;166;166;166;166;166;166;166;166;166;166;166;166;166;166;166;174;174;174;174;174;174;174;174;174;174;174;998;998;998;0;0;998;174;174;174;174;180;180;180;180;998;0;0;998;998;998;180;180;180;180;180;180;180;180;180;180;180;166;166;166;166;166;166;166;166;166;166;166;166;166;166;166;166;166;166;166;166;166;166;166;166;166;166;166;166;166;
166;166;166;166;166;166;166;166;166;166;166;166;166;166;166;166;166;166;166;166;166;166;166;166;166;166;166;166;174;174;0;0;0;0;0;0;0;0;0;174;174;998;998;0;0;998;526;174;1618;174;180;1618;180;526;998;0;0;998;998;180;180;0;0;0;0;0;0;0;0;0;180;180;166;166;166;166;166;166;166;166;166;166;166;166;166;166;166;166;166;166;166;166;166;166;166;166;166;166;166;166;
166;166;166;166;166;166;166;166;166;166;166;166;166;166;166;166;166;166;166;166;166;166;166;166;166;166;166;174;174;0;0;0;0;0;0;0;0;0;0;0;174;174;998;0;0;0;0;0;174;174;180;180;0;0;0;0;0;998;180;180;0;0;0;0;0;0;0;0;0;0;0;180;180;166;166;166;166;166;166;166;166;166;166;166;166;166;166;166;166;166;166;166;166;166;166;166;166;166;166;166;
166;166;166;166;166;166;166;166;166;166;166;166;166;166;166;166;166;166;166;166;166;166;166;166;166;166;174;174;0;0;0;0;0;0;0;0;0;0;0;0;0;174;174;998;0;0;0;0;526;174;180;526;0;0;0;0;998;180;180;0;0;0;0;0;0;0;0;0;0;0;0;0;180;180;166;166;166;166;166;166;166;166;166;166;166;166;166;166;166;166;166;166;166;166;166;166;166;166;166;166;
166;166;166;166;166;166;166;166;166;166;166;166;166;166;166;166;166;166;166;166;166;166;166;166;166;174;174;0;0;0;0;0;0;0;0;0;0;0;0;0;0;0;0;0;0;0;0;0;0;0;0;0;0;0;0;0;0;0;0;0;0;0;0;0;0;0;0;0;0;0;0;0;0;180;180;166;166;166;166;166;166;166;166;166;166;166;166;166;166;166;166;166;166;166;166;166;166;166;166;166;
166;166;166;166;166;166;166;166;166;166;166;166;166;166;166;166;166;166;166;166;166;166;166;166;174;174;0;0;0;0;0;0;0;0;0;0;0;0;0;0;0;0;0;0;0;0;0;0;0;0;0;0;0;0;0;0;0;0;0;0;0;0;0;0;0;0;0;0;0;0;0;0;0;0;180;180;166;166;166;166;166;166;166;166;166;166;166;166;166;166;166;166;166;166;166;166;166;166;166;166;
166;166;166;166;166;166;166;166;166;166;166;166;166;166;166;166;166;166;166;166;166;166;166;174;174;0;0;0;0;0;174;174;174;174;174;174;174;174;2810;174;174;174;174;174;174;174;174;174;174;174;180;180;180;180;180;180;180;180;180;180;180;180;180;180;180;180;180;180;180;180;0;0;0;0;0;180;180;166;166;166;166;166;166;166;166;166;166;166;166;166;166;166;166;166;166;166;166;166;166;166;
166;166;166;166;166;166;166;166;166;166;166;166;166;166;166;166;166;166;166;166;166;166;174;174;0;0;0;0;0;174;174;166;166;166;166;166;0;0;218;1472;166;166;166;166;166;166;166;166;166;166;166;166;166;166;166;166;166;166;166;166;166;166;166;166;166;166;166;166;166;180;180;0;0;0;0;0;180;180;166;166;166;166;166;166;166;166;166;166;166;166;166;166;166;166;166;166;166;166;166;166;
166;166;166;166;166;166;166;166;166;166;166;166;166;166;166;166;166;166;166;166;166;174;174;0;0;0;0;0;174;174;166;166;166;166;166;166;998;0;998;998;166;166;166;166;166;166;166;166;166;166;166;166;166;166;166;166;166;166;166;166;166;166;166;166;166;166;166;166;166;166;180;180;0;0;0;0;0;180;180;166;166;166;166;166;166;166;166;166;166;166;166;166;166;166;166;166;166;166;166;166;
166;166;166;166;166;166;166;166;166;166;166;166;166;166;166;166;166;166;166;166;174;174;0;0;0;0;0;174;174;166;166;166;166;166;166;166;1596;0;1992;0;224;998;166;166;166;166;166;166;166;166;166;166;166;166;166;166;166;166;166;166;166;166;166;166;166;166;166;166;166;166;166;180;180;0;0;0;0;0;180;180;166;166;166;166;166;166;166;166;166;166;166;166;166;166;166;166;166;166;166;166;
166;166;166;166;166;166;166;166;166;166;166;166;166;166;166;166;166;166;166;174;174;0;0;0;0;0;174;174;166;166;166;166;166;166;166;166;998;998;0;986;224;998;0;340;0;0;0;340;0;0;0;340;0;0;0;340;0;0;0;340;0;0;0;340;0;0;0;340;0;1448;166;166;180;180;0;0;0;0;0;180;180;166;166;166;166;166;166;166;166;166;166;166;166;166;166;166;166;166;166;166;
166;166;166;166;166;166;166;166;166;166;166;166;166;166;166;166;166;166;174;174;0;0;0;0;0;174;174;166;166;166;166;166;166;166;166;166;0;0;0;998;166;998;0;0;0;0;0;0;0;0;0;0;0;0;0;0;0;0;0;0;0;0;0;0;0;0;0;0;0;998;0;166;166;180;180;0;0;0;0;0;180;180;166;166;166;166;166;166;166;166;166;166;166;166;166;166;166;166;166;166;
166;166;166;166;166;166;166;166;166;166;166;166;166;166;166;166;166;174;174;0;0;0;0;0;174;174;166;166;166;166;166;166;598;224;0;224;986;218;222;218;166;998;218;222;218;0;218;222;218;0;218;222;218;0;218;222;218;0;218;222;218;0;218;222;218;0;218;222;218;762;0;0;166;166;180;180;0;0;0;0;0;180;180;166;166;166;166;166;166;166;166;166;166;166;166;166;166;166;166;166;
166;166;166;166;166;166;166;166;166;166;166;166;166;166;166;166;174;174;0;0;0;0;0;174;174;166;166;166;166;166;166;166;166;166;166;166;166;166;166;166;166;166;166;166;166;166;166;166;166;166;166;166;166;166;166;166;166;166;166;166;166;166;166;166;166;166;166;166;166;166;0;0;0;166;166;180;180;0;0;0;0;0;180;180;166;166;166;166;166;166;166;166;166;166;166;166;166;166;166;166;
166;166;166;166;166;166;166;166;166;166;166;166;166;166;166;174;174;0;0;0;0;0;174;174;166;166;166;166;166;166;166;166;166;166;166;166;166;166;166;166;166;166;166;166;166;166;166;166;166;0;0;0;0;0;0;0;0;0;0;0;0;166;1616;166;1616;166;1616;166;1616;166;0;998;998;998;166;166;180;180;0;0;0;0;0;180;180;166;166;166;166;166;166;166;166;166;166;166;166;166;166;166;
166;166;166;166;174;174;174;174;174;174;174;174;174;174;174;174;0;0;0;0;0;174;174;166;166;166;166;166;166;166;166;166;166;166;166;166;166;166;166;166;166;166;166;166;166;166;166;166;166;0;0;0;0;0;0;0;0;0;0;0;0;166;998;0;998;0;998;0;998;166;166;0;998;998;998;166;166;180;180;0;0;0;0;0;180;180;180;180;180;180;180;180;180;180;180;180;166;166;166;166;
166;166;174;174;174;0;0;0;0;0;0;0;0;0;0;0;0;0;0;0;174;174;166;166;168;170;174;168;170;174;168;170;174;168;170;174;168;170;174;166;162;162;162;162;166;166;162;166;166;162;0;0;0;0;0;0;0;0;0;0;0;0;998;998;998;998;998;998;998;0;166;166;0;998;998;998;166;166;180;180;0;0;0;0;0;0;0;0;0;0;0;0;0;0;0;180;180;180;166;166;
166;166;174;0;0;0;0;0;0;0;0;0;0;0;0;0;0;0;0;174;174;166;166;166;174;998;0;0;0;998;340;1482;340;998;0;0;0;998;168;166;162;0;0;0;0;0;0;0;0;0;0;0;0;0;0;0;0;0;0;0;0;0;0;0;0;0;0;0;0;0;0;166;166;0;998;998;998;166;166;180;180;0;0;0;0;0;0;0;0;0;0;0;0;0;0;0;0;180;166;166;
166;174;174;0;0;0;0;0;0;0;0;0;0;0;0;0;0;0;174;174;166;166;166;166;170;998;0;0;0;998;218;0;218;998;0;0;0;998;170;166;0;0;0;0;0;0;0;0;0;0;0;162;0;0;0;0;0;0;0;0;0;0;0;0;0;0;0;0;0;0;0;0;166;166;0;998;998;998;166;180;180;180;0;0;0;0;0;0;0;0;0;0;0;0;0;0;0;180;180;166;
166;174;0;0;0;0;0;0;0;0;0;0;0;0;0;0;0;174;174;166;166;166;166;166;168;998;1598;1598;1598;998;998;0;998;998;1598;1598;1598;998;168;166;0;0;0;162;0;0;162;0;0;0;0;0;0;0;0;0;0;0;0;0;0;0;0;0;0;0;0;0;0;0;0;410;0;166;166;0;998;998;166;180;180;180;180;0;0;0;0;0;0;0;0;0;0;0;0;0;0;0;180;166;
166;174;0;0;0;0;0;0;0;0;0;0;0;0;0;0;174;174;174;166;166;166;166;166;174;0;1450;1421;1450;0;0;0;0;0;1450;1420;1450;0;174;166;0;998;166;166;166;166;166;166;166;598;598;598;598;598;598;598;598;598;598;598;598;598;598;598;598;598;598;598;598;598;598;166;224;0;0;0;0;998;166;180;180;180;180;180;0;0;0;0;0;0;0;0;0;0;0;0;0;0;180;166;
166;174;1656;0;0;0;0;0;0;0;0;0;0;0;0;174;174;174;174;166;166;166;166;166;170;998;998;998;166;998;998;0;998;998;166;998;998;998;170;166;0;0;0;162;162;162;162;162;162;162;162;162;162;162;162;162;162;162;162;162;162;162;162;162;162;162;162;162;162;162;162;166;166;0;0;0;0;998;166;180;180;180;180;180;180;0;0;0;0;0;0;0;0;0;0;0;0;1656;180;166;
166;174;174;0;658;0;0;0;0;0;0;0;0;0;174;174;174;174;174;166;166;166;166;166;168;1448;0;0;340;0;998;0;998;0;340;0;0;1448;168;166;998;0;0;0;0;0;0;0;0;0;0;0;0;0;0;0;0;0;0;0;0;0;0;0;0;0;0;0;0;0;0;0;166;166;0;0;0;998;166;166;180;180;180;180;180;180;0;0;0;0;0;0;0;0;0;658;0;180;180;166;
166;166;174;0;986;0;0;0;0;1658;0;0;0;174;174;174;174;174;166;166;166;166;166;166;174;998;0;0;0;0;998;858;998;0;0;0;0;998;174;166;0;0;998;998;998;998;998;998;998;998;998;998;998;998;998;998;998;998;998;998;998;998;998;998;998;998;998;998;998;998;998;998;0;166;166;0;0;998;1452;0;180;180;180;180;180;180;180;0;0;0;1658;0;0;0;0;986;0;180;166;166;
166;166;174;174;174;0;1622;0;0;0;0;0;174;174;174;174;174;174;166;166;166;166;166;166;170;0;0;1450;1450;1450;0;998;0;1450;1450;1450;0;0;224;224;998;0;0;0;0;0;0;0;0;0;0;0;0;0;0;0;0;0;0;0;0;0;0;0;0;0;0;0;0;0;0;0;224;0;2810;1240;762;948;986;1420;6;1420;180;180;180;180;180;180;0;0;0;0;0;1622;0;180;180;180;166;0;
166;166;166;166;174;174;174;174;174;1002;174;174;174;174;174;174;166;166;166;166;166;166;166;166;0;0;0;0;0;0;0;0;0;0;0;0;0;0;224;166;166;166;166;166;166;166;166;166;166;166;166;166;166;166;166;166;166;166;166;166;166;166;166;166;166;166;166;166;166;166;166;166;166;166;166;166;166;166;166;166;8;224;166;166;180;180;180;180;180;180;1002;180;180;180;224;180;166;166;166;0;
166;166;166;166;166;166;166;166;166;166;166;166;166;166;166;166;166;166;166;166;166;166;166;166;166;166;166;166;166;166;166;166;166;166;166;166;166;166;166;166;166;166;166;166;166;166;166;166;166;166;166;166;166;166;166;166;166;166;166;166;166;166;166;166;166;166;166;166;166;166;166;166;166;166;166;166;166;166;166;166;166;0;0;0;0;0;0;0;0;0;0;0;0;0;0;0;0;1750;1660;242;
8;8;8;8;8;8;8;8;8;8;8;8;8;8;8;8;8;8;8;8;8;8;8;8;8;8;8;8;8;8;8;8;8;8;8;8;8;8;8;8;8;8;8;8;8;8;8;8;8;8;8;8;8;8;8;8;8;8;8;8;8;8;8;8;8;8;8;8;8;8;8;8;8;8;8;8;8;8;8;8;8;8;8;8;8;8;8;8;8;8;8;8;8;8;8;8;8;8;8;8;
8;8;8;8;8;8;8;8;8;8;8;8;8;8;8;8;8;8;8;8;8;8;8;8;8;8;8;8;8;8;8;8;8;8;8;8;8;8;8;8;8;8;8;8;8;8;8;8;8;8;8;8;8;8;8;8;8;8;8;8;8;8;8;8;8;8;8;8;8;8;8;8;8;8;8;8;8;8;8;8;8;8;8;8;8;8;8;8;8;8;8;8;8;8;8;8;8;8;8;8;
8;8;8;8;8;8;8;8;8;8;8;8;8;8;8;8;8;8;8;8;8;8;8;8;8;8;8;8;8;8;8;8;8;8;8;8;8;8;8;8;8;8;8;8;8;8;8;8;8;8;8;8;8;8;8;8;8;8;8;8;8;8;8;8;8;8;8;8;8;8;8;8;8;8;8;8;8;8;8;8;8;8;8;8;8;8;8;8;8;8;8;8;8;8;8;8;8;8;8;8;
8;8;8;8;8;8;8;8;8;8;8;8;8;8;8;8;8;8;8;8;8;8;8;8;8;8;8;8;8;8;8;8;8;8;8;8;8;8;8;8;8;8;8;8;8;8;8;8;8;8;8;8;8;8;8;8;8;8;8;8;8;8;8;8;8;8;8;8;8;8;8;8;8;8;8;8;8;8;8;8;8;8;8;8;8;8;8;8;8;8;8;8;8;8;8;8;8;8;8;8;
8;8;8;8;8;8;8;8;8;8;8;8;8;8;8;8;8;8;8;8;8;8;8;8;8;8;8;8;8;8;8;8;8;8;8;8;8;8;8;8;8;8;8;8;8;8;8;8;8;8;8;8;8;8;8;8;8;8;8;8;8;8;8;8;8;8;8;8;8;8;8;8;8;8;8;8;8;8;8;8;8;8;8;8;8;8;8;8;8;8;8;8;8;8;8;8;8;8;8;8;
8;8;8;8;8;8;8;8;8;8;8;8;8;8;8;8;8;8;8;8;8;8;8;8;8;8;8;8;8;8;8;8;8;8;8;8;8;8;8;8;8;8;8;8;8;8;8;8;8;8;8;8;8;8;8;8;8;8;8;8;8;8;8;8;8;8;8;8;8;8;8;8;8;8;8;8;8;8;8;8;8;8;8;8;8;8;8;8;8;8;8;8;8;8;8;8;8;8;8;8;
