0;0;0;0;0;0;0;0;0;0;0;0;0;0;0;0;0;0;0;0;0;0;0;0;0;0;0;0;0;0;0;0;0;0;0;0;0;0;0;0;0;0;0;0;0;0;0;0;0;0;0;0;0;0;0;0;0;0;0;0;0;0;0;0;0;0;0;0;0;0;0;0;0;0;0;0;0;0;0;0;0;0;0;0;0;0;0;0;0;0;0;0;0;0;0;0;0;0;0;0;
0;0;0;0;0;0;0;0;0;0;0;0;0;0;0;0;0;0;0;0;0;0;0;0;0;0;0;0;0;0;0;0;0;0;0;0;0;0;0;0;0;0;0;0;0;0;0;0;0;0;0;0;0;0;0;0;0;0;0;0;0;0;0;0;0;0;0;0;0;0;0;0;0;0;0;0;0;0;0;0;0;0;0;0;0;0;0;0;0;0;0;0;0;0;0;0;0;0;0;0;
0;0;0;0;0;0;0;0;0;0;0;0;0;0;0;0;0;0;0;0;0;0;0;0;0;0;0;0;0;0;0;0;0;0;0;0;0;0;0;0;0;0;0;0;0;0;0;0;0;0;0;0;0;0;0;0;0;0;0;0;0;0;0;0;0;0;0;0;0;0;0;0;0;0;0;0;0;0;0;0;0;0;0;0;0;0;0;0;0;0;0;0;0;0;0;0;0;0;0;0;
0;0;0;0;0;0;0;0;0;0;0;0;0;0;0;0;166;166;166;166;166;166;166;166;166;166;166;166;166;166;166;166;166;166;0;0;0;0;0;0;0;0;0;0;0;0;0;0;0;0;0;0;0;0;0;0;0;0;0;0;0;0;0;0;0;0;0;0;0;0;0;0;0;0;0;0;0;0;166;166;166;166;166;166;166;166;166;166;166;166;166;166;166;166;166;166;0;0;0;0;
0;0;0;0;0;0;0;0;0;0;0;0;0;0;166;166;166;182;182;182;182;182;182;182;182;182;182;182;182;182;182;182;182;166;0;0;0;0;0;0;0;0;0;0;0;0;0;0;0;0;0;0;0;0;0;0;0;0;0;0;0;0;0;0;0;0;0;0;0;0;0;0;0;0;0;0;0;0;166;174;174;174;174;174;174;174;174;174;174;174;174;174;174;174;174;166;166;166;0;0;
0;0;0;0;0;0;0;0;0;0;0;0;0;0;166;182;182;182;0;0;0;0;0;0;0;0;0;0;0;0;0;0;182;166;0;0;0;0;0;0;0;0;0;0;0;0;0;0;0;0;0;0;0;0;0;0;0;0;0;0;0;0;0;0;0;0;0;0;0;0;0;0;0;0;0;0;0;0;166;174;0;0;0;0;0;0;0;0;0;0;0;0;0;0;174;174;174;166;0;0;
0;0;0;0;0;0;0;0;0;0;0;0;0;0;60;60;0;0;0;0;0;0;0;0;0;0;0;0;0;0;0;0;182;166;166;0;0;0;0;0;0;0;0;0;0;0;0;0;0;0;0;0;0;0;0;0;0;0;0;0;0;0;0;0;0;0;0;0;0;0;0;0;0;0;0;0;0;166;166;174;0;0;0;0;0;0;0;0;0;0;0;0;0;0;0;0;60;60;0;0;
0;0;0;0;0;0;0;0;0;0;0;0;0;166;182;182;0;0;0;0;0;0;0;0;0;0;0;0;0;0;0;0;182;182;166;166;0;0;0;0;0;0;0;0;0;0;0;0;0;0;0;0;0;0;0;0;0;0;0;0;0;0;0;0;0;0;0;0;0;0;0;0;0;0;0;0;166;166;174;174;0;0;0;0;0;0;0;0;0;0;0;0;0;0;0;0;174;174;166;0;
0;0;0;0;0;0;0;0;0;0;0;0;0;166;182;0;0;0;182;0;182;0;182;0;182;0;0;0;0;0;0;0;0;182;182;166;166;0;0;0;0;0;0;0;0;0;0;0;0;0;0;0;0;0;0;0;0;0;0;0;0;0;0;0;0;0;0;0;0;0;0;0;0;0;0;166;166;174;174;0;0;0;0;0;0;0;0;174;0;174;0;174;0;174;0;0;0;174;166;0;
0;0;0;0;0;0;0;0;0;0;0;0;0;166;182;0;0;0;182;182;182;182;182;182;182;0;0;0;0;0;0;0;0;0;182;182;166;166;0;0;0;0;0;0;0;0;0;0;0;0;0;0;0;0;0;0;0;0;0;0;0;0;0;0;0;0;0;0;0;0;0;0;0;0;166;166;174;174;0;0;0;0;0;0;0;0;0;174;174;174;174;174;174;174;0;0;0;174;166;0;
0;0;0;0;0;0;0;0;0;0;0;0;0;166;182;0;0;0;1622;182;182;182;182;182;182;0;0;0;0;0;0;0;0;0;0;182;182;166;166;0;0;0;0;0;0;0;0;0;0;0;0;0;0;0;0;0;0;0;0;0;0;0;0;0;0;0;0;0;0;0;0;0;0;166;166;174;174;0;0;0;0;0;0;0;0;0;0;174;174;174;174;174;174;1622;0;0;0;174;166;0;
0;0;0;0;0;0;0;0;0;0;0;0;0;166;182;1656;0;1774;182;1658;182;0;0;0;182;1774;0;0;0;0;0;0;0;0;0;0;182;182;166;166;0;0;0;0;0;0;0;0;0;0;0;0;0;0;0;0;0;0;0;0;0;0;0;0;0;0;0;0;0;0;0;0;166;166;174;174;0;0;0;0;0;0;0;0;0;0;1774;174;0;0;0;174;1658;174;1774;0;1656;174;166;0;
0;0;0;0;0;0;0;0;0;0;0;0;0;166;182;182;0;0;0;0;0;0;0;0;60;0;0;0;0;0;0;0;0;0;0;0;0;182;182;166;166;0;0;0;0;0;0;0;0;0;0;0;0;0;0;0;0;0;0;0;0;0;0;0;0;0;0;0;0;0;0;166;166;174;174;0;0;0;0;0;0;0;0;0;0;0;0;60;0;0;0;60;0;60;0;0;174;174;166;0;
0;0;0;0;0;0;0;0;0;0;0;0;0;166;166;182;182;182;182;1774;182;102;102;102;60;0;0;0;0;0;0;0;0;0;0;0;0;0;182;182;166;166;0;0;0;0;0;0;0;0;0;0;0;0;0;0;0;0;0;0;0;0;0;0;0;0;0;0;0;0;166;166;174;174;0;0;0;0;0;0;0;0;0;0;0;0;0;60;102;102;102;174;1774;174;174;174;174;166;166;0;
0;0;0;0;0;0;0;0;0;0;0;0;0;0;166;166;166;166;182;182;182;182;182;182;1452;182;182;182;182;182;182;182;182;182;0;0;0;0;0;182;182;166;166;0;0;0;0;0;0;0;0;0;0;0;0;0;0;0;0;0;0;0;0;0;0;0;0;0;0;166;166;174;174;0;0;0;0;0;174;174;174;174;174;174;174;174;174;174;174;174;174;174;174;174;166;166;166;166;0;0;
0;0;0;0;0;0;0;0;0;0;0;0;0;0;0;0;0;166;166;166;166;166;166;166;166;166;166;166;166;166;166;166;166;182;182;0;0;0;0;0;182;182;166;166;0;166;0;166;0;166;0;166;0;166;0;166;166;0;166;0;166;0;166;0;166;0;166;0;166;166;174;174;0;0;0;0;0;174;174;166;166;166;166;166;166;166;166;166;166;166;166;166;166;166;166;0;0;0;0;0;
0;0;0;0;0;0;0;0;0;0;0;0;0;0;0;0;0;0;0;0;0;0;0;0;0;0;0;0;0;0;0;0;166;166;182;182;0;0;0;0;0;182;182;166;166;0;166;0;166;0;166;0;166;0;166;0;0;166;0;166;0;166;0;166;0;166;0;166;166;174;174;0;0;0;0;0;174;174;166;166;0;0;0;0;0;0;0;0;0;0;0;0;0;0;0;0;0;0;0;0;
0;0;0;0;0;0;0;0;0;0;0;0;0;0;0;0;0;0;0;0;0;0;0;0;0;0;0;0;0;0;0;0;0;166;166;182;182;0;0;0;0;0;182;182;166;166;0;166;0;166;0;166;0;166;0;166;166;0;166;0;166;0;166;0;166;0;166;166;174;174;0;0;0;0;0;174;174;166;166;0;0;0;0;0;0;0;0;0;0;0;0;0;0;0;0;0;0;0;0;0;
0;0;0;0;0;0;0;0;0;0;0;0;0;0;0;0;0;0;0;0;0;0;0;0;0;0;0;0;0;0;0;0;0;0;166;166;182;182;0;0;0;0;0;182;182;166;166;0;166;0;166;0;166;0;166;0;0;166;0;166;0;166;0;166;0;166;166;174;174;0;0;0;0;0;174;174;166;166;0;0;0;0;0;0;0;0;0;0;0;0;0;0;0;0;0;0;0;0;0;0;
0;0;0;0;0;0;0;0;0;0;0;0;0;0;0;0;0;0;0;0;0;0;0;0;0;0;0;0;0;0;0;0;0;0;0;166;166;182;182;0;0;0;0;0;182;182;166;166;166;166;166;166;166;166;166;166;166;166;166;166;166;166;166;166;166;166;174;174;0;0;0;0;0;174;174;166;166;0;0;0;0;0;0;0;0;0;0;0;0;0;0;0;0;0;0;0;0;0;0;0;
0;0;0;0;0;0;0;0;0;0;0;0;0;0;0;0;0;0;0;0;0;0;0;0;0;0;0;0;0;0;0;0;0;0;0;0;166;166;182;182;0;0;0;0;0;182;182;182;182;182;182;182;182;182;182;182;174;174;174;174;174;174;174;174;174;174;174;0;0;0;0;0;174;174;166;166;0;0;0;0;0;0;0;0;0;0;0;0;0;0;0;0;0;0;0;0;0;0;0;0;
0;0;0;0;0;0;0;0;0;0;0;0;0;0;0;0;0;0;0;0;0;0;0;0;0;0;0;0;0;0;0;0;0;0;0;0;0;166;166;182;182;0;0;0;0;0;0;0;0;0;0;986;0;0;0;0;0;0;0;0;986;0;0;0;0;0;0;0;0;0;0;174;174;166;166;0;0;0;0;0;0;0;0;0;0;0;0;0;0;0;0;0;0;0;0;0;0;0;0;0;
0;0;0;0;0;0;0;0;0;0;0;0;0;0;0;0;0;0;0;0;0;0;0;0;0;0;0;0;0;0;0;0;0;0;0;0;0;0;166;166;182;182;0;0;0;0;0;0;0;0;182;182;182;0;0;0;0;0;0;174;174;174;0;0;0;0;0;0;0;0;174;174;166;166;0;0;0;0;0;0;0;0;0;0;0;0;0;0;0;0;0;0;0;0;0;0;0;0;0;0;
0;0;0;0;0;0;0;0;0;0;0;0;0;0;0;0;0;0;0;0;0;0;0;0;0;0;0;0;0;0;0;0;0;0;0;0;0;0;0;166;166;182;182;0;0;0;0;0;0;182;182;0;0;0;0;182;174;0;0;0;0;174;174;0;0;0;0;0;0;174;174;166;166;0;0;0;0;0;0;0;0;0;0;0;0;0;0;0;0;0;0;0;0;0;0;0;0;0;0;0;
0;0;0;0;0;0;0;0;0;0;0;0;0;0;0;0;0;0;0;0;0;0;0;0;0;0;0;0;0;0;0;0;0;0;0;0;0;0;0;0;166;166;182;182;0;0;0;0;182;182;0;0;0;0;182;182;174;174;0;0;0;0;174;174;0;0;0;0;174;174;166;166;0;0;0;0;0;0;0;0;0;0;0;0;0;0;0;0;0;0;0;0;0;0;0;0;0;0;0;0;
0;0;0;0;0;0;0;0;0;0;0;0;0;0;0;0;0;0;0;0;0;0;0;0;0;0;0;0;0;0;0;0;0;0;0;0;0;0;0;0;0;166;166;182;182;0;0;182;182;0;0;0;0;182;1618;182;174;1618;174;0;0;0;0;174;174;0;0;174;174;166;166;0;0;0;0;0;0;0;0;0;0;0;0;0;0;0;0;0;0;0;0;0;0;0;0;0;0;0;0;0;
0;0;0;0;0;0;0;0;0;0;0;0;0;0;0;0;0;0;0;0;0;0;0;0;0;0;0;0;0;0;0;0;0;0;0;0;0;0;0;0;0;0;166;166;182;0;0;182;0;0;0;0;182;182;182;182;174;174;174;174;0;0;0;0;174;0;0;174;166;166;0;0;0;0;0;0;0;0;0;0;0;0;0;0;0;0;0;0;0;0;0;0;0;0;0;0;0;0;0;0;
0;0;0;0;0;0;0;0;0;0;0;0;0;0;0;0;0;0;0;0;0;0;0;0;0;0;0;0;0;0;0;0;0;0;0;0;0;0;0;0;0;0;0;166;180;0;0;180;656;0;0;0;180;180;180;180;170;170;170;170;0;0;0;656;170;0;0;170;166;0;0;0;0;0;0;0;0;0;0;0;0;0;0;0;0;0;0;0;0;0;0;0;0;0;0;0;0;0;0;0;
0;0;0;0;0;0;0;0;0;0;0;0;0;0;0;0;0;0;0;0;0;0;0;0;0;0;0;0;0;0;0;0;0;0;0;0;0;0;0;0;0;0;166;166;180;0;0;180;180;986;0;0;0;180;1618;180;170;1618;170;0;0;0;986;170;170;0;0;170;166;166;0;0;0;0;0;0;0;0;0;0;0;0;0;0;0;0;0;0;0;0;0;0;0;0;0;0;0;0;0;0;
0;0;0;0;0;0;0;0;0;0;0;0;0;0;0;0;0;0;0;0;0;0;0;0;0;0;0;0;0;0;0;0;0;0;0;0;0;0;0;0;0;166;166;180;180;0;0;0;180;180;0;0;0;0;180;180;170;170;0;0;0;0;170;170;0;0;0;170;170;166;166;0;0;0;0;0;0;0;0;0;0;0;0;0;0;0;0;0;0;0;0;0;0;0;0;0;0;0;0;0;
0;0;0;0;0;0;0;0;0;0;0;0;0;0;0;0;0;0;0;0;0;0;0;0;0;0;0;0;0;0;0;0;0;0;0;0;0;0;0;0;166;166;180;180;0;0;0;0;0;180;180;0;0;0;0;180;170;0;0;0;0;170;170;0;0;0;0;0;170;170;166;166;0;0;0;0;0;0;0;0;0;0;0;0;0;0;0;0;0;0;0;0;0;0;0;0;0;0;0;0;
0;0;0;0;0;0;0;0;0;0;0;0;0;0;0;0;0;0;0;0;0;0;0;0;0;0;0;0;0;0;0;0;0;0;0;0;0;0;0;166;166;180;180;0;0;0;0;0;0;0;180;180;180;0;0;0;0;0;0;170;170;170;0;0;0;0;0;0;0;170;170;166;166;0;0;0;0;0;0;0;0;0;0;0;0;0;0;0;0;0;0;0;0;0;0;0;0;0;0;0;
0;0;0;0;0;0;0;0;0;0;0;0;0;0;0;0;0;0;0;0;0;0;0;0;0;0;0;0;0;0;0;0;0;0;0;0;0;0;166;166;180;180;0;0;0;0;0;0;0;0;0;986;0;0;0;762;762;0;0;0;986;0;0;0;0;0;0;0;0;0;170;170;166;166;0;0;0;0;0;0;0;0;0;0;0;0;0;0;0;0;0;0;0;0;0;0;0;0;0;0;
0;0;0;0;0;0;0;0;0;0;0;0;0;0;0;0;0;0;0;0;0;0;0;0;0;0;0;0;0;0;0;0;0;0;0;0;0;166;166;180;180;0;0;0;0;0;180;180;180;180;180;180;60;180;180;180;170;170;170;60;170;170;170;170;170;170;0;0;0;0;0;170;170;166;166;0;0;0;0;0;0;0;0;0;0;0;0;0;0;0;0;0;0;0;0;0;0;0;0;0;
0;0;0;0;0;0;0;0;0;0;0;0;0;0;0;0;0;0;0;0;0;0;0;0;0;0;0;0;0;0;0;0;0;0;0;0;166;166;180;180;0;0;0;0;0;180;180;166;166;166;180;0;0;2646;1278;242;1660;30;2646;0;1436;170;166;166;166;170;170;0;0;0;0;0;170;170;166;166;0;0;0;0;0;0;0;0;0;0;0;0;0;0;0;0;0;0;0;0;0;0;0;0;
0;0;0;0;0;0;0;0;0;0;0;0;0;0;0;0;0;0;0;0;0;0;0;0;0;0;0;0;0;0;0;0;0;0;0;166;166;180;180;0;0;0;0;0;180;180;166;166;166;12;180;0;1450;254;102;102;102;102;254;1450;0;170;12;166;166;166;170;170;0;0;0;0;0;170;170;166;166;0;0;0;0;0;0;0;0;0;0;0;0;0;0;0;0;0;0;0;0;0;0;0;
0;0;0;0;0;0;0;0;0;0;0;0;0;0;0;0;0;0;0;0;0;0;0;0;0;0;0;0;0;0;0;0;0;0;166;166;180;180;0;0;0;0;0;180;180;166;166;0;166;598;180;60;102;102;102;102;102;102;102;102;60;170;598;166;0;166;166;170;170;0;0;0;0;0;170;170;166;166;0;0;0;0;0;0;0;0;0;0;0;0;0;0;0;0;0;0;0;0;0;0;
0;0;0;0;0;0;0;0;0;0;0;0;0;0;0;0;0;0;0;0;0;0;0;0;0;0;0;0;0;0;0;0;0;166;166;180;180;0;0;0;0;0;180;180;166;166;0;0;60;1656;60;1450;1450;1450;1450;596;1750;1450;1450;1450;1450;60;1656;60;0;0;166;166;170;170;0;0;0;0;0;170;170;166;166;0;0;0;0;0;0;0;0;0;0;0;0;0;0;0;0;0;0;0;0;0;
0;0;0;0;0;0;0;0;0;0;0;0;0;0;0;0;0;0;0;0;0;0;0;0;0;0;0;0;0;0;0;0;166;166;180;180;0;0;0;0;0;180;180;166;166;0;0;102;166;598;180;180;180;180;180;598;598;170;170;170;170;170;598;166;102;0;0;166;166;170;170;0;0;0;0;0;170;170;166;166;0;0;0;0;0;0;0;0;0;0;0;0;0;0;0;0;0;0;0;0;
0;0;0;0;0;0;0;0;0;0;0;0;0;0;0;0;0;0;0;0;0;0;0;0;0;0;0;0;0;0;0;166;166;180;180;0;0;0;0;0;180;180;166;166;0;0;0;166;0;0;0;0;0;0;0;0;0;0;0;0;0;0;0;0;166;0;0;0;166;166;170;170;0;0;0;0;0;170;170;166;166;0;0;0;0;0;0;0;0;0;0;0;0;0;0;0;0;0;0;0;
0;0;0;0;0;0;0;0;0;0;0;0;0;0;0;0;166;166;166;166;166;166;166;166;166;166;166;166;166;166;166;166;180;180;0;0;0;0;0;180;180;166;166;0;0;0;166;0;0;0;0;0;0;0;0;0;0;0;0;0;0;0;0;0;0;166;0;0;0;166;166;170;170;0;0;0;0;0;170;170;166;166;166;166;166;166;166;166;166;166;166;166;166;166;166;166;166;166;0;0;
0;0;0;0;0;0;0;0;0;0;0;0;0;0;166;166;166;180;180;180;180;180;180;180;180;180;180;180;180;180;180;180;180;0;0;0;0;0;180;180;166;166;0;0;0;166;0;0;0;440;0;0;0;0;0;0;0;0;0;0;0;0;440;0;0;0;166;0;0;0;166;166;170;170;0;0;0;0;0;170;170;170;170;170;170;170;170;170;170;170;170;170;170;170;170;170;170;166;166;0;
0;0;0;0;0;0;0;0;0;0;0;0;0;0;166;180;180;180;0;0;0;0;0;0;0;0;0;0;0;0;0;0;0;0;0;0;0;180;180;166;166;0;0;0;166;0;0;0;0;0;0;0;0;0;0;0;0;0;0;0;0;0;0;0;0;0;0;166;0;0;0;166;166;170;170;0;0;0;0;0;0;0;0;0;0;0;0;0;0;0;0;0;0;0;0;0;170;170;170;0;
0;0;0;0;0;0;0;0;0;0;0;0;0;0;0;60;0;0;0;0;0;0;0;0;0;0;0;0;0;0;0;0;0;0;0;0;180;180;166;166;0;0;0;166;0;0;0;0;0;0;0;0;0;166;440;440;440;440;166;0;0;0;0;0;0;0;0;0;166;0;0;0;166;166;170;170;0;0;0;0;0;0;0;0;0;0;0;0;0;0;0;0;0;0;0;0;0;0;60;0;
0;0;0;0;0;0;0;0;0;0;0;0;0;166;180;180;0;0;0;0;0;0;0;0;0;0;0;0;0;0;0;0;0;0;0;180;180;166;166;0;0;0;166;0;0;0;0;0;0;0;0;0;0;0;0;0;0;0;0;0;0;0;0;0;0;0;0;0;0;166;0;0;0;166;166;170;170;0;0;0;0;0;0;0;0;0;0;0;0;0;0;0;0;0;0;0;0;0;170;170;
0;0;0;0;0;0;0;0;0;0;0;0;0;166;180;0;0;0;0;0;180;0;0;0;0;0;0;0;0;0;0;0;0;0;180;180;166;166;0;0;0;166;0;0;0;0;0;0;0;0;0;0;0;0;0;0;0;0;0;0;0;0;0;0;0;0;0;0;0;0;166;0;0;0;166;166;170;170;0;0;0;0;0;0;0;0;0;0;0;0;0;0;0;0;170;0;0;0;0;170;
0;0;0;0;0;0;0;0;0;0;0;0;0;166;180;0;0;0;1622;180;180;180;0;0;0;0;0;0;0;0;0;0;0;180;180;166;166;0;0;102;166;0;0;0;0;0;0;0;0;0;0;0;0;0;0;0;0;0;0;0;0;0;0;0;0;0;0;0;0;0;0;166;102;0;0;166;166;170;170;0;0;0;0;0;0;0;0;0;0;0;0;0;0;170;170;170;1622;0;0;170;
0;0;0;0;0;0;0;0;0;0;0;0;0;166;180;0;0;0;180;180;180;180;180;0;0;0;0;0;0;0;0;0;180;180;166;166;0;0;0;102;166;0;0;0;0;0;0;440;440;440;440;440;0;0;0;440;440;0;0;0;440;440;440;440;440;0;0;0;0;0;0;166;102;0;0;0;166;166;170;170;0;0;0;0;0;0;0;0;0;0;0;0;170;170;170;170;170;0;0;170;
0;0;0;0;0;0;0;0;0;0;0;0;0;166;180;1656;0;1774;180;1658;180;0;180;1774;0;0;0;0;0;0;0;180;180;166;166;0;0;0;0;102;166;440;0;0;0;0;0;166;0;0;0;166;454;0;0;0;0;0;0;454;166;0;0;0;166;0;0;0;0;0;440;166;102;0;0;0;0;166;166;170;170;0;0;0;0;0;0;0;0;0;0;1774;170;0;170;1658;170;1774;0;170;
0;0;0;0;0;0;0;0;0;0;0;0;0;166;180;180;0;0;60;0;0;0;60;0;0;0;0;0;0;0;180;180;166;166;0;0;0;0;0;102;166;0;0;0;0;0;0;166;102;0;102;166;166;454;0;0;0;0;454;166;166;102;0;102;166;0;0;0;0;0;0;166;102;0;0;0;0;0;166;166;170;170;0;0;0;0;0;0;0;0;0;0;60;0;0;0;60;0;1656;170;
0;0;0;0;0;0;0;0;0;0;0;0;0;166;166;180;180;180;180;1774;102;102;180;102;0;0;0;0;0;180;180;166;166;0;0;0;0;0;0;102;166;0;0;0;0;0;0;166;102;0;0;60;1604;166;454;454;454;454;166;1604;60;0;0;102;166;0;0;0;0;0;0;166;102;0;0;0;0;0;0;166;166;170;170;0;0;0;0;0;0;0;0;102;170;102;102;1774;170;170;170;170;
0;0;0;0;0;0;0;0;0;0;0;0;0;0;166;166;166;166;180;180;180;180;180;180;180;180;180;180;60;180;166;166;0;0;0;0;0;0;0;102;166;454;454;454;454;454;454;166;102;0;0;102;598;166;166;166;166;166;166;598;102;0;0;102;166;454;454;454;454;454;454;166;102;0;0;0;0;0;0;0;166;166;170;60;170;170;170;170;170;170;170;170;170;170;170;170;170;166;166;166;
0;0;0;0;0;0;0;0;0;0;0;0;0;0;0;0;0;0;0;0;0;0;0;0;0;0;0;0;0;0;0;60;0;0;0;0;0;0;0;102;166;166;166;166;166;166;166;166;102;0;0;0;102;102;102;102;102;102;102;102;0;0;0;102;166;166;166;166;166;166;166;166;102;0;0;0;0;0;0;0;60;0;0;0;0;0;0;0;0;0;0;0;0;0;0;0;0;0;0;0;
0;0;0;0;0;0;0;0;0;0;0;0;0;0;0;0;0;0;0;0;0;0;0;0;0;0;0;0;0;0;0;60;0;0;0;0;0;0;0;0;598;0;0;0;0;0;0;598;0;12;0;762;1422;30;656;1240;6;1420;30;1422;0;0;12;0;598;0;0;0;0;0;0;598;0;0;0;0;0;0;0;0;60;0;0;0;0;0;0;0;0;0;0;0;0;0;0;0;0;0;0;0;
8;8;8;8;8;8;8;8;8;8;8;8;8;8;8;8;8;8;8;8;8;8;8;8;8;8;8;8;8;8;8;8;8;8;8;8;8;8;8;8;8;8;8;8;8;8;8;8;8;8;8;8;8;8;8;8;8;8;8;8;8;8;8;8;8;8;8;8;8;8;8;8;8;8;8;8;8;8;8;8;8;8;8;8;8;8;8;8;8;8;8;8;8;8;8;8;8;8;8;8;
8;8;8;8;8;8;8;8;8;8;8;8;8;8;8;8;8;8;8;8;8;8;8;8;8;8;8;8;8;8;8;8;8;8;8;8;8;8;8;8;8;8;8;8;8;8;8;8;8;8;8;8;8;8;8;8;8;8;8;8;8;8;8;8;8;8;8;8;8;8;8;8;8;8;8;8;8;8;8;8;8;8;8;8;8;8;8;8;8;8;8;8;8;8;8;8;8;8;8;8;
8;8;8;8;8;8;8;8;8;8;8;8;8;8;8;8;8;8;8;8;8;8;8;8;8;8;8;8;8;8;8;8;8;8;8;8;8;8;8;8;8;8;8;8;8;8;8;8;8;8;8;8;8;8;8;8;8;8;8;8;8;8;8;8;8;8;8;8;8;8;8;8;8;8;8;8;8;8;8;8;8;8;8;8;8;8;8;8;8;8;8;8;8;8;8;8;8;8;8;8;
8;8;8;8;8;8;8;8;8;8;8;8;8;8;8;8;8;8;8;8;8;8;8;8;8;8;8;8;8;8;8;8;8;8;8;8;8;8;8;8;8;8;8;8;8;8;8;8;8;8;8;8;8;8;8;8;8;8;8;8;8;8;8;8;8;8;8;8;8;8;8;8;8;8;8;8;8;8;8;8;8;8;8;8;8;8;8;8;8;8;8;8;8;8;8;8;8;8;8;8;
8;8;8;8;8;8;8;8;8;8;8;8;8;8;8;8;8;8;8;8;8;8;8;8;8;8;8;8;8;8;8;8;8;8;8;8;8;8;8;8;8;8;8;8;8;8;8;8;8;8;8;8;8;8;8;8;8;8;8;8;8;8;8;8;8;8;8;8;8;8;8;8;8;8;8;8;8;8;8;8;8;8;8;8;8;8;8;8;8;8;8;8;8;8;8;8;8;8;8;8;
8;8;8;8;8;8;8;8;8;8;8;8;8;8;8;8;8;8;8;8;8;8;8;8;8;8;8;8;8;8;8;8;8;8;8;8;8;8;8;8;8;8;8;8;8;8;8;8;8;8;8;8;8;8;8;8;8;8;8;8;8;8;8;8;8;8;8;8;8;8;8;8;8;8;8;8;8;8;8;8;8;8;8;8;8;8;8;8;8;8;8;8;8;8;8;8;8;8;8;8;
