0;0;0;0;0;0;0;0;0;0;0;0;0;0;0;0;0;0;0;0;0;0;0;0;0;0;0;0;0;0;0;0;0;0;0;0;0;0;0;0;0;0;0;0;0;0;0;0;0;0;0;0;0;0;0;0;0;0;0;0;0;0;0;0;0;0;0;0;0;0;0;0;0;0;0;0;0;0;0;0;0;0;0;0;0;0;0;0;0;0;0;0;0;0;0;0;0;0;0;0;
0;0;0;0;0;0;0;0;0;0;0;0;0;0;0;0;0;0;0;0;0;0;0;0;0;0;0;0;0;0;0;0;0;0;0;0;0;0;0;0;0;0;0;0;0;0;0;0;0;0;0;0;0;0;0;0;0;0;0;0;0;0;0;0;0;0;0;0;0;0;0;0;0;0;0;0;0;0;0;0;0;0;0;0;0;0;0;0;0;0;0;0;0;0;0;0;0;0;0;0;
0;0;0;0;0;0;0;0;0;0;0;0;0;0;0;0;0;0;0;0;0;0;0;0;0;0;0;0;0;0;0;0;0;0;0;0;0;0;0;0;0;0;0;0;0;0;0;0;0;0;0;0;0;0;0;0;0;0;0;0;0;0;0;0;0;0;0;0;0;0;0;0;0;0;0;0;0;0;0;0;0;0;0;0;0;0;0;0;0;0;0;0;0;0;0;0;0;0;0;0;
0;0;0;0;0;0;0;0;0;0;0;0;0;0;0;0;0;0;0;0;0;0;0;0;0;0;0;0;0;0;0;0;0;0;0;0;0;0;0;0;0;0;0;0;0;0;0;0;0;0;0;0;0;0;0;0;0;0;0;0;0;0;0;0;0;0;0;0;0;0;0;0;0;0;0;0;0;0;0;0;0;0;0;0;0;0;0;0;0;0;0;0;0;0;0;0;0;0;0;0;
0;0;0;0;0;0;0;0;0;0;0;0;0;0;0;0;0;0;0;0;0;0;0;0;0;0;0;0;0;0;0;0;0;0;0;0;0;0;0;0;0;0;0;0;0;0;0;0;0;0;0;0;0;0;0;0;0;0;0;0;0;0;0;0;0;0;0;0;0;0;0;0;0;0;0;0;0;0;0;0;0;0;0;0;0;0;0;0;0;0;0;0;0;0;0;0;0;0;0;0;
0;168;260;168;260;168;260;168;260;168;260;168;260;168;260;168;260;0;0;0;0;0;0;0;0;0;0;0;0;0;0;0;0;0;0;0;0;0;0;0;0;0;0;0;0;0;0;0;0;0;0;0;0;0;0;0;0;0;0;0;0;0;0;0;0;0;0;0;0;0;0;0;0;0;0;0;0;0;0;0;0;0;0;0;0;0;0;0;0;0;0;0;0;0;0;0;0;0;0;0;
0;260;0;0;308;0;0;0;168;0;0;0;168;0;0;0;168;0;0;0;0;0;0;0;0;0;0;0;0;0;0;0;0;0;0;0;0;0;0;0;0;0;0;0;0;0;0;0;0;0;0;0;0;0;0;0;0;0;0;0;0;0;0;0;0;0;0;0;0;0;0;0;0;0;0;0;0;0;0;0;0;0;0;0;0;0;0;0;0;0;0;0;0;0;0;0;0;0;0;0;
0;168;12;0;224;0;0;0;260;0;0;0;260;0;0;0;260;0;0;0;0;0;0;0;0;0;0;0;0;0;0;0;0;0;0;0;0;0;0;0;0;0;0;0;0;0;0;0;0;0;0;0;0;0;0;0;0;0;0;0;0;0;0;0;0;0;0;0;0;0;0;0;0;0;0;0;0;0;0;0;0;0;0;0;0;0;0;0;0;0;0;0;0;0;0;0;0;0;0;0;
0;260;168;260;168;102;0;0;224;0;758;0;224;0;758;0;168;0;0;0;0;0;0;0;0;0;0;0;0;0;0;0;0;0;0;0;0;0;0;0;0;0;0;0;0;0;0;0;0;0;0;0;0;0;0;0;0;0;0;0;0;0;0;0;0;0;0;0;0;0;0;0;0;0;0;0;0;0;0;0;0;0;0;0;0;0;0;0;0;0;0;0;0;0;0;0;0;0;0;0;
0;168;0;0;0;0;0;102;260;168;260;168;260;168;260;168;260;0;0;0;0;0;0;0;0;0;0;0;0;0;0;0;0;0;0;0;0;0;0;0;0;0;0;0;0;0;0;0;0;0;0;0;0;0;0;0;0;0;0;0;0;0;0;0;0;0;0;0;0;0;0;0;0;0;0;0;0;0;0;0;0;0;0;0;0;0;0;0;0;0;0;0;0;0;0;0;0;0;0;0;
0;260;0;0;0;0;0;0;168;0;0;0;168;0;0;0;168;0;0;0;0;0;0;0;0;0;0;0;0;0;0;0;0;0;0;0;0;0;0;0;0;0;0;0;0;0;0;0;0;0;0;0;0;0;0;0;0;0;0;0;0;0;0;0;0;0;0;0;0;0;0;0;0;0;0;0;0;0;0;0;0;0;0;0;0;0;0;0;0;0;0;0;0;0;0;0;0;0;0;0;
0;168;0;0;0;0;0;0;224;0;0;0;224;0;0;0;260;0;0;0;0;0;0;0;0;0;0;0;0;0;0;0;0;0;0;0;0;0;0;0;0;0;0;0;0;0;0;0;0;0;0;0;0;0;0;0;0;0;0;0;0;0;0;0;0;0;0;0;0;0;0;0;0;0;0;0;0;0;0;2;0;0;0;0;0;0;0;0;0;0;0;0;0;0;0;0;0;0;0;0;
0;260;0;0;0;0;0;102;168;260;168;260;168;260;168;260;168;0;0;0;0;0;0;0;0;0;0;0;0;0;0;0;260;0;0;0;260;0;0;0;0;0;0;0;0;0;0;0;0;0;0;0;0;0;0;0;0;0;0;0;0;0;0;0;0;0;0;0;0;0;0;0;0;0;0;0;0;0;0;0;0;0;0;0;2;0;0;0;0;0;0;0;0;0;0;0;0;0;0;0;
0;168;0;0;0;0;0;0;260;0;0;0;260;0;0;0;260;0;0;0;0;0;0;0;0;0;0;0;0;0;0;260;168;260;0;260;168;260;0;0;0;0;0;0;0;0;0;0;0;0;0;0;0;0;0;0;0;0;0;0;0;0;0;0;0;0;0;0;0;0;0;0;0;0;0;0;0;0;0;0;0;0;0;0;0;0;0;0;0;0;0;0;0;0;0;0;0;0;0;0;
0;260;0;0;0;0;0;0;224;0;0;0;224;0;0;0;168;0;0;0;0;0;0;0;0;0;0;0;0;0;260;168;260;168;260;168;260;168;260;0;0;0;0;0;0;0;0;0;0;0;0;0;0;0;0;0;0;0;0;0;0;0;0;0;0;0;0;0;0;0;0;0;0;0;0;0;0;0;0;0;0;0;0;0;0;0;0;0;0;0;0;0;0;0;0;0;0;0;0;0;
0;168;0;0;0;0;0;102;260;168;260;168;260;168;260;168;260;0;0;0;0;0;0;0;0;0;0;0;0;224;0;260;168;260;168;260;168;260;0;224;0;0;0;0;0;0;0;0;0;0;0;0;0;0;0;0;0;0;0;0;0;0;0;0;0;0;0;0;0;0;0;0;0;0;0;0;0;0;0;0;0;0;0;0;0;0;2;0;0;0;0;0;0;0;0;0;0;0;0;0;
0;260;0;0;0;0;0;0;168;0;0;0;168;0;0;0;168;0;0;0;0;0;0;0;0;0;0;0;260;0;0;0;260;0;242;0;260;0;0;0;260;0;0;0;0;0;0;0;0;0;0;0;0;0;0;0;0;0;0;0;0;0;0;0;0;0;0;0;0;0;0;0;0;0;0;0;0;0;0;0;0;0;0;0;0;0;0;0;0;0;0;0;0;0;0;0;0;0;0;0;
0;168;0;0;0;0;0;0;224;0;222;0;224;0;222;0;260;0;0;0;0;0;0;0;0;0;0;260;168;260;0;0;0;260;1110;260;0;0;0;260;168;260;0;0;0;0;0;0;0;169;21;0;0;0;0;0;0;0;0;0;0;0;0;0;0;0;0;0;0;0;0;0;0;0;0;0;0;0;0;0;0;0;0;0;0;0;0;0;0;0;0;0;0;0;0;0;0;0;0;0;
0;260;0;0;0;0;0;102;168;260;168;260;168;260;168;260;168;0;0;0;0;0;0;0;0;0;260;168;260;168;260;0;0;0;12;0;0;0;260;168;260;168;260;0;0;0;0;520;168;520;168;520;168;520;168;520;168;520;168;520;168;520;168;520;0;0;0;0;0;0;0;0;0;0;0;0;0;0;0;0;0;0;0;0;0;0;0;0;0;0;0;0;0;0;0;0;0;0;0;0;
0;168;0;0;0;0;0;0;260;0;0;0;260;0;0;0;260;0;0;0;0;0;0;0;0;260;168;260;168;260;0;0;0;254;1110;254;0;0;0;260;168;260;168;260;0;0;0;168;12;20;0;224;0;0;0;0;0;0;0;0;0;0;0;168;0;0;0;0;0;0;0;0;0;0;0;0;0;0;0;0;0;0;0;0;0;0;0;0;0;0;0;0;0;0;0;0;0;0;0;0;
0;260;0;0;0;0;0;0;224;0;222;0;224;0;222;0;168;0;0;0;0;0;0;0;260;168;260;168;260;0;0;0;260;0;0;0;260;0;0;0;260;168;260;168;260;0;0;520;168;520;520;170;0;0;0;0;0;0;0;0;0;0;0;520;0;0;0;0;0;0;0;0;0;0;0;0;0;0;0;0;0;0;0;0;0;0;0;0;0;0;0;0;0;0;0;0;0;0;0;0;
0;168;260;168;260;168;260;168;260;168;260;168;260;168;260;168;260;0;0;0;0;0;0;260;168;260;168;260;0;0;0;260;168;260;168;260;168;260;0;0;0;260;168;260;168;260;0;168;0;0;0;0;0;0;0;0;0;0;0;0;0;0;0;168;0;0;0;0;0;0;0;0;0;0;0;0;0;0;0;0;0;0;0;0;0;0;0;0;2;0;0;0;0;0;2;0;0;0;0;0;
0;0;0;0;0;0;0;0;0;0;0;0;0;0;0;0;0;0;0;0;0;0;0;0;260;168;260;168;260;0;260;168;260;168;382;168;260;168;260;0;260;168;260;168;260;0;0;520;0;0;0;0;0;0;0;0;0;0;0;0;0;0;0;520;0;0;0;0;0;0;0;0;0;0;0;0;0;0;0;0;0;0;0;0;0;0;0;0;0;0;0;2;0;0;0;0;0;0;0;0;
0;0;0;0;0;0;0;0;0;0;0;0;0;0;0;0;0;0;0;0;0;0;0;0;0;260;168;260;168;260;168;260;1452;598;6;598;1452;260;168;260;168;260;168;260;0;0;0;168;0;0;0;0;0;0;0;0;0;0;0;0;0;0;0;168;0;0;0;0;0;0;0;0;0;0;0;0;0;0;0;0;0;0;0;0;0;0;0;0;0;0;0;0;0;0;2;0;0;0;0;0;
0;0;0;0;3402;0;0;0;0;0;0;0;0;0;0;0;0;0;0;0;0;0;0;0;0;0;260;168;260;168;260;168;260;0;8;0;260;168;260;168;260;168;260;0;0;0;0;170;12;0;0;0;0;0;3402;0;0;0;0;0;0;0;0;520;0;0;0;0;0;0;0;0;0;0;0;0;0;0;0;0;0;0;0;0;0;0;0;0;0;0;0;0;0;0;0;0;0;2;0;0;
0;168;260;168;260;168;260;168;260;168;260;168;260;168;260;168;260;168;260;168;260;168;260;0;0;0;0;260;168;260;168;260;390;0;0;0;390;260;168;260;168;260;0;0;0;0;2;520;166;166;166;166;166;166;166;2;166;166;166;166;166;166;166;170;0;0;0;0;0;0;0;0;0;0;0;0;0;0;0;0;0;0;0;0;0;0;0;0;0;0;0;0;0;0;0;0;0;0;0;0;
0;260;0;0;0;0;0;0;0;0;0;0;0;0;0;0;0;0;0;0;0;0;168;0;0;0;0;0;260;168;260;544;260;168;598;168;260;544;260;168;260;0;0;0;0;0;0;520;162;4;4;4;4;4;4;4;4;4;4;4;4;4;162;520;0;0;0;0;0;0;0;0;0;0;0;0;0;0;0;0;0;0;0;0;0;0;0;0;0;0;0;0;0;0;0;0;0;0;0;0;
0;168;0;0;0;0;0;0;0;0;0;0;0;0;0;0;0;0;0;0;0;0;260;0;0;0;0;0;0;260;0;0;168;902;0;902;168;0;0;260;0;0;0;2;0;0;0;224;12;0;0;0;0;0;0;0;0;0;0;0;0;0;0;224;0;0;0;0;0;0;0;0;0;0;0;0;0;0;0;0;0;0;0;0;0;0;0;0;0;0;0;0;0;0;0;0;0;0;0;0;
0;260;102;102;102;102;102;102;102;0;0;0;0;0;0;0;0;0;0;0;0;0;168;0;0;0;0;0;0;168;0;0;260;168;20;168;260;0;0;168;0;0;102;0;102;0;102;520;168;520;168;520;168;520;168;520;168;520;168;520;168;520;168;520;102;0;0;0;0;0;0;0;0;0;0;0;0;0;0;0;0;0;0;0;0;0;0;0;0;0;0;0;0;0;0;0;0;0;0;0;
0;168;0;0;0;0;0;0;0;0;0;182;260;182;260;182;0;0;0;0;0;0;260;0;0;0;0;0;0;260;0;260;168;902;0;902;168;260;0;260;0;0;0;0;0;0;0;0;0;0;0;0;0;0;0;2;0;0;0;0;0;0;0;0;0;0;102;0;0;0;0;0;0;0;0;0;0;0;0;0;0;0;0;0;0;0;0;0;0;0;0;0;0;0;0;0;832;0;0;0;
0;260;0;0;0;0;12;0;12;0;0;308;0;598;0;224;0;0;0;0;0;0;168;0;0;0;0;0;0;168;0;0;260;168;20;168;260;0;0;168;0;0;102;0;102;0;0;0;0;0;0;0;0;0;0;0;0;0;0;0;0;0;0;0;0;0;0;0;0;0;0;0;0;0;0;0;0;0;0;0;0;0;0;0;0;0;0;0;0;0;0;0;0;0;0;0;0;0;0;0;
0;168;102;102;102;102;102;102;102;0;0;260;182;260;182;260;0;0;0;0;0;0;260;0;0;0;0;0;0;260;0;0;168;902;0;902;168;0;0;260;0;0;0;0;0;0;0;0;0;0;0;0;102;0;0;0;0;0;0;0;0;0;0;0;0;0;0;0;0;0;0;0;0;0;0;0;0;0;0;0;0;0;0;0;0;0;0;0;0;0;0;0;0;0;0;0;833;0;0;0;
0;260;0;0;0;0;0;0;0;0;182;1110;0;12;0;1110;182;0;0;0;0;0;168;0;0;0;0;0;0;168;0;0;260;168;20;168;260;0;0;168;0;0;0;0;0;0;102;0;0;0;0;0;0;0;0;0;0;0;0;0;0;0;0;0;0;0;102;0;0;0;0;0;0;0;0;0;0;0;0;0;0;0;0;0;0;0;0;0;0;0;0;0;0;0;0;0;832;0;0;0;
0;168;30;0;30;0;30;0;30;0;308;260;308;224;308;260;308;0;0;0;0;0;260;0;0;0;0;0;0;260;0;0;168;902;0;902;168;0;0;260;0;0;0;0;0;0;0;0;0;0;0;0;0;0;0;0;0;0;0;0;0;0;0;0;0;0;0;0;0;0;0;0;0;0;0;0;0;0;0;0;0;0;0;0;0;0;0;0;0;0;0;0;0;0;0;0;0;0;0;0;
0;260;102;102;102;102;102;102;102;0;260;1004;526;20;526;1004;260;0;0;0;0;0;168;0;0;0;0;0;0;168;0;0;260;168;20;168;260;0;0;168;0;0;0;0;0;0;0;0;0;0;0;0;0;0;0;521;521;0;0;0;0;0;0;0;0;0;0;0;0;0;0;0;0;0;0;0;0;0;0;0;0;0;0;0;0;0;0;0;0;0;0;0;0;0;0;0;0;0;0;0;
0;168;12;0;0;0;0;0;0;0;598;0;410;12;410;0;598;0;0;0;0;526;260;0;0;0;0;0;0;260;0;0;168;902;0;902;168;0;0;260;0;0;0;0;0;0;0;0;168;260;168;260;168;260;168;260;168;260;168;260;168;260;168;260;168;260;168;260;168;260;168;260;168;260;168;260;168;260;168;260;168;260;168;260;168;260;168;260;168;260;168;260;168;260;168;260;168;260;168;260;
0;260;168;260;168;260;168;260;168;260;168;260;168;260;168;260;168;260;168;260;168;260;168;0;0;0;0;0;0;168;0;0;260;168;20;168;260;0;0;168;0;0;0;0;0;0;0;0;260;0;0;0;0;0;0;0;0;0;0;0;0;0;0;0;0;0;0;0;0;0;0;0;0;0;0;0;0;0;0;0;0;0;0;0;0;0;0;0;0;0;0;0;0;0;0;0;0;0;0;0;
0;0;0;0;0;0;0;0;0;0;0;0;0;0;0;0;0;0;0;0;0;0;0;0;0;0;0;0;0;260;0;0;168;902;0;902;168;0;0;260;0;0;0;0;0;0;0;0;168;0;0;0;0;0;955;955;0;0;0;0;0;0;0;0;0;0;0;0;0;0;0;0;0;0;0;0;0;0;0;0;0;0;0;0;0;0;0;0;0;0;0;0;0;0;0;0;0;0;0;0;
0;0;0;0;0;0;0;0;0;0;0;0;0;0;0;0;0;0;0;0;0;0;0;0;0;0;0;0;0;168;0;0;260;168;20;168;260;0;0;168;0;0;0;0;0;0;0;0;260;0;102;260;168;260;168;260;102;0;0;0;102;260;168;260;168;260;102;0;0;0;102;260;168;260;168;260;102;0;0;0;102;260;168;260;168;260;102;0;0;0;102;260;168;260;168;260;102;0;0;0;
0;0;0;0;0;0;0;0;0;0;0;0;0;0;0;0;0;0;0;0;0;0;0;0;0;0;0;0;0;260;194;224;168;902;0;902;168;224;194;260;0;0;0;0;0;0;0;0;168;0;0;224;0;168;0;224;0;0;0;0;0;224;0;168;0;224;0;0;0;0;0;224;0;168;0;224;0;0;0;0;0;224;0;168;0;224;0;0;0;0;0;224;0;168;0;224;0;0;0;0;
0;260;168;260;168;260;168;260;168;260;168;260;168;260;168;260;168;260;168;260;168;260;0;0;0;0;0;0;0;168;0;0;260;168;20;168;260;0;0;168;0;0;0;0;0;0;0;0;260;0;102;260;168;260;168;260;102;0;0;0;102;260;168;260;168;260;102;0;0;0;102;260;168;260;168;260;102;0;0;0;102;260;168;260;168;260;102;0;0;0;102;260;168;260;168;260;102;0;0;0;
0;168;0;0;0;162;0;0;0;0;0;0;0;0;0;0;0;0;0;0;0;168;0;0;0;0;0;0;0;260;224;260;168;902;0;902;168;260;224;260;0;0;0;0;0;0;0;0;168;0;0;224;0;168;0;224;0;0;0;0;0;224;0;168;0;224;0;0;0;0;0;224;0;168;0;224;0;0;0;0;0;224;0;168;2;224;0;0;0;0;0;224;0;168;0;224;0;0;0;0;
102;260;0;0;0;0;0;0;0;0;0;0;0;0;0;0;0;0;0;0;0;260;0;0;0;0;0;0;0;168;0;0;260;168;20;168;260;0;0;168;0;0;0;0;0;0;0;0;260;0;102;260;168;260;168;260;102;0;0;0;102;260;168;260;168;260;102;0;0;0;102;260;168;260;168;260;102;0;0;0;102;260;168;260;168;260;102;0;0;0;102;260;168;260;168;260;102;0;0;0;
0;168;0;0;0;0;0;0;0;0;0;0;0;0;162;0;0;0;0;0;0;168;0;0;0;0;0;0;0;260;0;0;168;902;0;902;168;0;0;260;0;0;0;0;0;0;0;0;168;0;0;224;0;168;0;224;0;0;0;0;0;224;0;168;0;224;0;0;0;0;0;224;0;168;0;224;0;0;0;0;0;224;0;168;0;224;0;0;0;0;0;224;0;168;0;224;0;0;0;0;
0;260;0;0;0;0;0;0;0;0;0;0;0;0;0;0;0;0;0;0;0;260;0;0;0;0;0;0;0;168;0;0;260;168;20;168;260;0;0;168;0;0;0;0;0;0;0;0;260;0;102;260;168;260;168;260;102;0;0;0;102;260;168;260;168;260;102;0;0;0;102;260;168;260;168;260;102;0;0;0;102;260;168;260;168;260;102;0;0;0;102;260;168;260;168;260;102;0;0;0;
0;168;0;0;0;0;162;162;0;0;0;0;0;0;0;0;0;0;0;0;0;168;0;0;0;0;0;0;0;260;0;0;168;902;0;902;168;0;0;260;0;0;0;0;0;0;0;0;168;0;0;224;0;168;0;224;0;0;0;0;0;224;0;168;0;224;0;0;0;0;0;224;0;168;0;224;0;0;0;0;0;224;0;168;0;224;0;0;0;0;0;224;0;168;0;224;0;0;0;0;
0;260;12;410;0;194;0;162;194;0;162;162;0;0;162;0;0;162;0;0;12;260;0;0;0;0;0;0;0;168;0;0;260;168;0;168;260;0;0;168;0;0;0;0;0;0;0;0;260;0;102;260;168;260;168;260;102;0;0;0;102;260;168;260;168;260;102;0;0;0;102;260;168;260;168;260;1304;0;0;0;102;260;168;260;168;260;102;0;0;0;102;260;168;260;168;260;102;0;0;0;
0;168;260;168;260;168;260;168;260;168;260;168;260;168;260;168;260;168;260;168;260;168;0;0;0;0;0;0;0;260;0;0;168;902;0;902;168;0;0;260;0;0;0;0;0;0;0;0;168;0;0;224;0;168;0;224;0;0;0;0;0;224;0;168;0;224;0;0;0;0;0;224;0;168;0;224;0;0;0;0;0;224;0;168;0;224;0;0;0;0;0;224;0;168;0;224;0;0;0;0;
102;260;0;0;0;260;0;0;0;260;0;0;0;260;0;0;0;260;0;0;0;260;0;0;0;0;0;0;0;168;0;0;260;168;0;168;260;0;0;168;0;0;0;0;0;0;0;0;260;0;102;260;168;260;168;260;102;0;0;0;102;260;168;260;168;260;102;0;0;0;102;260;168;260;168;260;102;0;0;0;102;260;168;260;168;260;102;0;0;0;102;260;168;260;168;260;102;0;0;0;
0;168;224;168;0;168;0;168;0;168;0;168;0;168;0;168;0;168;0;168;0;168;0;0;0;0;0;0;0;260;0;0;168;902;0;902;168;0;0;260;0;0;0;0;0;0;0;0;168;0;0;224;0;168;0;224;0;0;0;0;0;224;0;168;0;224;0;0;0;0;0;224;0;168;0;224;0;0;0;0;0;224;0;168;0;224;0;0;0;0;0;224;0;168;0;224;0;0;0;0;
0;260;428;260;0;260;0;260;0;260;0;260;0;260;0;260;0;260;0;260;0;260;0;0;0;0;0;0;0;168;0;0;260;168;0;168;260;0;0;168;0;0;0;0;0;0;0;0;260;0;102;260;168;260;168;260;102;0;0;0;102;260;168;260;168;260;102;0;0;0;102;260;168;260;168;260;102;0;0;0;102;260;168;260;168;260;102;0;0;0;102;260;168;260;168;260;102;0;0;0;
0;168;410;168;0;168;0;168;0;168;0;168;0;168;0;168;0;168;0;168;430;168;0;0;0;0;0;0;0;260;624;224;168;0;410;0;168;224;624;260;0;0;0;0;0;0;0;0;168;0;0;224;0;168;0;224;0;0;0;0;0;224;0;168;0;224;0;0;0;0;0;224;0;168;0;224;0;0;0;0;0;224;0;168;0;224;0;0;0;0;0;224;0;168;0;224;0;0;0;0;
0;260;12;260;0;0;0;260;0;0;0;260;0;0;0;260;0;0;0;260;12;260;0;0;0;0;0;0;0;168;260;0;0;0;0;0;0;0;260;168;0;0;0;0;0;0;0;0;260;0;102;260;168;1514;168;260;102;0;0;0;102;260;168;1514;168;260;102;0;0;0;102;260;168;1514;168;260;102;0;0;0;102;260;168;1514;168;260;102;0;0;0;102;260;168;1514;168;260;102;0;0;0;
0;168;260;168;260;168;260;168;260;168;260;168;260;168;260;168;260;168;260;168;260;168;0;0;0;0;0;0;0;260;168;260;168;260;168;260;168;260;168;260;0;0;0;0;0;0;0;0;168;0;0;0;0;0;0;0;0;0;0;0;0;0;0;0;0;0;0;0;0;0;0;0;0;12;0;0;0;0;0;0;0;0;0;0;0;0;0;3402;0;0;0;607;0;0;0;0;0;0;0;0;
8;8;8;8;8;8;8;8;8;8;8;8;8;8;8;8;8;8;8;8;8;8;8;8;8;8;8;8;8;8;8;8;8;8;8;8;8;8;8;8;8;8;8;8;8;8;8;8;8;8;8;8;8;8;8;8;8;8;8;8;8;8;8;8;8;8;8;8;8;8;8;8;8;8;8;8;8;8;8;8;8;8;8;8;8;8;8;8;8;8;8;8;8;8;8;8;8;8;8;8;
8;8;8;8;8;8;8;8;8;8;8;8;8;8;8;8;8;8;8;8;8;8;8;8;8;8;8;8;8;8;8;8;8;8;8;8;8;8;8;8;8;8;8;8;8;8;8;8;8;8;8;8;8;8;8;8;8;8;8;8;8;8;8;8;8;8;8;8;8;8;8;8;8;8;8;8;8;8;8;8;8;8;8;8;8;8;8;8;8;8;8;8;8;8;8;8;8;8;8;8;
8;8;8;8;8;8;8;8;8;8;8;8;8;8;8;8;8;8;8;8;8;8;8;8;8;8;8;8;8;8;8;8;8;8;8;8;8;8;8;8;8;8;8;8;8;8;8;8;8;8;8;8;8;8;8;8;8;8;8;8;8;8;8;8;8;8;8;8;8;8;8;8;8;8;8;8;8;8;8;8;8;8;8;8;8;8;8;8;8;8;8;8;8;8;8;8;8;8;8;8;
8;8;8;8;8;8;8;8;8;8;8;8;8;8;8;8;8;8;8;8;8;8;8;8;8;8;8;8;8;8;8;8;8;8;8;8;8;8;8;8;8;8;8;8;8;8;8;8;8;8;8;8;8;8;8;8;8;8;8;8;8;8;8;8;8;8;8;8;8;8;8;8;8;8;8;8;8;8;8;8;8;8;8;8;8;8;8;8;8;8;8;8;8;8;8;8;8;8;8;8;
8;8;8;8;8;8;8;8;8;8;8;8;8;8;8;8;8;8;8;8;8;8;8;8;8;8;8;8;8;8;8;8;8;8;8;8;8;8;8;8;8;8;8;8;8;8;8;8;8;8;8;8;8;8;8;8;8;8;8;8;8;8;8;8;8;8;8;8;8;8;8;8;8;8;8;8;8;8;8;8;8;8;8;8;8;8;8;8;8;8;8;8;8;8;8;8;8;8;8;8;
8;8;8;8;8;8;8;8;8;8;8;8;8;8;8;8;8;8;8;8;8;8;8;8;8;8;8;8;8;8;8;8;8;8;8;8;8;8;8;8;8;8;8;8;8;8;8;8;8;8;8;8;8;8;8;8;8;8;8;8;8;8;8;8;8;8;8;8;8;8;8;8;8;8;8;8;8;8;8;8;8;8;8;8;8;8;8;8;8;8;8;8;8;8;8;8;8;8;8;8;
