0;0;0;0;0;0;0;0;0;0;0;0;0;0;0;0;0;0;0;0;0;0;0;0;0;0;0;0;0;0;0;0;0;0;0;0;0;0;0;0;0;0;0;0;0;0;0;0;0;0;0;0;0;0;0;0;0;0;0;0;0;0;0;0;0;0;0;0;0;0;0;0;0;0;0;0;0;0;0;0;0;0;0;0;0;0;0;0;0;0;0;0;0;0;0;0;0;0;0;0;
0;0;0;0;0;0;0;0;0;0;0;0;0;0;0;0;0;0;0;0;0;0;0;0;0;0;0;0;0;0;0;0;0;0;0;0;0;0;0;0;0;0;0;0;0;0;0;0;0;0;0;0;0;0;0;0;0;0;0;0;0;0;0;0;0;0;0;0;0;0;0;0;0;0;0;0;0;0;0;0;0;0;0;0;0;0;0;0;0;0;0;0;0;0;0;0;0;0;0;0;
0;0;0;0;0;0;0;0;0;0;0;0;0;0;0;0;0;0;0;0;0;0;0;0;0;0;0;0;0;0;0;0;0;0;0;0;0;0;0;0;0;0;0;0;0;0;0;0;0;0;0;0;0;0;0;0;0;0;0;0;0;0;0;0;0;0;0;0;0;0;0;0;0;0;0;0;0;0;0;0;0;0;0;0;0;0;0;0;0;0;0;0;0;0;0;0;0;0;0;0;
0;0;0;0;0;0;0;0;0;0;0;0;0;0;0;0;0;0;0;0;0;0;0;0;0;0;0;0;0;0;0;0;0;0;0;0;0;0;0;0;0;0;0;0;0;0;0;0;0;0;0;0;0;0;0;0;0;0;0;0;0;0;0;0;0;0;0;0;0;0;0;0;0;0;0;0;0;0;0;0;0;0;0;0;0;0;0;0;0;0;0;0;0;0;0;0;0;0;0;0;
0;0;0;0;0;0;0;0;0;0;0;0;0;0;0;0;0;0;0;0;0;0;0;0;0;0;0;0;0;0;0;0;0;0;0;0;0;0;0;0;0;0;0;0;0;0;0;0;0;0;0;0;0;0;0;0;0;0;0;0;0;0;0;0;0;0;0;0;0;0;0;0;0;0;0;0;0;0;0;0;0;0;0;0;0;0;0;0;0;0;0;0;0;0;0;0;0;0;0;0;
0;0;0;0;0;0;0;0;0;0;0;0;0;0;0;0;0;0;0;0;0;0;0;0;0;0;0;0;0;0;0;0;0;0;0;0;0;0;0;0;0;0;0;0;0;0;0;0;0;0;0;0;0;0;0;0;0;0;0;0;0;0;0;0;0;0;0;0;0;0;0;0;0;0;0;0;0;0;0;0;0;0;0;0;0;0;0;0;0;0;0;0;0;0;0;0;0;0;0;0;
0;0;0;0;0;0;0;0;0;0;0;0;0;0;0;0;0;0;0;0;0;0;0;0;0;0;0;0;0;0;0;0;0;0;0;0;0;0;0;0;0;0;0;0;0;0;0;0;0;0;0;0;0;0;0;0;0;0;0;0;0;0;0;0;0;0;0;0;0;0;0;0;0;0;0;0;0;0;0;0;0;0;0;0;0;0;0;0;0;0;0;0;0;0;0;0;0;0;0;0;
0;0;0;0;0;0;0;0;0;0;0;0;0;0;0;0;0;0;0;0;0;0;0;0;0;0;0;0;0;0;0;0;0;0;0;0;0;0;0;0;0;0;0;0;0;0;0;0;0;0;0;0;0;0;0;0;0;0;0;0;0;0;0;0;0;0;0;0;0;0;0;0;0;0;0;0;0;0;0;0;0;0;0;0;0;0;0;0;0;0;0;0;0;0;0;0;0;0;0;0;
2010;2010;0;0;0;0;0;102;0;0;0;0;0;0;0;0;0;0;0;0;0;0;0;0;0;0;0;0;0;0;0;0;0;0;0;0;0;0;0;0;0;0;0;0;0;0;0;0;0;0;0;0;0;0;0;0;0;0;0;0;0;0;0;0;0;0;0;0;0;0;0;0;0;0;0;0;0;0;0;0;0;0;0;0;0;0;0;0;0;0;0;0;0;0;0;0;0;0;0;0;
2010;2010;0;0;0;0;0;0;0;0;0;0;0;0;0;0;0;0;0;0;0;0;0;0;0;0;0;0;0;0;0;0;0;0;0;0;0;0;0;0;0;0;0;0;0;0;0;0;0;0;0;0;0;0;0;0;0;0;0;0;0;0;0;0;0;0;0;0;0;0;0;0;0;0;0;0;0;0;0;0;0;0;0;0;0;0;0;0;0;0;0;0;0;0;0;0;0;0;0;0;
2010;2010;0;0;0;0;0;0;0;0;0;0;0;0;0;0;0;0;0;0;0;0;0;0;0;0;0;0;0;0;0;0;0;0;0;0;0;0;0;0;0;0;0;0;0;0;0;0;0;0;0;0;0;0;0;0;0;0;0;0;0;0;0;0;0;0;0;0;0;0;0;0;0;0;0;0;0;0;0;0;0;0;0;0;0;0;0;0;0;0;0;0;0;0;0;0;0;0;0;0;
2010;2010;0;0;0;0;0;102;0;0;0;0;0;0;0;102;0;0;102;0;0;0;102;0;0;0;0;0;0;0;0;0;0;0;0;0;0;0;0;0;0;0;0;0;0;0;0;0;0;0;0;0;0;0;0;0;0;0;0;0;0;0;0;0;0;0;0;0;0;0;0;0;0;0;0;0;0;0;0;0;0;0;0;0;0;0;0;0;0;0;0;0;0;0;0;0;0;0;0;0;
2010;2010;0;0;0;0;0;0;0;0;0;0;0;0;0;0;0;0;0;0;0;0;0;0;0;0;0;0;0;0;0;0;0;0;0;0;0;0;0;0;0;0;0;0;0;0;0;0;0;0;0;0;0;0;0;0;0;0;0;0;0;0;0;0;0;0;0;0;0;0;0;0;0;0;0;0;0;0;0;0;0;0;0;0;0;0;0;0;0;0;0;0;0;0;0;0;0;0;0;0;
2010;2010;0;0;0;12;0;0;0;0;0;0;0;0;0;0;0;0;0;0;0;0;0;0;0;2302;0;0;0;0;0;0;0;0;0;0;0;0;0;0;0;0;0;0;0;0;0;0;0;0;0;0;0;0;0;0;0;0;0;0;0;0;0;0;0;0;0;0;0;0;0;0;0;0;0;0;0;0;0;0;0;0;0;0;0;0;0;0;0;0;0;0;0;0;0;0;0;0;0;0;
2010;2010;0;2;2;2;2;0;0;0;0;2;2;2;2;2;2;2;2;2;2;2;2;2;2;2;2;0;2;2;2;2;2;2;2;2;2;2;2;2;2;2;2;2;2;2;2;2;2;2;2;2;2;2;2;2;2;2;2;2;2;2;2;2;2;2;2;2;2;2;0;0;0;2;2;2;2;2;2;2;2;2;2;2;0;2;2;2;2;2;2;2;0;0;0;0;0;0;0;0;
2010;2010;0;0;0;0;0;0;0;0;0;0;0;0;0;0;0;0;0;0;0;0;0;0;0;0;0;0;0;0;0;0;0;0;0;0;0;0;0;0;0;0;0;0;0;0;0;0;0;0;0;0;0;0;0;0;0;0;0;0;0;0;0;0;0;0;0;0;0;0;0;0;0;0;0;0;0;0;0;0;0;0;0;0;0;0;0;0;0;0;0;0;0;0;0;0;0;0;0;0;
2010;2010;0;0;0;0;0;0;0;0;0;0;0;0;0;0;0;0;0;0;0;0;0;0;0;0;0;0;0;0;0;0;0;0;0;0;0;0;0;0;0;0;0;0;0;0;0;0;0;0;0;0;0;0;0;0;0;0;0;0;0;0;0;0;0;0;0;0;0;0;0;0;0;0;0;0;0;0;0;0;0;0;0;0;0;0;0;0;0;0;0;0;0;0;0;0;0;0;0;0;
2010;2010;0;0;0;0;0;0;0;0;0;0;0;0;0;0;0;0;0;0;0;0;0;0;0;0;0;0;0;0;0;0;0;0;0;0;0;0;0;0;0;0;0;0;0;0;0;0;0;0;0;0;0;0;0;0;0;0;0;0;0;0;0;0;0;0;0;0;0;0;0;0;0;0;0;0;0;0;0;0;0;0;0;0;0;0;0;0;0;0;0;0;0;0;0;0;0;0;0;0;
2010;2010;0;0;0;0;0;0;2978;2978;2978;2978;2978;2978;2978;2978;2978;2978;2978;2978;2978;2978;2978;2978;2978;2978;2978;2978;2978;2978;2978;2978;2978;2978;2978;2978;2978;2978;0;0;0;0;0;0;0;0;0;0;0;0;0;0;0;0;0;0;0;0;0;0;0;0;0;0;0;0;0;0;0;0;0;0;0;0;0;0;0;0;0;0;0;0;0;0;0;0;0;0;0;0;0;0;0;0;0;0;0;0;0;0;
2010;2010;0;0;0;0;1308;2010;2946;2946;2946;2946;2946;2946;2946;2946;2946;2946;2946;2946;2946;2946;2946;2946;2946;2946;2946;2946;2946;2946;2946;2946;2946;2946;2946;2946;2946;2946;2010;1308;0;0;1308;2010;2946;2946;2946;2946;2946;2946;2946;2946;2946;2946;2946;2010;1308;0;0;1308;2010;2946;2946;0;0;0;0;0;0;0;0;0;0;0;0;0;0;0;0;0;0;2302;0;0;0;0;0;0;0;0;0;2010;1308;0;0;0;0;0;0;0;
2010;2010;0;0;0;0;1308;2010;2010;2010;2010;2010;2010;2010;2010;2010;2010;2010;2010;2010;2010;2010;2010;2010;2010;2010;2010;2010;2010;2010;2010;2010;2010;2010;2010;2010;2010;2010;2010;1308;0;0;1308;2010;2010;2010;2010;2010;2010;2010;2010;2010;2010;2010;2010;2010;1308;0;0;1308;2010;2010;2010;2010;2010;2010;2010;2010;2010;2010;2010;2010;2010;2010;2010;2010;2010;2010;2010;2010;2010;2010;2010;2010;2010;2010;2010;2010;2010;2010;2010;2010;1308;0;0;0;0;0;0;0;
2010;2010;0;0;0;0;1308;0;0;0;0;0;0;0;0;0;0;0;0;0;0;0;0;0;0;0;0;0;0;0;0;0;0;0;0;0;0;0;0;1308;0;0;1308;0;0;0;0;0;0;0;0;0;0;0;0;0;1308;0;0;1308;0;0;0;0;0;0;0;0;0;0;0;0;0;0;0;0;0;0;0;0;0;0;0;0;0;0;0;0;0;0;0;0;1308;0;0;0;0;0;0;0;
2010;2010;0;0;0;0;1308;0;2978;2978;2978;2978;2978;2978;2978;2978;2978;2978;2978;2978;2978;2978;2978;2978;2978;2978;2978;2978;2978;2978;2978;2978;2978;2978;2978;2978;2978;2978;0;1308;0;0;1308;0;0;0;0;0;0;0;0;0;0;0;0;0;1308;0;0;1308;0;0;0;0;0;0;0;0;0;0;0;0;0;0;0;0;0;0;0;0;0;0;0;0;0;0;0;0;0;0;0;0;1308;0;0;0;0;0;0;0;
2010;2010;0;0;0;0;1308;2010;2946;2946;2946;2946;2946;2946;2946;2946;2946;2946;2946;2946;2946;2946;2946;2946;2946;2946;2946;2946;2946;2946;2946;2946;2946;2946;2946;2946;2946;2946;2010;1308;0;0;1308;2010;2946;2946;2946;2946;2946;2946;2946;2946;2946;2946;2946;2010;1308;0;0;1308;2010;2946;2946;2946;2946;2946;2946;2946;2946;2946;2946;2946;2946;2946;2946;2946;2946;2946;2946;2946;2946;2946;2946;2946;2946;2946;2946;2946;2946;2946;2946;2010;1308;0;0;0;0;0;0;0;
2010;2010;0;0;0;0;1308;2010;2010;2010;2010;2010;2010;2010;2010;2010;2010;2010;2010;2010;2010;2010;2010;2010;2010;2010;2010;2010;2010;2010;2010;2010;2010;2010;2010;2010;2010;2010;2010;1308;0;0;1308;2010;2010;2010;2010;2010;2010;2010;2010;2010;2010;2010;2010;2010;1308;0;0;1308;2010;2010;2010;2010;2010;2010;2010;2010;2010;2010;2010;2010;2010;2010;2010;2010;2010;2010;2010;2010;2010;2010;2010;2010;2010;2010;2010;2010;2010;2010;2010;2010;1308;0;0;0;0;0;0;0;
2010;2010;0;0;0;0;1308;1446;1446;1446;1446;1446;1446;1446;1446;1446;1446;1446;1446;1446;1446;1446;1446;1446;1446;1446;1446;1446;1446;1446;1446;1446;1446;1446;1446;1446;1446;1446;1446;1308;0;0;1308;0;0;0;0;0;0;0;0;0;0;0;0;0;1308;0;0;1308;0;0;0;0;0;0;0;0;0;0;0;0;0;0;0;0;0;0;0;0;0;0;0;0;0;0;0;0;0;0;0;0;1308;0;0;0;0;0;0;0;
2010;2010;0;0;0;0;1308;0;2978;2978;2978;2978;2978;2978;2978;2978;2978;2978;2978;2978;2978;2978;2978;2978;2978;2978;2978;2978;2978;2978;2978;2978;2978;2978;2978;2978;2978;2978;0;1308;0;0;1308;0;2978;0;0;0;0;0;0;0;0;0;0;0;1308;0;0;1308;0;2978;2978;2978;2978;2978;2978;2978;2978;2978;2978;2978;2978;2978;2978;2978;2978;2978;2978;2978;2978;2978;2978;2978;2978;2978;2978;2978;2978;2978;2978;0;1308;0;0;0;0;0;0;0;
2010;2010;0;0;0;0;1308;2010;2946;2946;2946;2946;2946;2946;2946;2946;2946;2946;2946;2946;2946;2946;2946;2946;2946;2946;2946;2946;2946;2946;2946;2946;2946;2946;2946;2946;2946;2946;2010;1308;0;0;1308;2010;2946;2946;2946;2946;2946;2946;2946;2946;2946;2946;2946;2010;1308;0;0;1308;2010;2946;2946;2946;2946;2946;2946;2946;2946;2946;2946;2946;2946;2946;2946;2946;2946;2946;2946;2946;2946;2946;2946;2946;2946;2946;2946;2946;2946;2946;2946;2010;1308;0;0;0;0;0;0;0;
2010;2010;0;0;0;0;1308;2010;2010;2010;2010;2010;2010;2010;2010;2010;2010;2010;2010;2010;2010;2010;2010;2010;2010;2010;2010;2010;2010;2010;2010;2010;2010;2010;2010;2010;2010;2010;2010;1308;0;0;1308;2010;2010;2010;2010;2010;2010;2010;2010;2010;2010;2010;2010;2010;1308;0;0;1308;2010;2010;2010;2010;2010;2010;2010;2010;2010;2010;2010;2010;2010;2010;2010;2010;2010;2010;2010;2010;2010;2010;2010;2010;2010;2010;2010;2010;2010;2010;2010;2010;1308;0;0;0;0;0;0;0;
2010;2010;0;0;0;0;1308;1446;1446;1446;1446;1446;1446;1446;1446;1446;1446;1446;1446;1446;1446;1446;1446;1446;1446;1446;1446;1446;1446;1446;1446;1446;1446;1446;1446;1446;1446;1446;1446;1308;0;0;1308;0;0;0;0;0;0;0;0;0;0;0;0;0;1308;0;0;1308;0;0;0;0;0;0;0;0;0;0;0;0;0;0;0;0;0;0;0;0;0;0;0;0;0;0;0;0;0;0;0;0;1308;0;0;0;0;0;0;0;
2010;2010;0;0;0;0;1308;0;2978;2978;2978;2978;2978;2978;2978;2978;2978;2978;2978;2978;2978;2978;2978;2978;2978;2978;2978;2978;2978;2978;2978;2978;2978;2978;2978;2978;2978;2978;0;1308;0;0;1308;0;2978;2978;2978;2978;2978;2978;2978;2978;2978;2978;2978;0;1308;0;0;1308;0;2978;2978;2978;2978;2978;2978;2978;2978;2978;2978;2978;2978;2978;2978;2978;2978;2978;2978;2978;2978;2978;2978;2978;2978;2978;2978;2978;2978;2978;2978;0;1308;0;0;0;0;0;0;0;
2010;2010;0;0;0;0;1308;2010;2946;2946;2946;2946;2946;2946;2946;2946;2946;2946;2946;2946;2946;2946;2946;2946;2946;2946;2946;2946;2946;2946;2946;2946;2946;2946;2946;2946;2946;2946;2010;1308;0;0;1308;2010;2946;2946;2946;2946;2946;2946;2946;2946;2946;2946;2946;2010;1308;0;0;1308;2010;2946;2946;2946;2946;2946;2946;2946;2946;2946;2946;2946;2946;2946;2946;2946;2946;2946;2946;2946;2946;2946;2946;2946;2946;2946;2946;2946;2946;2946;2946;2010;1308;0;0;0;0;0;0;0;
2010;2010;0;0;0;0;1308;2010;2010;2010;2010;2010;2010;2010;2010;2010;2010;2010;2010;2010;2010;2010;2010;2010;2010;2010;2010;2010;2010;2010;2010;2010;2010;2010;2010;2010;2010;2010;2010;1308;0;0;1308;2010;2010;2010;2010;2010;2010;2010;2010;2010;2010;2010;2010;2010;1308;0;0;1308;2010;2010;2010;2010;2010;2010;2010;2010;2010;2010;2010;2010;2010;2010;2010;2010;2010;2010;2010;2010;2010;2010;2010;2010;2010;2010;2010;2010;2010;2010;2010;2010;1308;0;0;0;0;0;0;0;
2010;2010;0;0;0;0;1308;1446;1446;1446;1446;1446;1446;1446;1446;1446;1446;1446;1446;1446;1446;1446;1446;1446;1446;1446;1446;1446;1446;1446;1446;1446;1446;1446;1446;1446;1446;1446;1446;1308;0;0;1308;1446;1446;1446;1446;1446;1446;1446;1446;1446;1446;1446;1446;1446;1308;0;0;1308;0;0;0;0;0;0;0;0;0;0;0;0;0;0;0;0;0;0;0;0;0;0;0;0;0;0;0;0;0;0;0;0;1308;0;0;0;0;0;0;0;
2010;2010;0;0;0;0;1308;0;2978;2978;2978;2978;2978;2978;2978;2978;2978;2978;2978;2978;2978;2978;2978;2978;2978;2978;2978;2978;2978;2978;2978;2978;2978;2978;2978;2978;2978;2978;0;1308;0;0;1308;0;2978;2978;2978;2978;2978;2978;2978;2978;2978;2978;2978;0;1308;0;0;1308;0;2978;2978;2978;2978;2978;2978;2978;2978;2978;2978;2978;2978;2978;2978;2978;2978;2978;2978;2978;2978;2978;2978;2978;2978;2978;2978;2978;2978;2978;2978;0;1308;0;0;0;0;0;0;0;
2010;2010;0;0;0;0;1308;2010;2946;2946;2946;2946;2946;2946;2946;2946;2946;2946;2946;2946;2946;2946;2946;2946;2946;2946;2946;2946;2946;2946;2946;2946;2946;2946;2946;2946;2946;2946;2010;1308;0;0;1308;2010;2946;2946;2946;2946;2946;2946;2946;2946;2946;2946;2946;2010;1308;0;0;1308;2010;2946;2946;2946;2946;2946;2946;2946;2946;2946;2946;2946;2946;2946;2946;2946;2946;2946;2946;2946;2946;2946;2946;2946;2946;2946;2946;2946;2946;2946;2946;2010;1308;0;0;0;0;0;0;0;
2010;2010;0;0;0;0;1308;2010;2010;2010;2010;2010;2010;2010;2010;2010;2010;2010;2010;2010;2010;2010;2010;2010;2010;2010;2010;2010;2010;2010;2010;2010;2010;2010;2010;2010;2010;2010;2010;1308;0;0;1308;2010;2010;2010;2010;2010;2010;2010;2010;2010;2010;2010;2010;2010;1308;0;0;1308;2010;2010;2010;2010;2010;2010;2010;2010;2010;2010;2010;2010;2010;2010;2010;2010;2010;2010;2010;2010;2010;2010;2010;2010;2010;2010;2010;2010;2010;2010;2010;2010;1308;0;0;0;0;0;0;0;
2010;2010;0;0;0;0;1308;1446;1446;1446;1446;1446;1446;1446;1446;1446;1446;1446;1446;1446;1446;1446;1446;1446;1446;1446;1446;1446;1446;1446;1446;1446;1446;1446;1446;1446;1446;1446;1446;1308;0;0;1308;1446;1446;1446;1446;1446;1446;1446;1446;1446;1446;1446;1446;1446;1308;0;0;1308;1446;1446;1446;1446;1446;1446;1446;1446;1446;1446;1446;1446;1446;1446;1446;1446;1446;1446;1446;1446;1446;1446;1446;1446;1446;1446;1446;0;0;0;0;0;1308;0;0;0;0;0;0;0;
2010;2010;0;0;0;0;1308;0;2978;2978;2978;2978;2978;2978;2978;2978;2978;2978;2978;2978;2978;2978;2978;2978;2978;2978;2978;2978;2978;2978;2978;2978;2978;2978;2978;2978;2978;2978;2302;1308;0;0;1308;0;2978;2978;2978;2978;2978;2978;2978;2978;2978;2978;2978;0;1308;0;0;1308;0;2978;2978;2978;2978;2978;2978;2978;2978;2978;2978;2978;2978;2978;2978;2978;2978;2978;2978;2978;2978;2978;2978;2978;2978;2978;2978;2978;2978;2978;2978;0;1308;0;0;0;0;0;0;0;
2010;2010;0;0;0;0;1308;2010;2946;2946;2946;2946;2946;2946;2946;2946;2946;2946;2946;2946;2946;2946;2946;2946;2946;2946;2946;2946;2946;2946;2946;2946;2946;2946;2946;2946;2946;2946;2010;1308;0;0;1308;2010;2946;2946;2946;2946;2946;2946;2946;2946;2946;2946;2946;2010;1308;0;0;1308;2010;2946;2946;2946;2946;2946;2946;2946;2946;2946;2946;2946;2946;2946;2946;2946;2946;2946;2946;2946;2946;2946;2946;2946;2946;2946;2946;2946;2946;2946;2946;2010;1308;0;0;0;0;0;0;0;
2010;2010;0;0;0;0;1308;2010;2010;2010;2010;2010;2010;2010;2010;2010;2010;2010;2010;2010;2010;2010;2010;2010;2010;2010;2010;2010;2010;2010;2010;2010;2010;2010;2010;2010;2010;2010;2010;1308;0;0;1308;2010;2010;2010;2010;2010;2010;2010;2010;2010;2010;2010;2010;2010;1308;0;0;1308;2010;2010;2010;2010;2010;2010;2010;2010;2010;2010;2010;2010;2010;2010;2010;2010;2010;2010;2010;2010;2010;2010;2010;2010;2010;2010;2010;2010;2010;2010;2010;2010;1308;0;0;0;0;0;0;0;
2010;2010;0;0;0;0;1308;1446;1446;1446;1446;1446;1446;1446;1446;1446;1446;1446;1446;1446;1446;1446;1446;1446;1446;1446;1446;1446;1446;1446;1446;1446;1446;1446;1446;1446;1446;1446;1446;1308;0;0;1308;1446;1446;1446;1446;1446;1446;1446;1446;1446;1446;1446;1446;1446;1308;0;0;1308;1446;1446;1446;1446;1446;1446;1446;1446;1446;1446;1446;1446;1446;1446;1446;1446;1446;1446;1446;1446;1446;1446;1446;1446;1446;1446;1446;1446;1446;1446;1446;1446;1308;0;0;0;0;0;0;0;
2010;2010;0;0;0;0;1308;0;2978;2978;2978;2978;2978;2978;2978;2978;2978;2978;2978;2978;2978;2978;2978;2978;2978;2978;2978;2978;2978;2978;2978;2978;2978;2978;2978;2978;2978;2978;0;1308;0;0;1308;0;2978;2978;2978;2978;2978;2978;2978;2978;2978;2978;2978;0;1308;0;0;1308;0;2978;2978;2978;2978;2978;2978;2978;2978;2978;2978;2978;2978;2978;2978;2978;2978;2978;2978;2978;2978;2978;2978;2978;2978;2978;2978;2978;2978;2978;2978;0;1308;0;0;0;0;0;0;0;
2010;2010;0;0;0;0;1308;2010;2946;2946;2946;2946;2946;2946;2946;2946;2946;2946;2946;2946;2946;2946;2946;2946;2946;2946;2946;2946;2946;2946;2946;2946;2946;2946;2946;2946;2946;2946;2010;1308;0;0;1308;2010;2946;2946;2946;2946;2946;2946;2946;2946;2946;2946;2946;2010;1308;0;0;1308;2010;2946;2946;2946;2946;2946;2946;2946;2946;2946;2946;2946;2946;2946;2946;2946;2946;2946;2946;2946;2946;2946;2946;2946;2946;2946;2946;2946;2946;2946;2946;2010;1308;0;0;0;0;0;0;0;
2010;2010;0;0;0;0;1308;2010;2010;2010;2010;2010;2010;2010;2010;2010;2010;2010;2010;2010;2010;2010;2010;2010;2010;2010;2010;2010;2010;2010;2010;2010;2010;2010;2010;2010;2010;2010;2010;1308;0;0;1308;2010;2010;2010;2010;2010;2010;2010;2010;2010;2010;2010;2010;2010;1308;0;0;1308;2010;2010;2010;2010;2010;2010;2010;2010;2010;2010;2010;2010;2010;2010;2010;2010;2010;2010;2010;2010;2010;2010;2010;2010;2010;2010;2010;2010;2010;2010;2010;2010;1308;0;0;0;0;0;0;0;
2010;2010;0;0;0;0;1308;1446;1446;1446;1446;1446;1446;1446;1446;1446;1446;1446;1446;1446;1446;1446;1446;1446;1446;1446;1446;1446;1446;1446;1446;1446;1446;1446;1446;1446;1446;1446;1446;1308;0;0;1308;1446;1446;1446;1446;1446;1446;1446;1446;1446;1446;1446;1446;1446;1308;0;0;1308;1446;1446;1446;1446;1446;1446;1446;1446;1446;1446;1446;1446;1446;1446;1446;1446;1446;1446;1446;1446;1446;1446;1446;1446;1446;1446;1446;1446;1446;1446;1446;1446;1308;0;0;0;0;0;0;0;
2010;2010;0;0;0;0;1308;0;2978;2978;2978;2978;2978;2978;2978;2978;2978;2978;2978;2978;2978;2978;2978;2978;2978;2978;2978;2978;2978;2978;2978;2978;2978;2978;2978;2978;2978;2978;0;1308;0;0;1308;0;2978;2978;2978;2978;2978;2978;2978;2978;2978;2978;2978;0;1308;0;0;1308;0;2978;2978;2978;2978;2978;2978;2978;2978;2978;2978;2978;2978;2978;2978;2978;2978;2978;2978;2978;2978;2978;2978;2978;2978;2978;2978;2978;2978;2978;2978;0;1308;0;0;0;0;0;0;0;
2010;2010;0;0;0;0;1308;2010;2946;2946;2946;2946;2946;2946;2946;2946;2946;2946;2946;2946;2946;2946;2946;2946;2946;2946;2946;2946;2946;2946;2946;2946;2946;2946;2946;2946;2946;2946;2010;1308;0;0;1308;2010;2946;2946;2946;2946;2946;2946;2946;2946;2946;2946;2946;2010;1308;0;0;1308;2010;2946;2946;2946;2946;2946;2946;2946;2946;2946;2946;2946;2946;2946;2946;2946;2946;2946;2946;2946;2946;2946;2946;2946;2946;2946;2946;2946;2946;2946;2946;2010;1308;0;0;0;0;0;0;0;
2010;2010;0;0;0;0;1308;2010;2010;2010;2010;2010;2010;2010;2010;2010;2010;2010;2010;2010;2010;2010;2010;2010;2010;2010;2010;2010;2010;2010;2010;2010;2010;2010;2010;2010;2010;2010;2010;1308;0;0;1308;2010;2010;2010;2010;2010;2010;242;2010;2010;2010;2010;2010;2010;1308;0;0;1308;2010;2010;2010;2010;2010;2010;2010;2010;2010;2010;2010;2010;2010;2010;2010;2010;2010;2010;2010;2010;2010;2010;2010;2010;2010;2010;2010;2010;2010;2010;2010;2010;1308;0;0;0;0;0;0;0;
0;2010;0;0;0;0;1308;1446;1446;1446;1446;1446;1446;1446;1446;1446;1446;1446;1446;1446;1446;1446;1446;1446;1446;1446;1446;1446;1446;1446;1446;1446;1446;1446;1446;1446;1446;1446;1446;1308;0;0;1308;0;0;0;0;0;0;0;0;0;0;0;0;0;1308;0;0;1308;1446;1446;1446;1446;1446;1446;1446;1446;1446;1446;1446;1446;1446;1446;1446;1446;1446;1446;1446;1446;1446;1446;1446;1446;1446;1446;1446;1446;1446;1446;1446;1446;1308;0;0;0;0;0;0;0;
2284;1436;0;0;0;0;1308;0;0;0;0;0;0;0;0;0;0;0;0;0;0;0;0;0;0;0;0;0;0;0;0;0;0;0;0;0;0;0;0;1308;0;0;1308;0;0;0;0;0;0;0;0;0;0;0;0;0;1308;0;0;1308;0;0;0;0;0;0;0;0;0;0;0;0;0;0;0;0;0;0;0;0;0;0;0;0;0;0;0;0;0;0;0;0;1308;0;0;0;0;0;0;0;
1278;1276;0;0;0;2293;1308;0;2978;2978;2978;2978;2978;2978;2978;2978;2978;2978;2978;2978;2978;2978;2978;2978;2978;2978;2978;2978;2978;2978;2978;2978;2978;2978;2978;2978;2978;2978;0;1308;0;0;1308;1752;0;0;0;0;2586;6;2586;0;0;0;0;1752;1308;0;0;1308;0;2978;2978;2978;2978;2978;2978;2978;2978;2978;2978;2978;2978;2978;2978;2978;2978;2978;2978;2978;2978;2978;2978;2978;2978;2978;2978;2978;2978;2978;2978;0;1308;0;0;0;0;0;0;0;
2010;2010;2010;2010;2010;2010;2010;2010;2946;2946;2946;2946;2946;2946;2946;2946;2946;2946;2946;2946;2946;2946;2946;2946;2946;2946;2946;2946;2946;2946;2946;2946;2946;2946;2946;2946;2946;2946;2010;2010;2010;2010;2010;2010;2010;2010;2010;2010;2010;8;2010;2010;2010;2010;2010;2010;2010;2010;2010;2010;2010;2946;2946;2946;2946;2946;2946;2946;2946;2946;2946;2946;2946;2946;2946;2946;2946;2946;2946;2946;2946;2946;2946;2946;2946;2946;2946;2946;2946;2946;2946;2010;2010;2010;2010;2010;2010;2010;2010;2010;
2010;2010;2010;2010;2010;2010;2010;2010;2010;2010;2010;2010;2010;2010;2010;2010;2010;2010;2010;2010;2010;2010;2010;2010;2010;2010;2010;2010;2010;2010;2010;2010;2010;2010;2010;2010;2010;2010;2010;2010;2010;2010;2010;2010;2010;2010;2010;2010;2010;2010;2010;2010;2010;2010;2010;2010;2010;2010;2010;2010;2010;2010;2010;2010;2010;2010;2010;2010;2010;2010;2010;2010;2010;2010;2010;2010;2010;2010;2010;2010;2010;2010;2010;2010;2010;2010;2010;2010;2010;2010;2010;2010;2010;2010;2010;2010;2010;2010;2010;2010;
8;8;8;8;8;8;8;8;8;8;8;8;8;8;8;8;8;8;8;8;8;8;8;8;8;8;8;8;8;8;8;8;8;8;8;8;8;8;8;8;8;8;8;8;8;8;8;8;8;8;8;8;8;8;8;8;8;8;8;8;8;8;8;8;8;8;8;8;8;8;8;8;8;8;8;8;8;8;8;8;8;8;8;8;8;8;8;8;8;8;8;8;8;8;8;8;8;8;8;8;
8;8;8;8;8;8;8;8;8;8;8;8;8;8;8;8;8;8;8;8;8;8;8;8;8;8;8;8;8;8;8;8;8;8;8;8;8;8;8;8;8;8;8;8;8;8;8;8;8;8;8;8;8;8;8;8;8;8;8;8;8;8;8;8;8;8;8;8;8;8;8;8;8;8;8;8;8;8;8;8;8;8;8;8;8;8;8;8;8;8;8;8;8;8;8;8;8;8;8;8;
8;8;8;8;8;8;8;8;8;8;8;8;8;8;8;8;8;8;8;8;8;8;8;8;8;8;8;8;8;8;8;8;8;8;8;8;8;8;8;8;8;8;8;8;8;8;8;8;8;8;8;8;8;8;8;8;8;8;8;8;8;8;8;8;8;8;8;8;8;8;8;8;8;8;8;8;8;8;8;8;8;8;8;8;8;8;8;8;8;8;8;8;8;8;8;8;8;8;8;8;
8;8;8;8;8;8;8;8;8;8;8;8;8;8;8;8;8;8;8;8;8;8;8;8;8;8;8;8;8;8;8;8;8;8;8;8;8;8;8;8;8;8;8;8;8;8;8;8;8;8;8;8;8;8;8;8;8;8;8;8;8;8;8;8;8;8;8;8;8;8;8;8;8;8;8;8;8;8;8;8;8;8;8;8;8;8;8;8;8;8;8;8;8;8;8;8;8;8;8;8;
8;8;8;8;8;8;8;8;8;8;8;8;8;8;8;8;8;8;8;8;8;8;8;8;8;8;8;8;8;8;8;8;8;8;8;8;8;8;8;8;8;8;8;8;8;8;8;8;8;8;8;8;8;8;8;8;8;8;8;8;8;8;8;8;8;8;8;8;8;8;8;8;8;8;8;8;8;8;8;8;8;8;8;8;8;8;8;8;8;8;8;8;8;8;8;8;8;8;8;8;
8;8;8;8;8;8;8;8;8;8;8;8;8;8;8;8;8;8;8;8;8;8;8;8;8;8;8;8;8;8;8;8;8;8;8;8;8;8;8;8;8;8;8;8;8;8;8;8;8;8;8;8;8;8;8;8;8;8;8;8;8;8;8;8;8;8;8;8;8;8;8;8;8;8;8;8;8;8;8;8;8;8;8;8;8;8;8;8;8;8;8;8;8;8;8;8;8;8;8;8;
