0;0;0;0;0;0;0;0;0;0;0;0;0;0;0;0;0;0;0;0;0;0;0;0;0;0;0;0;0;0;0;0;0;0;0;0;0;0;0;0;0;0;0;0;0;0;0;0;0;0;0;0;0;0;0;0;0;0;0;0;0;0;0;0;0;0;0;0;0;0;0;0;0;0;0;0;0;0;0;0;0;0;0;0;0;0;0;0;0;0;0;0;0;0;0;0;0;0;0;0;
0;0;0;0;0;0;0;0;0;0;0;0;0;0;0;0;0;0;0;0;0;0;0;0;0;0;0;0;0;0;0;0;0;0;0;0;0;0;0;0;0;0;0;0;0;0;0;0;0;0;0;0;0;0;0;0;0;0;0;0;0;0;0;0;0;0;0;0;0;0;0;0;0;0;0;0;0;0;0;0;0;0;0;0;0;0;0;0;0;0;0;0;0;0;0;0;0;0;0;0;
0;102;102;102;102;102;102;102;102;102;102;102;102;102;102;102;102;102;102;102;102;102;102;102;102;102;102;102;102;102;102;102;102;102;102;102;102;102;102;102;102;102;102;102;102;102;102;102;102;102;102;102;102;102;102;102;102;102;102;102;102;102;102;102;102;102;102;102;102;102;102;102;102;102;102;102;102;102;102;102;102;102;102;102;102;102;102;102;102;102;102;102;102;102;102;102;102;102;102;0;
0;0;0;0;0;0;0;0;0;0;0;0;0;0;0;0;0;0;0;0;0;0;0;0;0;0;0;0;0;0;0;0;0;0;0;0;0;0;0;0;0;0;0;0;0;0;0;0;0;0;0;0;0;0;0;0;3402;0;0;0;0;0;0;0;0;0;0;0;0;0;0;0;0;0;0;0;0;0;0;0;0;0;0;0;0;0;0;0;0;0;0;0;0;0;0;0;0;0;0;0;
0;102;102;102;102;102;102;102;102;102;102;102;102;102;102;102;102;102;102;102;102;102;102;102;102;102;102;102;102;102;102;102;102;102;102;102;102;102;102;102;102;102;102;102;102;102;102;102;102;102;102;102;102;102;102;102;102;102;102;102;102;102;102;102;102;102;102;102;102;102;102;102;102;102;102;102;102;102;102;102;102;102;102;102;102;102;102;102;102;102;102;102;102;102;102;102;102;102;102;0;
0;0;0;0;0;0;0;0;0;0;0;0;0;0;0;0;0;0;0;0;0;0;0;0;0;0;0;0;0;0;0;0;0;0;0;0;0;0;0;0;0;0;0;0;0;0;0;0;0;0;0;0;0;0;0;0;0;0;0;0;0;0;0;0;0;0;0;0;0;0;0;0;0;0;0;0;0;0;0;0;0;0;0;0;0;0;0;0;0;0;0;0;0;0;0;0;0;0;0;0;
0;102;102;102;102;102;102;102;102;102;102;102;102;102;102;102;102;102;102;102;102;102;102;102;102;102;102;102;102;102;102;102;102;102;102;102;102;102;102;102;102;102;102;102;102;102;102;102;102;102;102;102;102;102;102;102;102;102;102;102;102;102;102;102;102;102;102;102;102;102;102;102;102;102;102;102;102;102;102;102;102;102;102;102;102;102;102;102;102;102;102;102;102;102;102;102;102;102;102;0;
0;0;0;0;0;0;0;0;0;0;0;0;0;0;0;0;0;0;0;0;0;0;0;0;0;0;0;0;0;0;0;0;0;0;0;0;0;0;0;0;0;0;0;0;0;0;0;0;0;0;0;0;0;0;0;0;0;0;0;0;0;0;0;0;0;0;0;0;0;0;0;0;0;0;0;0;0;0;0;0;0;0;0;0;0;0;0;0;0;0;0;0;0;0;0;0;0;0;0;0;
0;102;102;102;102;102;102;102;102;102;102;102;102;102;102;102;102;102;102;102;102;102;102;102;102;102;102;102;102;102;102;102;102;102;102;102;102;102;102;102;102;102;102;102;102;102;102;102;102;102;102;102;102;102;102;102;102;102;102;102;102;102;102;102;102;102;102;102;102;102;102;102;102;102;102;102;102;102;102;102;102;102;102;102;102;102;102;102;102;102;102;102;102;102;102;102;102;102;102;0;
0;0;0;0;0;0;0;0;0;0;0;0;0;0;0;0;0;0;0;0;0;0;0;0;0;0;0;0;0;0;0;0;0;0;0;0;0;0;0;0;0;0;0;0;0;0;0;0;0;0;0;0;0;0;0;0;0;0;0;0;0;0;0;0;3402;0;0;0;0;0;0;0;0;0;0;0;0;0;0;0;0;0;0;0;0;0;0;0;0;0;0;0;0;0;0;0;0;0;0;0;
0;102;102;102;102;102;102;102;102;102;102;102;102;102;102;102;102;102;102;102;102;102;102;102;102;102;102;102;102;102;102;102;102;102;102;102;102;102;102;102;102;102;102;102;102;102;102;102;102;102;102;102;102;102;102;102;102;102;102;102;102;102;102;102;102;102;102;102;102;102;102;102;102;102;102;102;102;102;102;102;102;102;102;102;102;102;102;102;102;102;102;102;102;102;102;102;102;102;102;0;
0;0;0;0;0;0;0;0;0;0;0;0;0;0;0;0;0;0;0;0;0;0;0;0;0;0;0;0;0;0;0;0;0;0;0;0;0;0;0;0;0;0;0;0;0;0;0;0;0;0;0;0;0;0;0;0;0;0;0;0;0;0;0;0;0;0;0;0;0;0;0;0;0;0;0;0;0;0;0;0;0;0;0;0;0;0;0;0;0;0;0;0;0;0;0;0;0;0;0;0;
0;102;102;102;102;102;102;102;102;102;102;102;102;102;102;102;102;102;102;102;102;102;102;102;102;102;102;102;102;102;102;102;102;102;102;102;102;102;102;102;102;102;102;102;102;102;102;102;102;102;102;102;102;102;102;102;102;102;102;102;102;102;102;102;102;102;102;102;102;102;102;102;102;102;102;102;102;102;102;102;102;102;102;102;102;102;102;102;102;102;102;102;102;102;102;102;102;102;102;0;
0;0;0;0;0;0;0;0;0;0;0;0;0;0;0;0;0;0;0;0;0;0;0;0;0;0;0;0;0;0;0;0;0;0;0;0;0;0;0;0;0;0;0;0;0;0;0;0;0;0;0;0;0;0;0;0;0;0;0;0;0;0;0;0;0;0;0;0;0;0;0;0;0;0;0;0;0;0;0;0;0;0;0;0;0;0;0;0;0;0;0;0;0;0;0;0;0;3402;0;0;
0;102;102;102;102;102;102;102;102;102;102;102;102;102;102;102;102;102;102;102;102;102;102;102;102;102;102;102;102;102;102;102;102;102;102;102;102;102;102;102;102;102;102;102;102;102;102;102;102;102;102;102;102;102;102;102;102;102;102;102;102;102;102;102;102;102;102;102;102;102;102;102;102;102;102;102;102;102;102;102;102;102;102;102;102;102;102;102;102;102;102;102;102;102;102;102;102;102;102;0;
0;0;0;0;0;0;0;0;0;0;0;0;0;0;0;0;0;0;0;0;0;0;0;0;0;0;0;0;0;0;0;0;0;0;0;0;0;0;0;0;0;0;0;0;0;0;0;0;0;0;0;0;0;0;0;0;0;0;0;0;0;0;0;0;0;0;0;0;0;0;0;0;0;0;0;0;0;0;0;0;0;0;0;0;0;0;0;0;0;0;0;0;0;0;2;0;0;0;0;0;
0;102;102;102;102;102;102;102;102;102;102;102;102;102;102;102;102;102;102;102;102;102;102;102;102;102;102;102;102;102;102;102;102;102;102;102;102;102;102;102;102;102;102;102;102;102;102;102;102;102;102;102;102;102;102;102;102;102;102;102;102;102;102;102;102;102;102;102;102;102;102;102;102;102;102;102;102;102;102;102;102;102;102;102;102;102;102;102;102;102;102;102;102;102;102;102;102;102;102;0;
0;0;0;0;0;0;0;0;0;0;0;0;0;0;0;0;0;0;0;0;0;0;0;0;0;0;0;0;0;0;0;0;0;0;0;0;0;0;0;0;0;0;0;0;0;0;0;0;0;0;0;0;0;0;0;0;0;0;0;0;0;0;0;0;0;0;0;0;0;0;0;0;0;0;0;0;0;0;0;0;0;0;0;0;0;0;0;0;0;0;0;0;0;0;0;0;0;0;0;0;
0;102;168;168;168;168;168;168;168;168;168;168;168;168;168;168;168;168;168;168;168;168;168;168;168;168;168;168;168;168;168;168;168;168;168;168;168;168;168;168;168;168;168;168;168;168;168;168;168;168;168;168;168;168;168;168;168;168;168;168;168;168;168;168;168;478;168;478;168;224;168;478;168;478;168;168;168;168;168;168;168;168;168;168;168;168;168;168;168;168;168;168;168;168;168;168;168;168;60;168;
0;0;168;928;928;0;0;0;0;952;224;0;0;0;0;224;928;928;928;928;928;928;928;168;0;20;224;596;168;596;224;20;0;0;224;0;168;0;224;0;0;0;224;0;168;0;224;0;0;0;0;0;168;168;168;168;168;168;168;168;168;168;168;0;0;0;478;22;22;1364;190;190;478;0;0;224;0;168;0;224;0;0;0;224;0;168;0;224;0;0;0;224;0;168;0;224;0;0;0;168;
0;102;168;168;168;168;168;168;168;168;168;102;0;0;102;168;168;168;168;168;168;168;168;168;0;102;168;168;168;168;168;102;0;102;168;168;168;168;168;102;0;102;168;168;168;168;168;102;0;0;0;0;224;202;202;202;202;0;0;0;0;0;0;224;0;0;224;218;218;222;218;218;224;0;102;168;168;168;168;168;102;0;102;168;168;168;168;168;102;0;102;168;168;168;168;168;102;0;102;168;
0;0;168;928;928;928;928;928;928;928;224;0;0;0;0;224;928;928;928;928;928;928;928;168;0;20;224;596;168;596;224;20;0;0;224;0;168;0;224;0;0;0;224;0;168;0;224;0;0;0;0;102;168;202;202;202;202;102;102;102;102;102;102;168;102;0;102;478;478;226;478;478;102;0;0;224;0;168;0;224;0;0;0;224;0;168;0;224;0;0;0;224;0;168;0;224;0;0;0;168;
0;102;168;168;168;168;168;168;168;168;168;102;0;0;102;168;168;168;168;168;168;168;168;168;0;102;168;168;168;168;168;102;0;102;168;168;168;168;168;102;0;102;168;168;168;168;168;102;0;0;0;0;168;202;202;202;202;202;202;202;202;202;202;168;1196;0;0;260;1110;242;1110;260;0;0;102;168;168;168;168;168;102;0;102;168;168;168;168;168;102;0;102;168;168;168;168;168;102;0;102;168;
0;0;168;928;928;928;928;928;928;928;224;0;0;0;0;224;928;928;928;928;928;928;928;168;0;20;224;596;168;596;224;20;0;0;224;0;168;0;224;0;0;0;224;0;168;0;224;0;0;0;0;102;168;202;202;202;202;202;202;202;202;202;202;168;102;0;0;60;0;6;0;60;0;0;0;224;0;168;0;224;0;0;0;224;0;168;0;224;0;0;0;224;0;168;0;224;0;0;0;168;
0;102;168;168;168;168;168;168;168;168;168;102;0;0;102;168;168;168;168;168;168;168;168;168;0;102;168;168;168;168;168;102;0;102;168;168;168;168;168;102;0;102;168;168;168;168;168;102;0;0;0;0;168;168;168;168;168;168;168;168;168;168;168;168;0;0;0;1006;440;8;440;1006;0;0;102;168;168;168;168;168;102;0;102;168;168;168;168;168;102;0;102;168;168;168;168;168;102;0;102;168;
0;0;0;0;0;0;0;0;0;0;0;0;0;0;0;0;0;0;0;0;0;0;0;224;0;0;0;0;0;0;0;0;0;0;0;0;0;0;0;0;0;0;0;0;0;0;0;0;0;0;0;0;0;0;0;0;20;0;0;0;0;0;0;12;0;0;0;1110;260;444;260;1110;0;0;0;0;0;0;0;0;0;20;0;0;0;0;0;0;0;0;0;0;0;0;0;0;0;0;0;168;
0;102;168;168;168;168;168;168;168;168;168;168;168;168;168;168;168;168;168;168;168;168;168;168;168;168;168;168;168;168;168;168;168;168;168;168;168;168;168;168;168;168;168;168;168;168;168;168;168;168;168;168;168;168;168;168;168;168;168;168;168;168;168;168;102;224;478;260;478;102;478;260;478;224;102;168;168;168;168;168;168;168;168;168;168;168;168;168;168;168;168;168;168;168;168;168;168;60;168;168;
0;0;60;0;0;0;0;0;0;0;0;0;0;0;0;0;0;0;0;0;0;0;0;0;0;0;0;0;0;0;0;0;0;0;0;0;0;0;0;0;0;0;0;0;0;0;0;0;0;527;527;0;527;0;527;527;0;527;0;527;0;527;527;0;527;527;0;0;0;0;0;0;0;0;0;0;0;0;0;0;0;0;0;0;0;0;0;0;0;0;0;0;0;0;0;0;60;0;0;168;
0;102;168;168;168;168;168;168;168;168;168;168;168;168;168;168;168;168;168;168;168;168;168;168;168;168;168;168;168;168;168;168;168;168;168;168;168;168;168;168;168;168;168;168;168;168;168;168;168;168;168;168;168;168;168;168;168;168;168;168;168;168;168;168;168;168;168;168;102;224;102;168;168;168;168;168;168;168;168;168;168;168;168;168;168;168;168;168;168;168;168;168;168;168;168;168;168;102;0;168;
0;20;60;598;0;0;0;0;0;0;0;0;0;0;0;0;0;0;0;0;0;0;0;0;0;0;0;0;0;0;0;0;0;0;0;0;0;0;0;0;0;0;0;0;0;0;0;0;0;0;0;0;0;0;0;0;0;0;0;0;0;0;0;0;0;0;598;0;0;0;0;0;0;0;0;0;0;0;0;0;0;0;0;0;0;0;0;0;0;0;0;0;0;0;0;0;60;0;0;168;
0;102;168;166;166;166;166;166;166;166;166;166;166;166;166;166;166;166;166;166;166;166;166;166;166;166;166;166;166;166;166;166;166;166;166;166;166;166;166;166;166;166;166;166;166;166;166;166;166;166;166;166;166;166;166;166;166;166;166;166;166;166;166;166;166;166;166;224;166;166;166;224;166;166;166;166;166;166;166;166;166;166;166;166;166;166;166;166;166;166;166;166;166;166;166;166;166;102;0;168;
0;60;168;0;261;261;261;261;261;261;261;261;261;261;0;0;0;0;0;0;0;0;0;0;0;0;0;0;0;0;0;0;0;0;0;0;0;0;0;0;0;0;0;0;0;0;0;0;0;0;0;0;0;0;0;0;0;0;0;0;0;0;0;0;0;0;0;0;0;0;0;0;0;0;0;0;0;0;0;0;0;0;0;0;0;0;0;0;0;0;0;0;0;0;0;0;168;60;168;168;
0;0;0;0;102;102;102;102;102;102;102;102;102;102;102;102;102;102;102;102;102;102;102;102;102;102;102;102;102;102;102;102;102;102;102;102;102;102;102;102;102;102;102;102;102;102;102;102;102;102;102;102;102;102;102;102;102;102;102;102;102;102;102;102;102;102;0;102;102;102;102;102;0;102;102;102;102;102;102;102;102;102;102;102;102;102;102;102;102;102;102;102;102;102;102;0;0;0;0;168;
0;261;261;261;261;261;261;261;261;261;261;261;261;261;261;261;261;261;261;261;261;261;261;261;261;261;261;261;261;261;261;261;261;261;261;261;261;261;261;261;261;261;261;261;261;261;261;261;261;261;261;261;261;261;261;261;261;261;261;261;261;261;261;261;261;261;261;261;261;261;261;261;261;261;261;261;261;261;261;261;261;261;261;261;261;261;261;261;261;261;261;261;261;261;261;261;261;261;0;168;
0;102;102;102;102;102;102;102;102;102;102;102;102;102;102;102;102;102;102;102;102;102;102;102;102;102;102;102;102;102;102;102;102;102;102;102;102;102;102;102;102;102;102;102;102;102;102;102;102;102;102;102;102;102;102;102;102;102;102;102;102;102;102;102;102;102;102;102;102;102;102;102;102;102;102;102;102;102;102;102;102;102;102;102;102;102;102;102;102;102;102;102;102;102;102;102;102;102;0;168;
0;0;0;0;0;0;0;0;0;0;0;0;0;0;0;0;0;0;0;0;0;0;0;0;0;0;0;0;0;0;0;0;0;0;0;0;0;0;0;0;0;0;0;0;0;0;0;0;0;0;0;0;0;0;0;0;0;0;0;0;0;0;0;0;0;0;0;0;0;0;0;0;0;0;0;0;0;0;0;0;0;0;0;0;0;0;0;0;0;0;0;0;0;0;0;0;0;0;0;168;
0;102;102;102;102;102;102;102;102;102;102;102;102;102;102;102;102;102;102;102;102;102;102;102;102;102;102;102;102;102;102;102;102;102;102;102;102;102;102;102;102;102;102;102;102;102;102;102;102;102;102;102;102;102;102;102;102;102;102;102;102;102;102;102;102;102;102;102;102;102;102;102;102;102;102;102;102;102;102;102;102;102;102;102;102;102;102;102;102;102;102;102;102;102;102;102;102;102;0;168;
0;0;0;0;0;0;0;0;0;0;0;0;0;0;0;0;0;0;0;0;0;0;0;0;0;0;0;0;0;0;0;0;0;0;0;0;0;0;0;0;0;0;0;0;0;0;0;0;0;0;0;0;0;0;0;0;0;0;0;0;0;0;0;0;0;0;0;0;0;0;0;0;0;0;0;0;0;0;0;0;0;0;0;0;0;0;0;0;0;0;0;0;0;0;0;0;0;0;0;168;
0;102;102;102;102;102;102;102;102;102;102;102;102;102;102;102;102;102;102;102;102;102;102;102;102;102;102;102;102;102;102;102;102;102;102;102;102;102;102;102;102;102;102;102;102;102;102;102;102;102;102;102;102;102;102;102;102;102;102;102;102;102;102;102;102;102;102;102;102;102;102;102;102;102;102;102;102;102;102;102;102;102;102;102;102;102;102;102;102;102;102;102;102;102;102;102;102;102;0;168;
0;0;0;0;0;0;0;0;0;0;0;0;0;0;0;0;0;0;0;0;0;0;0;0;0;0;0;0;0;0;0;0;0;0;0;0;0;0;0;0;0;0;0;0;0;0;0;0;0;0;0;0;0;0;0;0;0;0;0;0;0;0;0;0;0;0;0;0;0;0;0;0;0;0;0;0;0;0;0;0;0;0;0;0;0;0;0;0;0;0;0;0;0;0;0;0;0;0;0;168;
0;102;102;102;102;102;102;102;102;102;102;102;102;102;102;102;102;102;102;102;102;102;102;102;102;102;102;102;102;102;102;102;102;102;102;102;102;102;102;102;102;102;102;102;102;102;102;102;102;102;102;102;102;102;102;102;102;102;102;102;102;102;102;102;102;102;102;102;102;102;102;102;102;102;102;102;102;102;102;102;102;102;102;102;102;102;102;102;102;102;102;102;102;102;102;102;102;102;0;168;
0;0;0;0;0;0;0;0;0;0;0;0;0;0;0;0;0;0;0;0;0;0;0;0;0;0;0;0;0;0;0;0;0;0;0;0;0;0;0;0;0;0;0;0;0;0;0;0;0;0;0;0;0;0;0;0;0;0;0;0;0;0;0;0;0;0;0;0;0;0;0;0;0;0;0;0;0;0;0;0;0;0;0;0;0;0;0;0;0;0;0;0;0;0;0;0;0;0;0;168;
0;102;102;102;102;102;102;102;102;102;102;102;102;102;102;102;102;102;102;102;102;102;102;102;102;102;102;102;102;102;102;102;102;102;102;102;102;102;102;102;102;102;102;102;102;102;102;102;102;102;102;102;102;102;102;102;102;102;102;102;102;102;102;102;102;102;102;102;102;102;102;102;102;102;102;102;102;102;102;102;102;102;102;102;102;102;102;102;102;102;102;102;102;102;102;102;102;102;0;168;
0;0;0;0;0;0;0;0;0;0;0;0;0;0;0;0;0;0;0;0;0;0;0;0;0;0;0;0;0;0;0;0;0;0;0;0;0;0;0;0;0;0;0;0;0;0;0;0;0;0;0;0;0;0;0;0;0;0;0;0;0;0;0;0;0;0;0;0;0;0;0;0;0;0;0;0;0;0;0;0;0;0;0;0;0;0;0;0;0;0;0;0;0;0;0;0;0;0;0;168;
0;102;102;102;102;102;102;102;102;102;102;102;102;102;102;102;102;102;102;102;102;102;102;102;102;102;102;102;102;102;102;102;102;102;102;102;102;102;102;102;102;102;102;102;102;102;102;102;102;102;102;102;102;102;102;102;102;102;102;102;102;102;102;102;102;102;102;102;102;102;102;102;102;102;102;102;102;102;102;102;102;102;102;102;102;102;102;102;102;102;102;102;102;102;102;102;102;102;0;168;
0;0;0;0;0;0;0;0;0;0;0;0;0;0;0;0;0;0;0;0;0;0;0;0;0;0;0;0;0;0;0;0;0;0;0;0;0;0;0;0;0;0;0;0;0;0;0;0;0;0;0;0;0;0;0;0;0;0;0;0;0;0;0;0;0;0;0;0;0;0;0;0;0;0;0;0;0;0;0;0;0;0;0;0;0;0;0;0;0;0;0;0;0;0;0;0;0;0;0;168;
0;102;102;102;102;102;102;102;102;102;102;102;102;102;102;102;102;102;102;102;102;102;102;102;102;102;102;102;102;102;102;102;102;102;102;102;102;102;102;102;102;102;102;102;102;102;102;102;102;102;102;102;102;102;102;102;102;102;102;102;102;102;102;102;102;102;102;102;102;102;102;102;102;102;102;102;102;102;102;102;102;102;102;102;102;102;102;102;102;102;102;102;102;102;102;102;102;102;0;168;
0;0;0;0;0;0;0;0;0;0;0;0;0;0;0;0;0;0;0;0;0;0;0;0;0;0;0;0;0;0;0;0;0;0;0;0;0;0;0;0;0;0;0;0;0;0;0;0;0;0;0;0;0;0;0;0;0;0;0;0;0;0;0;0;0;0;0;0;0;0;0;0;0;0;0;0;0;0;0;0;0;0;0;0;0;0;0;0;0;0;0;0;0;0;0;0;0;0;0;168;
0;102;102;102;102;102;102;102;102;102;102;102;102;102;102;102;102;102;102;102;102;102;102;102;102;102;102;102;102;102;102;102;102;102;102;102;102;102;102;102;102;102;102;102;102;102;102;102;102;102;102;102;102;102;102;102;102;102;102;102;102;102;102;102;102;102;102;102;102;102;102;102;102;102;102;102;102;102;102;102;102;102;102;102;102;102;102;102;102;102;102;102;102;102;102;102;102;102;0;168;
0;0;0;0;0;0;0;0;0;0;0;0;0;0;0;0;0;0;0;0;0;0;0;0;0;0;0;0;0;0;0;0;0;0;0;0;0;0;0;0;0;0;0;0;0;0;0;0;0;0;0;0;0;0;0;0;0;0;0;0;0;0;0;0;0;0;0;0;0;0;0;0;0;0;0;0;0;0;0;0;0;0;0;0;0;0;0;0;0;0;0;0;0;0;0;0;0;0;0;168;
0;102;102;102;102;102;102;102;102;102;102;102;102;102;102;102;102;102;102;102;102;102;102;102;102;102;102;102;102;102;102;102;102;102;102;102;102;102;102;102;102;102;102;102;102;102;102;102;102;102;102;102;102;102;102;102;102;102;102;102;102;102;102;102;102;102;102;102;102;102;102;102;102;102;102;102;102;102;102;102;102;102;102;102;102;102;102;102;102;102;102;102;102;102;102;102;102;102;0;168;
0;0;0;0;0;0;0;0;0;0;0;0;0;0;0;0;0;0;0;0;0;0;0;0;0;0;0;0;0;0;0;0;0;0;0;0;0;0;0;0;0;0;0;0;0;0;0;0;0;0;0;0;0;0;0;0;0;0;0;0;0;0;0;0;0;0;0;0;0;0;0;0;0;0;0;0;0;0;0;0;0;0;0;0;0;0;0;0;0;0;0;0;0;0;0;0;0;0;0;168;
0;102;102;102;102;102;102;102;102;102;102;102;102;102;102;102;102;102;102;102;102;102;102;102;102;102;102;102;102;102;102;102;102;102;102;102;102;102;102;102;102;102;102;102;102;102;102;102;102;102;102;102;102;102;102;102;102;102;102;102;102;102;102;102;102;102;102;102;102;102;102;102;102;102;102;102;102;102;102;102;102;102;102;102;102;102;102;102;102;102;102;102;102;102;102;102;102;102;0;168;
0;0;0;0;0;0;0;0;0;0;0;0;0;0;0;0;0;0;0;0;0;0;0;0;0;0;0;0;0;0;0;0;0;0;0;0;0;0;0;0;0;0;0;0;0;0;0;0;0;0;0;0;0;0;0;0;0;0;0;0;0;0;0;0;0;0;0;0;0;0;0;0;0;0;0;0;0;0;0;0;0;0;0;0;0;0;0;0;0;0;0;0;0;0;0;0;0;0;0;168;
8;8;8;8;8;8;8;8;8;8;8;8;8;8;8;8;8;8;8;8;8;8;8;8;8;8;8;8;8;8;8;8;8;8;8;8;8;8;8;8;8;8;8;8;8;8;8;8;8;8;8;8;8;8;8;8;8;8;8;8;8;8;8;8;8;8;8;8;8;8;8;8;8;8;8;8;8;8;8;8;8;8;8;8;8;8;8;8;8;8;8;8;8;8;8;8;8;8;8;8;
8;8;8;8;8;8;8;8;8;8;8;8;8;8;8;8;8;8;8;8;8;8;8;8;8;8;8;8;8;8;8;8;8;8;8;8;8;8;8;8;8;8;8;8;8;8;8;8;8;8;8;8;8;8;8;8;8;8;8;8;8;8;8;8;8;8;8;8;8;8;8;8;8;8;8;8;8;8;8;8;8;8;8;8;8;8;8;8;8;8;8;8;8;8;8;8;8;8;8;8;
8;8;8;8;8;8;8;8;8;8;8;8;8;8;8;8;8;8;8;8;8;8;8;8;8;8;8;8;8;8;8;8;8;8;8;8;8;8;8;8;8;8;8;8;8;8;8;8;8;8;8;8;8;8;8;8;8;8;8;8;8;8;8;8;8;8;8;8;8;8;8;8;8;8;8;8;8;8;8;8;8;8;8;8;8;8;8;8;8;8;8;8;8;8;8;8;8;8;8;8;
8;8;8;8;8;8;8;8;8;8;8;8;8;8;8;8;8;8;8;8;8;8;8;8;8;8;8;8;8;8;8;8;8;8;8;8;8;8;8;8;8;8;8;8;8;8;8;8;8;8;8;8;8;8;8;8;8;8;8;8;8;8;8;8;8;8;8;8;8;8;8;8;8;8;8;8;8;8;8;8;8;8;8;8;8;8;8;8;8;8;8;8;8;8;8;8;8;8;8;8;
8;8;8;8;8;8;8;8;8;8;8;8;8;8;8;8;8;8;8;8;8;8;8;8;8;8;8;8;8;8;8;8;8;8;8;8;8;8;8;8;8;8;8;8;8;8;8;8;8;8;8;8;8;8;8;8;8;8;8;8;8;8;8;8;8;8;8;8;8;8;8;8;8;8;8;8;8;8;8;8;8;8;8;8;8;8;8;8;8;8;8;8;8;8;8;8;8;8;8;8;
8;8;8;8;8;8;8;8;8;8;8;8;8;8;8;8;8;8;8;8;8;8;8;8;8;8;8;8;8;8;8;8;8;8;8;8;8;8;8;8;8;8;8;8;8;8;8;8;8;8;8;8;8;8;8;8;8;8;8;8;8;8;8;8;8;8;8;8;8;8;8;8;8;8;8;8;8;8;8;8;8;8;8;8;8;8;8;8;8;8;8;8;8;8;8;8;8;8;8;8;
