0;0;0;0;0;0;0;0;0;0;0;0;0;0;0;0;0;0;0;0;0;0;0;0;0;0;0;0;0;0;0;0;0;0;0;0;0;0;0;0;0;0;0;0;0;0;0;0;0;0;0;0;0;0;0;0;0;0;0;0;0;0;0;0;0;0;0;0;0;0;0;0;0;0;0;0;0;0;0;0;0;0;0;0;0;0;0;0;0;0;0;0;0;0;0;0;0;0;0;0;
0;0;0;0;0;0;0;0;0;0;0;0;0;0;0;0;0;0;0;0;0;0;0;0;0;0;0;0;0;0;0;0;0;0;0;0;0;0;0;0;0;0;0;0;0;0;0;0;0;0;0;0;0;0;0;0;0;0;0;0;0;0;0;0;0;0;0;0;0;0;0;0;0;0;0;0;0;0;0;0;0;0;0;0;0;0;0;0;0;0;0;0;0;0;0;0;0;0;0;0;
0;0;0;0;0;0;0;0;0;0;0;0;0;0;0;0;0;0;0;0;0;0;0;0;0;0;0;0;0;0;0;0;0;0;0;0;0;0;0;0;0;0;0;0;0;0;0;0;0;0;0;0;0;0;0;0;0;0;0;0;0;0;0;0;0;0;0;0;0;0;0;0;0;0;0;0;0;0;0;0;0;0;0;0;0;0;0;0;0;0;0;0;0;0;0;0;0;0;0;0;
0;0;0;0;0;0;0;0;0;0;0;0;0;0;0;0;0;0;0;0;0;0;0;0;0;0;0;0;0;0;0;0;0;0;0;0;0;0;0;0;0;0;0;0;0;0;0;0;0;0;0;0;0;0;0;0;0;0;0;0;0;0;0;0;0;0;0;0;0;0;0;0;0;0;0;0;0;0;0;0;0;0;0;0;0;0;0;0;0;0;0;0;0;0;0;0;0;0;0;0;
0;0;0;0;0;0;0;0;0;0;0;0;0;0;0;0;0;0;0;0;0;0;0;0;0;0;0;0;0;0;0;0;0;0;0;0;0;0;0;0;0;0;0;0;0;0;0;0;0;0;0;0;0;0;0;0;0;0;0;0;0;0;0;0;0;0;0;0;0;0;0;0;0;0;0;0;0;0;0;0;0;0;0;0;0;0;0;0;0;0;0;0;0;0;0;0;0;0;0;0;
0;0;0;0;0;0;0;0;0;0;0;0;0;0;0;0;0;0;0;0;0;0;0;0;0;0;0;0;0;0;0;0;0;0;0;0;0;0;0;0;0;0;0;0;0;0;0;0;0;0;0;0;0;0;0;0;0;0;0;0;0;0;0;0;0;0;0;0;0;0;0;0;0;0;0;0;0;0;0;0;0;0;0;0;0;0;0;0;0;0;0;0;0;0;0;0;0;0;0;0;
0;0;0;0;0;0;0;0;0;0;0;0;0;0;0;0;0;0;0;0;0;0;0;0;0;0;0;0;0;0;0;0;0;0;0;0;0;0;0;0;0;0;0;0;0;0;0;0;0;0;0;0;0;0;0;0;0;0;0;0;0;0;0;0;0;0;0;0;0;0;0;0;0;0;0;0;0;0;0;0;0;0;0;0;0;0;0;0;0;0;0;0;0;0;0;0;0;0;0;0;
0;0;0;0;0;0;0;0;0;0;0;0;0;0;0;0;0;0;0;0;0;0;0;0;0;0;0;0;0;0;0;0;0;0;0;0;0;0;0;0;0;0;0;0;0;0;0;0;0;0;0;0;0;0;0;0;0;0;0;0;0;0;0;0;0;0;0;0;0;0;0;0;0;0;0;0;0;0;0;0;0;0;0;0;0;0;0;0;0;0;0;0;0;0;0;0;0;0;0;0;
0;0;0;0;0;0;0;0;0;0;0;0;0;0;0;0;0;0;0;0;0;0;0;0;0;0;0;0;0;0;0;0;0;0;0;0;0;0;0;0;0;0;0;0;0;0;0;0;0;0;0;0;0;0;0;0;0;0;0;0;0;0;0;0;0;0;0;0;0;0;0;0;0;0;0;0;0;0;0;0;0;0;0;0;0;0;0;0;0;0;0;0;0;0;0;0;0;0;0;0;
0;0;0;0;0;0;0;0;0;0;0;0;0;0;0;0;0;0;0;0;0;0;0;0;0;0;0;0;0;0;0;0;0;0;0;0;0;0;0;0;0;0;0;0;0;0;0;0;0;0;0;0;0;0;0;0;0;0;0;0;0;0;0;0;0;0;0;0;0;0;0;0;0;0;0;0;0;0;0;0;0;0;0;0;0;0;0;0;0;0;0;0;0;0;0;0;0;0;0;0;
0;0;0;0;0;0;0;0;0;0;0;0;0;0;0;0;0;0;0;100;0;0;0;0;0;0;0;0;0;0;0;0;0;0;0;0;0;0;0;0;0;0;0;0;0;0;0;0;0;0;0;0;0;0;0;0;0;0;0;0;0;0;0;0;0;0;0;0;0;0;0;0;554;0;0;0;0;0;0;0;0;0;0;0;0;0;0;0;0;0;0;0;0;0;0;0;0;0;0;0;
0;0;0;0;0;0;0;0;0;0;0;0;0;0;0;0;0;0;0;0;0;0;0;659;0;0;0;0;0;0;0;0;0;0;0;0;0;0;0;0;0;0;0;0;0;0;0;0;0;0;0;0;0;0;0;0;0;0;0;0;0;0;0;0;0;0;0;0;0;0;0;0;0;0;0;0;554;554;0;0;0;0;0;0;0;0;0;0;0;0;0;0;0;0;0;0;0;0;0;0;
0;0;0;0;0;0;0;0;0;100;0;0;0;0;0;0;0;0;0;0;100;0;0;100;0;0;0;0;0;0;0;0;0;0;0;0;554;0;0;0;0;0;0;0;0;0;0;0;0;554;0;0;0;100;0;0;0;0;0;0;0;0;0;0;0;0;0;554;0;0;0;0;0;0;0;0;0;0;0;0;0;0;0;0;0;0;0;0;0;0;0;0;0;0;0;0;0;0;0;0;
0;0;0;0;0;0;0;0;0;0;0;0;0;0;0;0;0;0;0;0;0;0;0;554;0;0;0;0;0;0;0;0;0;554;0;0;0;0;0;0;0;0;0;0;0;0;0;0;0;0;0;0;0;0;0;0;0;0;0;0;0;0;0;0;0;0;0;0;0;0;0;0;0;0;0;0;0;0;0;0;0;0;0;0;0;0;0;0;0;0;0;0;0;0;0;0;0;0;0;0;
0;0;0;0;0;0;0;0;0;0;0;0;0;0;0;0;0;0;0;0;0;0;0;0;0;0;0;0;0;0;0;0;0;0;0;0;0;0;0;0;0;0;0;0;0;554;0;0;0;0;0;0;0;0;0;100;0;0;0;0;0;0;0;0;0;0;0;0;0;0;0;0;0;0;0;0;0;0;0;0;0;0;0;0;0;0;100;0;0;0;0;0;0;0;0;0;0;0;0;0;
0;0;0;0;0;0;0;0;100;0;0;0;0;0;0;0;0;554;0;0;0;0;0;0;0;0;0;0;0;0;100;0;0;0;0;0;0;0;0;0;0;0;0;0;0;0;0;0;0;0;0;0;0;0;0;0;0;0;0;0;0;0;0;0;0;0;0;0;0;0;0;0;0;0;0;0;0;0;167;0;0;0;0;0;0;0;0;100;0;0;0;0;0;0;0;0;0;0;0;0;
0;0;0;0;0;0;0;0;0;0;0;0;0;0;0;0;0;0;0;0;0;0;0;0;0;0;0;0;0;0;0;0;0;0;0;0;0;0;0;0;0;0;0;0;0;0;0;0;0;0;0;0;0;0;0;0;0;0;0;0;0;0;0;0;554;0;0;0;0;0;0;0;0;0;0;0;0;0;100;0;0;0;0;0;0;0;0;0;0;0;0;0;0;0;0;0;0;0;0;0;
0;0;0;0;0;0;0;0;0;0;0;0;0;0;0;0;0;0;0;0;100;0;0;659;0;0;0;0;0;0;0;0;0;0;0;0;0;0;0;0;0;0;0;0;0;0;0;0;0;0;0;0;0;0;0;0;0;0;0;0;0;0;0;0;0;0;0;0;0;0;0;0;0;0;0;0;0;0;100;0;0;0;0;0;0;0;0;0;0;0;0;0;0;0;0;0;0;0;0;0;
0;0;0;0;0;0;0;0;0;0;0;0;0;0;0;0;0;0;0;0;0;0;100;100;0;0;0;0;0;0;0;0;0;100;0;0;0;0;100;0;0;0;0;0;0;0;0;0;0;0;0;0;0;0;100;0;0;0;0;0;0;0;0;0;0;0;0;0;0;0;100;0;0;0;0;0;0;0;0;0;0;0;167;0;0;0;0;0;0;0;0;0;0;0;0;0;0;0;0;0;
0;0;0;0;0;0;0;0;0;0;0;0;0;0;0;100;0;0;0;0;0;0;0;0;0;100;0;0;0;0;0;0;0;0;0;0;0;0;0;0;0;0;0;0;0;0;0;0;0;0;0;0;0;0;0;0;0;0;0;0;0;0;0;0;0;0;0;0;0;0;0;0;0;0;0;0;0;0;0;0;0;0;100;0;0;0;0;0;0;0;0;0;0;0;0;0;0;0;0;0;
0;0;0;0;0;0;0;0;0;0;0;0;0;0;0;0;0;0;0;0;0;0;0;0;0;0;0;0;0;0;0;0;0;0;0;0;0;0;0;0;0;0;0;0;0;0;0;0;0;100;0;0;0;0;0;0;0;0;0;100;0;0;0;0;0;100;0;0;0;0;1155;1155;1155;1155;1155;1155;1155;1155;1155;1155;167;167;167;167;0;0;0;0;0;0;0;0;0;0;0;0;0;0;0;0;
0;0;0;0;0;0;0;0;0;0;0;0;0;100;0;0;0;0;0;0;0;0;0;0;0;0;100;0;0;0;0;0;0;0;0;0;0;0;0;0;0;0;100;0;0;0;0;0;0;0;0;0;0;0;0;0;0;0;0;0;0;668;668;668;668;0;0;0;0;0;1776;1776;1776;1776;1776;1776;100;1776;1776;1776;1776;1776;1776;1776;0;0;0;0;0;0;0;0;0;0;0;0;0;0;0;0;
0;0;0;0;0;0;0;0;0;0;0;0;100;0;0;0;0;0;0;0;0;0;0;0;0;0;0;0;100;0;0;0;0;0;0;0;0;0;0;0;0;0;0;0;0;0;0;0;0;0;686;0;0;0;0;0;0;0;101;0;0;668;0;0;668;0;0;0;0;0;0;0;0;0;0;0;0;0;0;0;0;0;0;0;0;0;0;0;0;0;0;100;0;0;0;0;0;0;0;0;
0;0;0;0;0;0;0;0;0;0;0;0;0;0;0;0;0;0;0;0;0;0;0;0;0;0;0;0;0;0;0;0;0;0;0;0;0;0;0;0;0;0;0;0;0;0;0;0;100;1256;0;100;0;0;0;0;0;0;0;0;0;224;0;0;668;0;0;0;0;0;0;0;0;0;0;0;0;0;0;0;0;0;0;0;0;0;0;0;0;0;0;0;0;0;0;0;100;0;0;0;
0;0;0;0;0;0;0;0;0;0;0;0;0;0;0;0;0;0;0;0;0;0;0;0;0;0;0;0;0;0;0;0;0;0;0;0;0;0;0;0;0;0;0;0;0;0;0;0;0;554;554;0;0;0;0;0;0;0;0;0;0;100;100;100;100;0;0;0;0;0;0;0;0;0;0;0;0;0;0;0;0;0;0;0;0;0;0;0;0;0;0;0;0;0;0;0;0;0;0;0;
0;0;0;0;0;0;0;0;0;0;0;0;0;0;0;0;0;0;0;0;0;0;0;0;0;0;0;0;0;0;0;669;0;0;0;0;0;0;0;0;0;0;0;0;0;0;0;0;0;0;0;195;101;21;20;0;321;103;0;934;0;224;0;0;224;0;0;0;0;0;0;0;0;0;0;0;0;0;0;0;0;0;0;0;0;0;0;0;0;0;0;0;0;0;0;0;0;0;0;0;
100;100;100;100;100;100;100;100;100;100;100;100;100;100;100;100;100;100;100;100;100;100;100;100;100;100;100;100;100;100;100;100;100;100;100;100;100;100;100;100;100;100;100;100;100;100;100;100;100;224;224;100;100;100;100;100;100;100;100;100;100;166;224;202;166;100;100;100;100;100;100;100;100;100;100;100;100;100;100;100;100;100;100;100;100;100;100;100;100;100;100;100;100;100;100;100;100;100;100;100;
0;0;0;0;0;0;0;0;0;0;0;0;0;0;0;0;0;0;0;0;0;0;0;0;0;0;0;0;0;0;0;0;0;0;0;0;0;0;0;0;0;0;0;0;0;0;0;0;0;0;1490;0;0;0;0;0;0;0;0;0;0;0;0;0;0;0;0;0;0;0;0;0;0;0;0;0;0;0;0;0;0;0;0;0;0;0;0;0;0;0;0;0;0;0;0;0;0;0;0;0;
0;0;0;0;0;0;0;0;0;0;0;0;0;0;0;0;0;0;0;0;0;0;0;0;0;0;0;0;0;0;0;0;0;0;0;0;0;0;0;0;0;0;554;554;554;554;554;554;554;554;554;554;554;554;554;554;554;0;0;0;0;0;0;0;0;0;0;0;0;0;0;0;0;0;0;0;0;0;0;0;0;0;0;0;0;0;0;0;0;0;0;0;0;0;0;0;0;0;0;0;
0;0;0;0;0;0;0;0;0;0;0;0;0;0;0;0;0;0;0;0;0;0;0;0;0;0;0;0;0;0;0;0;0;0;0;0;0;0;0;0;0;0;554;2708;2708;2708;2708;554;554;554;554;2708;554;554;554;2708;554;0;0;0;0;0;0;0;0;0;0;0;0;0;2978;2978;2978;0;0;0;0;0;0;0;0;0;0;0;0;0;0;0;0;0;0;0;0;0;0;0;0;0;0;0;
0;0;0;0;0;0;0;0;0;0;0;0;0;0;0;0;0;0;0;0;0;0;0;0;0;0;0;0;0;0;0;0;0;0;0;0;0;0;0;0;0;0;554;2708;554;554;554;554;554;2708;554;554;2708;554;2708;554;554;0;0;0;0;0;0;0;0;0;0;0;0;478;2946;2946;2946;478;0;0;0;0;0;0;0;0;0;0;0;0;0;0;0;0;0;0;0;0;0;0;0;0;0;0;
0;0;0;0;0;0;0;0;0;0;0;0;0;0;0;0;0;0;0;0;0;0;0;0;0;0;0;0;0;0;0;0;0;0;0;0;0;0;0;0;0;0;554;2708;2708;2708;2708;554;2708;2708;2708;554;554;2708;554;554;554;0;0;0;2978;2978;2978;0;0;0;0;0;0;0;478;478;478;0;0;0;0;0;0;0;0;0;0;0;0;0;0;0;0;0;0;0;0;0;0;0;0;0;0;0;
0;0;0;0;0;0;0;0;0;0;0;0;0;0;0;0;0;0;0;0;0;0;0;0;0;0;0;0;0;0;0;0;0;0;0;0;0;0;0;0;0;0;554;554;554;554;2708;554;554;2708;554;554;2708;554;2708;554;554;0;0;478;2946;2946;2946;478;0;0;0;0;0;0;0;478;0;0;0;0;0;0;0;0;0;0;0;0;0;0;0;0;0;0;0;0;0;0;0;0;0;0;0;0;
0;0;0;0;0;0;0;0;0;0;0;0;0;0;0;0;2978;2978;2978;0;0;0;0;0;0;0;0;0;0;0;0;0;0;0;0;0;0;0;0;0;0;0;554;2708;2708;2708;2708;554;554;554;554;2708;554;554;554;2708;554;0;0;0;478;478;478;0;0;0;2978;2978;2978;0;0;0;0;0;0;0;0;0;0;0;0;0;0;0;0;0;0;0;0;0;0;0;0;0;0;0;0;0;0;0;
0;0;0;0;0;0;0;0;0;0;0;0;0;0;0;478;2946;2946;2946;478;0;0;0;0;0;0;0;0;0;0;0;0;0;0;0;0;0;0;0;0;0;0;554;554;554;554;554;554;554;554;554;554;554;554;554;554;554;0;0;0;0;478;0;0;0;478;2946;2946;2946;478;0;0;0;0;0;0;0;0;0;0;0;0;0;0;0;0;0;0;0;0;0;0;0;0;0;0;0;0;0;0;
0;0;0;0;0;0;0;0;0;0;0;0;0;0;0;0;478;478;478;0;0;0;668;0;0;0;554;0;0;0;2978;2978;2978;0;0;0;0;0;0;554;0;0;0;0;0;0;0;0;0;0;0;0;0;0;0;0;0;0;0;0;0;0;0;0;0;0;478;478;478;0;0;0;0;0;0;2978;2978;2978;0;0;0;0;0;0;0;0;0;0;0;0;0;0;0;0;0;0;0;0;0;0;
0;0;0;0;0;0;0;0;0;0;0;0;0;0;0;0;0;478;0;0;0;0;0;0;0;0;0;0;0;478;2946;2946;2946;478;0;0;0;0;0;0;0;0;0;0;0;0;0;0;0;0;0;0;0;0;0;0;0;0;0;0;0;0;0;0;0;0;0;478;0;0;0;554;0;0;478;2946;2946;2946;478;0;0;0;0;0;0;0;0;0;0;0;0;0;0;0;0;0;0;0;0;0;
0;0;0;0;0;0;0;0;0;0;0;0;0;0;0;0;0;0;0;0;0;2978;2978;2978;0;0;0;0;0;0;478;478;478;0;0;0;0;0;0;0;0;0;2978;2978;2978;0;0;0;0;0;0;0;0;0;0;0;2978;2978;2978;0;0;0;0;0;0;0;0;0;0;0;0;0;0;0;0;478;478;478;0;0;0;0;0;0;0;0;0;0;0;0;0;0;0;0;0;0;0;0;0;0;
0;0;0;0;0;0;0;0;0;0;0;0;0;0;0;0;0;0;0;0;478;2946;2946;2946;478;0;0;0;0;0;0;478;0;0;0;0;0;0;0;0;0;478;2946;2946;2946;478;0;0;0;0;0;0;0;0;0;478;2946;2946;2946;478;0;0;0;0;0;0;0;0;0;0;0;0;0;0;0;0;478;0;0;0;554;0;0;0;0;0;0;0;0;0;0;0;0;0;0;0;0;0;0;0;
0;0;0;0;0;0;0;0;0;0;0;0;0;0;0;0;2978;2978;2978;0;0;478;478;478;0;0;0;0;0;0;0;0;0;0;0;0;554;0;0;0;0;0;478;478;478;0;0;0;0;0;0;0;0;0;0;0;478;478;478;0;0;0;0;0;0;0;0;0;0;0;0;0;0;0;0;0;0;0;0;0;0;0;0;0;0;0;0;0;0;0;0;0;0;0;0;0;0;0;0;0;
0;0;0;0;0;0;0;0;0;0;0;0;0;0;0;478;2946;2946;2946;478;0;0;478;0;0;0;2978;2978;2978;0;0;0;0;0;0;0;0;0;0;0;0;0;0;478;0;0;0;554;0;0;0;0;0;0;554;0;0;478;0;0;0;0;0;2978;2978;2978;0;0;0;554;0;0;0;0;0;0;0;0;0;0;0;0;554;554;554;0;554;554;554;0;554;554;554;0;554;554;554;0;0;0;
0;0;0;0;0;0;0;0;0;0;0;0;0;0;0;0;478;478;478;0;0;0;0;0;0;478;2946;2946;2946;478;0;0;0;0;0;2978;2978;2978;0;0;0;0;0;0;0;0;0;0;0;0;2978;2978;2978;1159;0;0;0;0;0;0;0;0;478;2946;2946;2946;478;0;0;0;0;0;2978;2978;2978;0;0;554;0;0;0;0;2946;2946;2946;0;2946;2946;2946;0;2946;2946;2946;0;2946;2946;2946;0;0;0;
0;0;0;0;0;0;0;0;0;0;0;0;0;0;0;0;0;478;0;0;0;0;0;0;0;0;478;478;478;0;0;0;0;0;478;2946;2946;2946;478;0;0;0;0;0;0;0;0;0;0;478;2946;2946;2946;478;0;0;0;0;0;0;0;0;0;478;478;478;0;0;0;0;0;478;2946;2946;2946;478;0;0;0;0;0;0;2978;2978;2978;0;2978;2978;2978;0;2978;2978;2978;0;2978;2978;2978;0;0;0;
0;0;0;0;0;0;0;0;0;0;0;0;0;0;0;0;0;0;0;0;2978;2978;2978;0;0;0;0;478;0;0;0;0;0;0;0;478;478;478;0;0;0;0;0;0;0;0;0;0;0;0;478;478;478;0;0;0;0;0;0;0;0;0;0;0;478;0;0;0;0;0;0;0;478;478;478;0;0;0;0;0;0;0;554;554;554;0;554;554;554;0;554;554;554;0;554;554;554;0;0;0;
0;0;0;0;0;0;0;0;0;0;0;0;0;0;0;0;0;0;0;478;2946;2946;2946;478;0;0;0;0;0;0;0;0;0;0;0;0;478;0;0;0;0;0;0;0;0;0;554;0;0;0;0;478;0;0;554;0;0;0;0;0;0;0;0;0;0;0;0;0;554;0;0;0;0;478;0;0;0;0;0;0;0;0;2946;2946;2946;0;2946;2946;2946;0;2946;2946;2946;0;2946;2946;2946;0;0;0;
0;0;0;0;0;0;0;0;0;0;0;0;0;0;0;0;0;0;0;0;478;478;478;0;554;0;0;0;0;0;0;0;0;0;0;0;0;0;0;0;0;0;2978;2978;2978;0;0;0;0;0;1155;0;0;0;0;0;0;2978;2978;2978;0;0;0;0;0;0;0;0;0;0;0;0;0;0;0;0;0;0;0;0;0;0;2978;2978;2978;0;2978;2978;2978;0;2978;2978;2978;0;2978;2978;2978;0;0;0;
0;0;0;0;0;0;0;0;0;0;0;0;0;0;0;0;2978;2978;2978;0;0;478;0;0;0;0;0;0;0;0;2978;2978;2978;0;0;0;0;0;0;0;0;478;2946;2946;168;478;0;0;554;658;554;0;0;0;0;0;478;2946;2946;2946;478;0;0;0;0;0;0;2978;2978;2978;0;0;0;0;0;0;0;0;0;0;0;0;554;554;554;0;554;554;554;0;554;554;554;0;554;554;554;0;0;0;
0;0;0;0;0;0;0;0;0;0;0;0;0;0;0;478;2946;2946;2946;478;0;0;0;0;0;0;0;0;0;478;2946;2946;2946;478;0;0;0;0;0;0;0;0;478;478;478;0;0;0;554;1482;554;0;0;0;0;0;0;478;478;478;0;0;0;0;0;0;478;2946;2946;2946;478;0;0;0;0;0;0;0;0;0;0;0;2946;2946;2946;0;2946;2946;2946;0;2946;2946;2946;0;2946;2946;2946;0;0;0;
0;0;0;0;0;0;0;0;0;0;0;0;0;0;0;0;478;478;478;0;0;0;0;0;0;554;0;0;0;0;478;478;478;0;0;0;0;0;0;0;0;0;0;478;0;0;0;0;554;2946;554;0;0;0;0;0;0;0;478;0;0;0;0;554;0;0;0;478;478;478;0;0;0;0;0;0;0;0;0;0;0;0;2978;2978;2978;0;2978;2978;2978;0;2978;2978;2978;0;2978;2978;2978;0;0;0;
0;0;0;0;0;0;0;0;0;0;0;0;0;0;0;0;0;478;0;0;0;0;0;0;0;0;0;0;0;0;0;478;0;0;0;0;0;0;0;0;0;0;0;0;0;0;0;0;554;610;554;0;0;0;0;0;0;0;0;0;0;0;0;0;0;0;0;0;478;0;0;0;0;0;0;0;0;0;0;0;0;0;554;554;554;0;554;554;554;0;554;554;554;0;554;554;554;0;0;0;
0;0;0;0;0;0;0;0;0;0;0;0;0;0;0;0;0;0;0;0;0;0;0;0;0;0;0;0;0;0;0;0;0;0;0;0;0;0;0;0;0;0;0;0;1309;223;2798;2978;554;554;554;2978;2798;0;0;0;0;0;0;0;0;0;0;0;0;0;0;0;0;0;0;0;0;0;0;0;0;0;0;0;0;0;0;0;0;0;0;0;0;0;0;0;0;0;0;0;0;0;0;0;
2708;224;2708;2708;2708;2708;2708;2708;2708;2708;224;2708;2708;2708;2708;2708;2708;2708;2708;2708;2708;2708;2708;2708;2708;2708;2708;2708;2708;2708;2708;2708;554;2708;2708;2708;2708;2708;2708;2708;2708;2708;2708;2708;2708;2708;478;478;1162;2950;1162;478;478;2708;2708;2708;2708;2708;2708;2708;2708;2708;2708;2708;2708;2708;2708;2708;2708;2708;2708;2708;2708;2708;2708;2708;2708;2708;2708;2708;224;2708;224;2708;2708;2708;2708;224;2708;2708;2708;224;2708;2708;2708;2708;2708;2708;224;2708;
0;0;0;3286;3286;0;3286;3286;3286;3286;3286;3286;3286;0;3286;3286;3286;3286;3286;3286;3286;3286;3286;0;3286;3286;0;3286;3286;3286;3286;3286;0;3286;3286;3286;3286;3286;3286;3286;3286;0;3286;3286;3286;3286;3126;410;608;6;608;410;3126;554;3286;3286;3286;3286;554;3286;3286;3286;3286;3286;3286;554;3286;3286;3286;554;3286;3286;3286;3286;3286;928;3286;3286;3286;3286;3286;554;3286;3286;3286;3286;3286;3286;554;3286;3286;3286;3286;3286;3286;554;3286;0;0;0;
2708;2708;2008;2708;2008;2708;2008;2708;2008;2708;2008;2708;2008;2708;2008;2708;624;2008;624;2708;2708;2008;2708;2708;2008;2008;2708;2708;2008;2708;2008;2708;2708;2008;2708;2008;2708;2008;2708;2708;2008;2708;2708;2008;2708;2708;478;478;1278;8;1276;478;478;2708;2708;2008;2708;2008;2708;2708;2008;2708;2708;2008;2708;2708;2008;2708;2008;2708;2008;2708;2708;2008;2708;2708;2008;2708;2008;2708;2008;2708;1630;2008;2708;2708;2008;2708;1630;2008;2708;1630;2008;2708;2008;2708;2008;2708;2708;2708;
8;8;8;8;8;8;8;8;8;8;8;8;8;8;8;8;8;8;8;8;8;8;8;8;8;8;8;8;8;8;8;8;8;8;8;8;8;8;8;8;8;8;8;8;8;8;8;8;8;8;8;8;8;8;8;8;8;8;8;8;8;8;8;8;8;8;8;8;8;8;8;8;8;8;8;8;8;8;8;8;8;8;8;8;8;8;8;8;8;8;8;8;8;8;8;8;8;8;8;8;
8;8;8;8;8;8;8;8;8;8;8;8;8;8;8;8;8;8;8;8;8;8;8;8;8;8;8;8;8;8;8;8;8;8;8;8;8;8;8;8;8;8;8;8;8;8;8;8;8;8;8;8;8;8;8;8;8;8;8;8;8;8;8;8;8;8;8;8;8;8;8;8;8;8;8;8;8;8;8;8;8;8;8;8;8;8;8;8;8;8;8;8;8;8;8;8;8;8;8;8;
8;8;8;8;8;8;8;8;8;8;8;8;8;8;8;8;8;8;8;8;8;8;8;8;8;8;8;8;8;8;8;8;8;8;8;8;8;8;8;8;8;8;8;8;8;8;8;8;8;8;8;8;8;8;8;8;8;8;8;8;8;8;8;8;8;8;8;8;8;8;8;8;8;8;8;8;8;8;8;8;8;8;8;8;8;8;8;8;8;8;8;8;8;8;8;8;8;8;8;8;
8;8;8;8;8;8;8;8;8;8;8;8;8;8;8;8;8;8;8;8;8;8;8;8;8;8;8;8;8;8;8;8;8;8;8;8;8;8;8;8;8;8;8;8;8;8;8;8;8;8;8;8;8;8;8;8;8;8;8;8;8;8;8;8;8;8;8;8;8;8;8;8;8;8;8;8;8;8;8;8;8;8;8;8;8;8;8;8;8;8;8;8;8;8;8;8;8;8;8;8;
8;8;8;8;8;8;8;8;8;8;8;8;8;8;8;8;8;8;8;8;8;8;8;8;8;8;8;8;8;8;8;8;8;8;8;8;8;8;8;8;8;8;8;8;8;8;8;8;8;8;8;8;8;8;8;8;8;8;8;8;8;8;8;8;8;8;8;8;8;8;8;8;8;8;8;8;8;8;8;8;8;8;8;8;8;8;8;8;8;8;8;8;8;8;8;8;8;8;8;8;
8;8;8;8;8;8;8;8;8;8;8;8;8;8;8;8;8;8;8;8;8;8;8;8;8;8;8;8;8;8;8;8;8;8;8;8;8;8;8;8;8;8;8;8;8;8;8;8;8;8;8;8;8;8;8;8;8;8;8;8;8;8;8;8;8;8;8;8;8;8;8;8;8;8;8;8;8;8;8;8;8;8;8;8;8;8;8;8;8;8;8;8;8;8;8;8;8;8;8;8;
