166;166;166;166;166;166;166;166;166;166;166;166;166;166;166;166;166;166;166;166;166;166;166;166;166;166;166;166;166;166;166;166;166;166;166;166;166;166;166;166;166;166;166;166;166;166;166;166;166;166;166;166;166;166;166;166;166;166;166;166;166;166;166;166;166;166;166;166;166;166;166;166;166;166;166;166;166;166;166;166;166;166;166;166;166;166;166;166;166;166;166;166;166;166;166;166;166;166;166;166;
166;166;166;166;170;170;170;170;170;170;170;170;170;170;170;170;170;170;170;170;170;166;166;166;166;166;166;166;166;166;166;166;166;166;166;166;166;166;166;166;166;166;166;166;166;166;166;166;166;166;166;166;166;166;166;166;166;166;166;166;166;166;166;166;166;166;166;166;166;166;166;166;166;166;166;166;166;166;166;166;166;166;166;166;182;182;182;182;182;182;182;182;182;182;182;182;166;166;166;166;
166;166;170;170;0;0;0;0;0;0;0;0;0;0;0;0;0;0;0;0;170;166;166;166;166;166;166;166;166;166;166;166;166;166;166;166;166;166;166;166;166;166;166;166;166;166;166;166;166;166;166;166;166;166;166;166;166;166;166;166;166;166;166;166;166;166;166;166;166;166;166;166;166;166;166;166;166;166;166;166;166;166;166;166;182;0;0;0;0;0;0;0;0;0;0;182;182;182;166;166;
166;166;170;0;0;0;0;0;0;0;0;0;0;0;0;0;0;0;0;0;170;166;166;166;166;166;166;166;166;166;166;166;166;166;166;166;166;166;166;166;166;166;166;166;166;166;166;166;166;166;166;166;166;166;166;166;166;166;166;166;166;166;166;166;166;166;166;166;166;166;166;166;166;166;166;166;166;166;166;166;166;166;166;166;182;0;0;0;0;0;0;0;0;0;0;0;0;182;166;166;
166;170;0;0;0;0;0;0;0;0;0;0;0;0;0;0;0;0;0;0;170;166;166;166;166;166;166;166;166;166;166;166;166;166;166;166;166;166;166;166;166;166;166;166;166;166;166;166;166;166;166;166;166;166;166;166;166;166;166;166;166;166;166;166;166;166;166;166;166;166;166;166;166;166;166;166;166;166;166;166;166;166;166;166;182;0;0;0;0;0;0;0;0;0;0;0;0;182;182;166;
166;170;0;0;0;0;0;0;0;0;0;0;0;0;0;0;0;0;0;0;170;166;166;166;166;166;166;166;166;166;166;166;166;166;166;166;166;166;166;166;166;166;166;166;166;166;166;166;166;166;166;166;166;166;166;166;166;166;166;166;166;166;166;166;166;166;166;166;166;166;166;166;166;166;166;166;166;166;166;166;166;166;166;166;182;0;0;0;182;0;0;0;182;0;0;0;1622;0;182;166;
166;170;0;0;0;0;0;170;0;0;0;170;0;0;0;0;0;0;0;0;170;166;166;166;166;166;166;166;166;166;166;166;166;166;166;166;166;166;166;166;166;166;166;166;166;166;166;166;166;166;166;166;166;166;166;166;166;166;166;166;166;166;166;166;166;166;166;166;166;166;166;166;166;166;166;166;166;166;166;166;166;166;166;182;0;0;0;998;526;1658;0;1658;526;998;0;0;998;0;182;166;
166;170;1656;0;0;0;0;526;1658;0;1658;526;0;0;0;0;0;0;0;0;170;166;166;166;166;166;166;166;166;166;166;166;166;166;166;166;166;166;166;166;166;166;166;166;166;166;166;166;166;166;166;166;166;166;166;166;166;166;166;166;166;166;166;166;166;166;166;166;166;166;166;166;166;166;166;166;166;166;166;166;166;166;182;0;0;0;0;998;166;166;182;166;166;998;0;0;0;0;182;166;
166;170;170;0;0;0;0;166;166;170;166;166;0;0;0;0;0;0;0;0;170;166;166;166;166;166;166;166;166;166;166;166;166;166;166;166;166;166;166;166;166;166;166;166;166;166;166;166;166;166;166;166;166;166;166;166;166;166;166;166;166;166;166;166;166;166;166;166;166;166;166;166;166;166;166;166;166;166;166;166;166;182;0;0;0;0;0;0;0;0;0;0;0;0;0;0;0;1656;182;166;
166;166;170;1622;0;0;0;0;0;0;0;0;0;0;0;0;0;0;0;0;170;166;166;166;166;166;166;166;166;166;166;166;166;166;166;166;166;166;166;166;166;166;166;166;166;166;166;166;166;166;166;166;166;166;166;166;166;166;166;166;166;166;166;166;166;166;166;166;166;166;166;166;166;166;166;166;166;166;166;166;182;0;0;0;0;182;182;182;182;182;182;182;182;182;182;182;182;182;182;166;
166;166;170;170;170;170;170;170;170;170;170;170;170;170;170;170;170;0;0;0;170;166;166;166;166;166;166;166;166;166;166;166;166;166;166;166;166;166;166;166;166;166;166;166;166;166;166;166;166;166;166;166;166;166;166;166;166;166;166;166;166;166;166;166;166;166;166;166;166;166;166;166;166;166;166;166;166;166;166;182;0;0;0;0;182;166;166;166;166;166;166;166;166;166;166;166;166;166;166;166;
166;166;166;166;166;166;166;166;166;166;166;166;166;166;166;170;170;170;0;0;0;170;166;166;166;166;166;166;166;166;166;166;166;166;166;166;166;166;166;166;166;166;1358;1358;1358;1358;0;1358;1618;1358;1618;1358;1618;1358;166;1358;1358;1358;1358;1358;1358;1358;1358;1358;1358;1358;1358;166;166;166;166;166;166;166;166;166;166;166;182;0;0;0;0;182;166;166;166;166;166;166;166;166;166;166;166;166;166;166;166;166;
166;166;166;166;166;166;166;166;166;166;166;166;166;166;166;166;166;170;170;0;0;0;170;166;166;166;166;166;166;166;166;166;166;166;166;166;166;166;166;166;166;166;1358;242;1660;1358;1358;1358;1358;1358;1358;1358;1358;1358;166;1358;1276;0;0;3072;658;1490;2964;986;0;1278;1358;166;166;166;166;166;166;166;166;166;166;182;0;0;0;0;182;166;166;166;166;166;166;166;166;166;166;166;166;166;166;166;166;166;
166;166;166;166;166;166;166;166;166;166;166;166;166;166;166;166;166;166;170;170;0;0;0;170;166;166;166;166;166;166;166;166;166;166;166;166;166;166;166;166;166;166;1358;0;60;180;1616;174;1616;182;1616;170;1616;1358;1358;1358;0;0;2232;2232;2232;2232;2232;2232;0;0;1358;166;166;166;166;166;166;166;166;166;182;0;0;0;0;182;166;166;166;166;166;166;166;166;166;166;166;166;166;166;166;166;166;166;
166;166;166;166;166;166;166;166;166;166;166;166;166;166;166;166;166;166;166;170;170;0;0;0;170;166;166;166;166;166;166;166;166;166;166;166;166;166;166;166;166;166;1358;6;60;0;998;0;998;1240;998;20;998;20;1752;60;0;1450;1450;1450;1616;1616;1450;1450;0;0;1358;166;166;166;166;166;166;166;166;182;0;0;0;0;182;166;166;166;166;166;166;166;166;166;166;166;166;166;166;166;166;166;166;166;
166;166;166;166;166;166;166;166;166;166;166;166;166;166;166;166;166;166;166;166;170;170;0;0;0;170;166;166;166;166;166;166;166;166;166;166;166;166;166;166;166;166;1358;8;1358;1358;1358;1358;1358;1358;1358;1358;1358;1358;1358;1358;0;2232;2232;2232;2232;2232;2232;2232;2232;0;1358;166;166;166;166;166;166;166;182;0;0;0;0;182;166;166;166;166;166;166;166;166;166;166;166;166;166;166;166;166;166;166;166;166;
166;166;166;166;166;166;166;166;166;166;166;166;166;166;166;166;166;166;166;166;166;170;170;0;0;0;170;166;166;166;166;166;166;166;166;166;166;166;166;166;166;166;166;166;166;166;166;166;166;166;166;166;166;166;166;1358;0;0;1450;1450;1616;1616;1450;1450;0;0;1358;166;166;166;166;166;166;182;0;0;0;0;182;166;166;166;166;166;166;166;166;166;166;166;166;166;166;166;166;166;166;166;166;166;
166;166;166;166;166;166;166;166;166;166;166;166;166;166;166;166;166;166;166;166;166;166;170;170;0;0;0;170;166;166;166;166;166;166;166;166;166;166;166;166;166;166;166;166;166;166;166;166;166;166;166;166;166;166;166;1358;0;0;2232;2232;2232;2232;2232;2232;0;0;1358;166;166;166;166;166;182;0;0;0;0;182;166;166;166;166;166;166;166;166;166;166;166;166;166;166;166;166;166;166;166;166;166;166;
166;166;166;166;166;166;166;166;166;166;166;166;166;166;166;166;166;166;166;166;166;166;166;170;170;0;0;0;170;166;166;166;166;166;166;166;166;166;166;166;166;166;166;166;166;166;166;166;166;166;166;166;166;166;166;1358;0;0;0;0;1042;1042;0;0;0;0;1358;166;166;166;166;182;0;0;0;0;182;166;166;166;166;166;166;166;166;166;166;166;166;166;166;166;166;166;166;166;166;166;166;166;
166;166;166;166;166;166;166;166;166;166;166;166;166;166;166;166;166;166;166;166;166;166;166;166;170;170;0;0;0;170;166;166;166;166;166;166;166;166;166;166;166;166;166;166;166;166;166;166;166;166;166;166;166;166;166;1358;1358;1358;1358;1358;1358;1358;1358;1358;1358;1358;1358;182;182;182;182;0;0;0;0;182;166;166;166;166;166;166;166;166;166;166;166;166;166;166;166;166;166;166;166;166;166;166;166;166;
166;166;166;166;166;166;166;166;166;166;166;166;166;166;166;166;166;166;166;166;166;166;166;166;166;170;170;0;0;0;170;166;166;166;166;166;166;166;166;166;166;166;166;166;166;166;166;166;166;166;166;166;166;166;166;166;166;166;166;166;166;166;166;166;166;166;166;182;0;0;0;0;0;0;182;166;166;166;166;166;166;166;166;166;166;166;166;166;166;166;166;166;166;166;166;166;166;166;166;166;
166;166;166;166;166;166;166;166;166;166;166;166;166;166;166;166;166;166;166;166;166;166;166;166;166;166;170;170;0;0;0;170;166;166;166;166;166;166;166;166;166;166;166;166;166;166;166;166;166;166;166;166;166;166;166;170;170;170;170;170;170;170;170;170;170;170;182;182;0;0;0;0;0;182;166;166;166;166;166;166;166;166;166;166;166;166;166;166;166;166;166;166;166;166;166;166;166;166;166;166;
166;166;166;166;166;166;166;166;166;166;166;166;166;166;166;166;166;166;166;166;166;166;166;166;166;166;166;170;170;0;0;0;170;166;166;166;166;166;166;166;166;166;166;166;166;166;166;166;166;166;166;166;166;166;166;170;12;0;0;0;0;0;0;0;0;0;0;0;0;998;182;182;182;166;166;166;166;166;166;166;166;166;166;166;166;166;166;166;166;166;166;166;166;166;166;166;166;166;166;166;
166;166;166;166;166;166;166;166;166;166;166;166;166;166;166;166;166;166;166;166;166;166;166;166;166;166;166;166;170;170;0;0;0;170;170;170;170;170;170;170;170;170;170;170;170;170;170;170;170;170;170;170;170;170;170;170;0;0;0;0;0;0;0;0;0;0;0;0;0;0;0;182;166;166;166;166;166;166;166;166;166;166;166;166;166;166;166;166;166;166;166;166;166;166;166;166;166;166;166;166;
166;166;166;166;166;166;166;166;166;166;166;166;166;166;166;166;166;166;166;166;166;166;166;166;166;166;166;166;166;170;170;0;0;0;0;0;0;0;0;0;0;0;0;0;0;0;0;0;0;0;0;0;0;0;0;0;0;0;998;998;998;0;0;0;0;0;0;0;0;0;0;182;166;166;166;166;166;166;166;166;166;166;166;166;166;166;166;166;166;166;166;166;166;166;166;166;166;166;166;166;
166;166;166;166;166;166;166;166;166;166;166;166;166;166;166;166;166;166;166;166;166;166;166;166;166;166;166;166;166;166;170;170;170;0;0;0;0;0;0;0;0;0;0;0;0;0;0;0;0;0;0;0;0;0;0;0;0;0;0;0;0;0;0;0;0;0;0;0;0;0;0;182;166;166;166;166;166;166;166;166;166;166;166;166;166;166;166;166;166;166;166;166;166;166;166;166;166;166;166;166;
166;166;166;166;166;166;166;166;166;166;166;166;166;166;166;166;166;166;166;166;166;166;166;166;166;166;166;166;166;166;166;166;170;170;0;0;0;0;0;0;0;0;0;0;0;0;0;0;0;0;0;0;0;0;0;0;0;0;0;0;0;0;0;998;170;170;182;182;998;0;0;182;166;166;166;166;166;166;166;166;166;166;166;166;166;166;166;166;166;166;166;166;166;166;166;166;166;166;166;166;
166;166;166;166;166;166;166;166;166;166;166;166;166;166;166;166;166;166;166;166;166;166;166;166;166;166;166;166;166;166;166;166;166;170;170;170;170;170;170;170;170;170;170;170;170;170;170;170;170;170;170;170;170;170;170;170;998;0;998;998;998;0;0;998;170;1618;1618;182;998;0;0;182;166;166;166;166;166;166;166;166;166;166;166;166;166;166;166;166;166;166;166;166;166;166;166;166;166;166;166;166;
166;166;166;166;166;166;166;166;166;166;166;166;166;166;166;166;166;166;166;166;166;166;166;166;166;166;166;166;166;166;166;166;166;174;174;174;174;174;174;174;174;174;174;174;174;174;174;174;174;174;174;174;174;174;174;174;0;0;0;0;0;0;0;998;174;1618;1618;180;998;0;0;180;180;180;180;180;180;180;180;166;166;166;166;166;166;166;166;166;166;166;166;166;166;166;166;166;166;166;166;166;
166;166;166;166;166;166;166;166;166;166;166;166;166;166;166;166;166;166;166;166;166;166;166;166;166;166;166;166;166;166;166;166;174;0;0;0;0;0;0;0;0;0;0;0;0;0;0;0;0;0;0;0;0;0;0;0;0;0;998;998;998;0;0;998;174;174;180;180;998;0;0;0;0;0;0;0;0;0;180;166;166;166;166;166;166;166;166;166;166;166;166;166;166;166;166;166;166;166;166;166;
166;166;166;166;166;166;166;166;166;166;166;166;166;166;166;166;166;166;166;166;166;166;166;166;166;166;166;166;166;166;166;174;0;0;0;0;0;0;0;0;0;0;0;0;0;0;0;0;0;0;0;0;0;0;0;0;0;0;0;0;0;0;0;0;0;0;0;0;0;0;0;0;0;0;0;0;0;0;180;166;166;166;166;166;166;166;166;166;166;166;166;166;166;166;166;166;166;166;166;166;
166;166;166;166;166;166;166;166;166;166;166;166;166;166;166;166;166;166;166;166;166;166;166;166;166;166;166;166;166;166;174;0;0;0;0;0;0;0;0;0;0;0;0;0;0;0;0;0;0;0;0;0;0;0;0;0;0;0;0;0;0;0;0;0;0;0;0;0;0;0;0;0;0;0;0;0;0;0;180;166;166;166;166;166;166;166;166;166;166;166;166;166;166;166;166;166;166;166;166;166;
166;166;166;166;166;166;166;166;166;166;166;166;166;166;166;166;166;166;166;166;166;166;166;166;166;166;166;166;166;174;0;0;0;0;0;0;174;174;174;174;174;174;174;174;174;174;174;174;174;174;174;174;174;174;174;174;174;174;174;174;174;174;174;174;174;174;180;180;180;180;180;180;180;180;180;180;0;0;180;166;166;166;166;166;166;166;166;166;166;166;166;166;166;166;166;166;166;166;166;166;
166;166;166;166;166;166;166;166;166;166;166;166;166;166;166;166;166;166;166;166;166;166;166;166;166;166;166;166;174;0;0;0;0;0;0;174;166;166;166;166;166;166;166;166;166;166;166;166;166;166;166;166;166;166;166;166;166;166;166;166;166;166;166;166;166;166;166;166;166;166;166;166;166;166;166;180;0;0;180;166;166;166;166;166;166;166;166;166;166;166;166;166;166;166;166;166;166;166;166;166;
166;166;166;166;166;166;166;166;166;166;166;166;166;166;166;166;166;166;166;166;166;166;166;166;166;166;166;174;0;0;0;0;0;0;174;166;166;166;166;166;166;166;166;166;166;166;166;166;166;166;166;166;166;166;166;166;166;166;166;166;166;166;166;166;166;166;166;166;166;166;166;166;166;166;166;180;0;0;0;180;166;166;166;166;166;166;166;166;166;166;166;166;166;166;166;166;166;166;166;166;
166;166;166;166;166;166;166;166;166;166;166;166;166;166;166;166;166;166;166;166;166;166;166;166;166;166;174;0;0;0;0;0;0;174;166;166;166;166;166;166;166;166;166;166;166;166;166;166;166;166;166;166;166;166;166;166;166;166;166;166;166;166;166;166;166;166;166;166;166;166;166;166;166;166;166;166;180;0;0;0;180;166;166;166;166;166;166;166;166;166;166;166;166;166;166;166;166;166;166;166;
166;166;166;166;166;166;166;166;166;166;166;166;166;166;166;166;166;166;166;166;166;166;166;166;166;174;0;0;0;0;0;0;174;166;166;166;166;166;166;166;166;166;166;166;166;166;166;166;166;166;166;166;166;166;166;166;166;166;166;166;166;166;166;166;166;166;166;166;166;166;166;166;166;166;166;166;180;0;0;0;0;180;166;166;166;166;166;166;166;166;166;166;166;166;166;166;166;166;166;166;
166;166;166;166;166;166;166;166;166;166;166;166;166;166;166;166;166;166;166;166;166;166;166;166;174;0;0;0;0;0;0;174;166;166;166;166;166;166;166;166;166;166;166;166;166;166;166;166;166;166;166;166;166;166;166;166;166;166;166;166;166;166;166;166;166;166;166;166;166;166;166;166;166;166;166;166;166;180;0;0;0;0;180;166;166;166;166;166;166;166;166;166;166;166;166;166;166;166;166;166;
166;166;166;166;166;166;166;166;166;166;166;166;166;166;166;166;166;166;166;166;166;166;166;174;0;0;0;0;0;0;174;166;166;166;166;166;166;166;166;166;166;166;166;166;166;166;166;166;166;166;166;166;166;166;166;166;166;166;166;166;166;166;166;166;166;166;166;166;166;166;166;166;166;166;166;166;166;180;0;0;0;0;0;180;166;166;166;166;166;166;166;166;166;166;166;166;166;166;166;166;
166;166;166;166;166;166;166;166;166;166;166;166;166;166;166;166;166;166;166;166;166;166;174;0;0;0;0;0;0;174;166;166;166;166;166;166;166;166;166;166;166;166;166;166;166;166;166;166;166;166;166;166;166;166;166;166;166;166;166;166;166;166;166;166;166;166;166;166;166;166;166;166;166;166;166;166;166;166;180;0;0;0;0;0;180;166;166;166;166;166;166;166;166;166;166;166;166;166;166;166;
166;166;166;166;166;166;166;166;166;166;166;166;166;166;166;166;166;166;166;166;166;174;0;0;0;0;0;174;174;166;166;166;166;166;166;166;166;166;166;166;166;166;166;166;166;166;166;166;166;166;166;166;166;166;166;166;166;166;166;166;166;166;166;166;166;166;166;166;166;166;166;166;166;166;166;166;166;166;180;0;0;0;0;0;0;180;180;180;180;180;180;180;180;180;180;180;166;166;166;166;
166;166;166;166;166;166;166;166;166;166;166;166;166;166;166;166;166;166;166;166;174;0;0;0;0;0;174;166;166;166;166;166;166;166;166;166;166;166;166;166;166;166;166;166;166;166;166;166;166;166;166;166;166;166;166;166;166;166;166;166;166;166;166;166;166;166;166;166;166;166;166;166;166;166;166;166;166;166;166;180;0;0;0;0;0;0;0;0;0;0;0;0;0;0;0;0;180;180;166;166;
166;166;174;174;174;174;174;174;174;174;174;174;174;174;174;174;174;174;174;174;0;0;0;0;0;174;166;166;166;166;166;166;166;166;166;166;166;166;166;166;166;166;166;166;166;166;166;166;166;166;166;166;166;166;166;166;166;166;166;166;166;166;166;166;166;166;166;166;166;166;166;166;166;166;166;166;166;166;166;180;0;0;0;0;0;0;0;0;0;0;0;0;0;0;0;0;0;180;166;166;
166;166;174;0;0;0;0;0;0;0;0;0;0;0;0;0;0;0;0;0;0;0;0;0;174;166;166;166;166;166;166;166;166;166;166;166;166;166;166;166;166;166;166;166;166;166;166;166;166;166;166;166;166;166;166;166;166;166;166;166;166;166;166;166;166;166;166;166;166;166;166;166;166;166;166;166;166;166;166;166;180;0;0;0;0;0;0;0;0;0;0;0;0;0;0;0;0;0;180;166;
166;174;174;0;0;0;0;0;0;0;0;0;0;0;0;0;0;0;0;0;0;0;0;174;166;166;166;166;166;166;166;166;166;166;166;166;166;166;166;166;166;166;166;166;166;166;166;166;166;166;166;166;166;166;166;166;166;166;166;166;166;166;166;166;166;166;166;166;166;166;166;166;166;166;166;166;166;166;166;166;180;180;0;0;0;0;0;0;0;0;0;0;0;0;0;0;0;0;180;166;
166;174;0;0;0;0;0;0;0;0;0;0;0;0;0;0;0;0;0;0;0;0;174;166;166;166;166;166;166;166;166;166;166;166;166;166;166;166;166;166;166;166;166;166;166;166;166;166;166;166;166;166;166;166;166;166;166;166;166;166;166;166;166;166;166;166;166;166;166;166;166;166;166;166;166;166;166;166;166;166;166;166;180;0;0;0;0;0;0;0;0;0;0;0;0;0;0;0;180;166;
166;174;0;0;0;0;0;0;0;0;0;0;0;0;0;0;0;0;0;0;0;174;166;166;166;166;166;166;166;166;166;166;166;166;166;166;166;166;166;166;166;166;166;166;166;166;166;166;166;166;166;166;166;166;166;166;166;166;166;166;166;166;166;166;166;166;166;166;166;166;166;166;166;166;166;166;166;166;166;166;166;166;180;180;0;0;0;0;0;0;0;0;0;0;0;0;0;0;180;166;
166;174;0;0;0;0;0;0;0;0;0;0;0;0;0;0;0;0;0;0;174;166;166;166;166;166;166;166;166;166;166;166;166;166;166;166;166;166;166;166;166;166;166;166;166;166;166;166;166;166;166;166;166;166;166;166;166;166;166;166;166;166;166;166;166;166;166;166;166;166;166;166;166;166;166;166;166;166;166;166;166;166;166;166;180;0;0;0;0;0;0;0;0;0;0;0;0;1656;180;166;
166;174;1656;0;0;0;0;174;0;0;0;174;0;0;0;0;0;0;0;174;166;166;166;166;166;166;166;166;166;166;166;166;166;166;166;166;166;166;166;166;166;166;166;166;166;166;166;166;166;166;166;166;166;166;166;166;166;166;166;166;166;166;166;166;166;166;166;166;166;166;166;166;166;166;166;166;166;166;166;166;166;166;166;166;166;180;0;0;0;180;0;0;0;180;0;0;0;180;180;166;
166;166;174;0;0;0;0;526;1658;0;1658;526;0;0;0;0;0;0;174;166;166;166;166;166;166;166;166;166;166;166;166;166;166;166;166;166;166;166;166;166;166;166;166;166;166;166;166;166;166;166;166;166;166;166;166;166;166;166;166;166;166;166;166;166;166;166;166;166;166;166;166;166;166;166;166;166;166;166;166;166;166;166;166;166;166;180;0;0;998;526;1658;0;1658;526;998;0;1622;180;166;166;
166;166;174;1622;0;0;0;166;174;166;174;166;0;0;0;0;0;174;166;166;166;166;166;166;166;166;166;166;166;166;166;166;166;166;166;166;166;166;166;166;166;166;166;166;166;166;166;166;166;166;166;166;166;166;166;166;166;166;166;166;166;166;166;166;166;166;166;166;166;166;166;166;166;166;166;166;166;166;166;166;166;166;166;166;166;166;180;0;0;180;166;180;166;166;0;180;180;180;166;166;
166;166;166;174;0;0;0;0;0;0;0;0;0;0;0;0;174;166;166;166;166;166;166;166;166;166;166;166;166;166;166;166;166;166;166;166;166;166;166;166;166;166;166;166;166;166;166;166;166;166;166;166;166;166;166;166;166;166;166;166;166;166;166;166;166;166;166;166;166;166;166;166;166;166;166;166;166;166;166;166;166;166;166;166;166;166;180;0;0;0;0;0;0;0;0;180;166;166;166;166;
166;166;166;166;174;174;174;174;174;174;174;174;174;174;174;174;166;166;166;166;166;166;166;166;166;166;166;166;166;166;166;166;166;166;166;166;166;166;166;166;166;166;166;166;166;166;166;166;166;166;166;166;166;166;166;166;166;166;166;166;166;166;166;166;166;166;166;166;166;166;166;166;166;166;166;166;166;166;166;166;166;166;166;166;166;166;180;180;180;180;180;180;180;180;180;180;166;166;166;166;
166;166;166;166;166;166;166;166;166;166;166;166;166;166;166;166;166;166;166;166;166;166;166;166;166;166;166;166;166;166;166;166;166;166;166;166;166;166;166;166;166;166;166;166;166;166;166;166;166;166;166;166;166;166;166;166;166;166;166;166;166;166;166;166;166;166;166;166;166;166;166;166;166;166;166;166;166;166;166;166;166;166;166;166;166;166;166;166;166;166;166;166;166;166;166;166;166;166;166;166;
8;8;8;8;8;8;8;8;8;8;8;8;8;8;8;8;8;8;8;8;8;8;8;8;8;8;8;8;8;8;8;8;8;8;8;8;8;8;8;8;8;8;8;8;8;8;8;8;8;8;8;8;8;8;8;8;8;8;8;8;8;8;8;8;8;8;8;8;8;8;8;8;8;8;8;8;8;8;8;8;8;8;8;8;8;8;8;8;8;8;8;8;8;8;8;8;8;8;8;8;
8;8;8;8;8;8;8;8;8;8;8;8;8;8;8;8;8;8;8;8;8;8;8;8;8;8;8;8;8;8;8;8;8;8;8;8;8;8;8;8;8;8;8;8;8;8;8;8;8;8;8;8;8;8;8;8;8;8;8;8;8;8;8;8;8;8;8;8;8;8;8;8;8;8;8;8;8;8;8;8;8;8;8;8;8;8;8;8;8;8;8;8;8;8;8;8;8;8;8;8;
8;8;8;8;8;8;8;8;8;8;8;8;8;8;8;8;8;8;8;8;8;8;8;8;8;8;8;8;8;8;8;8;8;8;8;8;8;8;8;8;8;8;8;8;8;8;8;8;8;8;8;8;8;8;8;8;8;8;8;8;8;8;8;8;8;8;8;8;8;8;8;8;8;8;8;8;8;8;8;8;8;8;8;8;8;8;8;8;8;8;8;8;8;8;8;8;8;8;8;8;
8;8;8;8;8;8;8;8;8;8;8;8;8;8;8;8;8;8;8;8;8;8;8;8;8;8;8;8;8;8;8;8;8;8;8;8;8;8;8;8;8;8;8;8;8;8;8;8;8;8;8;8;8;8;8;8;8;8;8;8;8;8;8;8;8;8;8;8;8;8;8;8;8;8;8;8;8;8;8;8;8;8;8;8;8;8;8;8;8;8;8;8;8;8;8;8;8;8;8;8;
8;8;8;8;8;8;8;8;8;8;8;8;8;8;8;8;8;8;8;8;8;8;8;8;8;8;8;8;8;8;8;8;8;8;8;8;8;8;8;8;8;8;8;8;8;8;8;8;8;8;8;8;8;8;8;8;8;8;8;8;8;8;8;8;8;8;8;8;8;8;8;8;8;8;8;8;8;8;8;8;8;8;8;8;8;8;8;8;8;8;8;8;8;8;8;8;8;8;8;8;
8;8;8;8;8;8;8;8;8;8;8;8;8;8;8;8;8;8;8;8;8;8;8;8;8;8;8;8;8;8;8;8;8;8;8;8;8;8;8;8;8;8;8;8;8;8;8;8;8;8;8;8;8;8;8;8;8;8;8;8;8;8;8;8;8;8;8;8;8;8;8;8;8;8;8;8;8;8;8;8;8;8;8;8;8;8;8;8;8;8;8;8;8;8;8;8;8;8;8;8;
