0;0;0;0;0;0;0;0;0;0;0;0;0;0;0;0;0;0;0;0;0;0;0;0;0;0;0;0;0;0;0;0;0;0;0;0;0;0;0;0;0;0;0;0;0;0;0;0;0;0;0;0;0;0;0;0;0;0;0;0;0;0;0;0;0;0;0;0;0;0;0;0;0;0;0;0;0;0;0;0;0;0;0;0;0;0;0;0;0;0;0;0;0;0;0;0;0;0;0;0;
0;0;0;0;0;0;0;0;0;0;0;0;0;0;0;0;0;0;0;0;0;0;0;0;0;0;0;0;0;0;0;0;0;0;0;0;0;0;0;0;0;0;0;0;0;0;0;0;0;0;0;0;0;0;0;0;166;166;166;0;0;0;166;166;166;0;0;0;0;0;0;0;0;0;0;0;0;0;0;0;0;0;0;0;0;0;0;0;0;0;0;0;0;0;0;0;0;0;0;0;
0;0;0;0;0;0;0;0;0;0;0;0;0;0;0;0;0;0;0;0;0;0;0;0;0;0;0;0;0;0;0;0;0;0;0;0;0;0;0;0;0;0;0;0;0;0;0;0;0;0;0;0;0;0;0;0;166;0;20;0;0;0;20;0;166;0;0;0;0;0;0;0;0;0;0;0;0;0;0;0;0;0;0;0;0;0;0;0;0;0;0;0;0;0;0;0;0;0;0;0;
0;0;0;0;0;0;0;0;0;0;0;0;0;0;0;0;0;0;0;0;0;0;0;0;0;0;0;0;0;0;0;0;0;0;0;0;0;0;0;0;0;0;0;0;0;0;0;0;0;0;0;0;0;0;0;0;166;166;166;102;0;102;166;166;166;0;0;0;0;0;0;0;0;0;0;0;0;0;0;0;0;0;0;0;0;0;0;0;0;0;0;0;0;0;0;0;0;0;0;0;
0;0;0;0;0;0;0;0;0;0;0;0;0;0;0;0;0;0;0;0;0;0;0;0;0;0;0;0;0;0;0;0;0;0;0;0;0;0;0;0;0;0;0;0;0;0;0;0;0;0;0;0;0;0;0;0;166;0;20;0;0;0;20;0;166;0;0;0;0;0;0;0;0;0;0;0;0;0;0;0;0;0;0;0;0;0;0;0;0;0;0;0;0;0;0;0;0;0;0;0;
0;0;0;0;0;0;0;0;0;0;0;0;0;0;0;0;0;0;0;0;0;0;0;0;0;0;0;0;0;0;0;0;0;0;0;0;0;0;0;0;0;0;0;0;0;0;0;0;0;0;0;0;0;0;166;166;166;166;166;102;0;102;166;166;166;0;0;0;166;166;166;166;166;166;166;166;166;0;0;0;0;0;0;0;0;0;0;0;0;0;0;0;0;0;0;0;0;0;0;0;
0;0;0;0;0;0;0;0;0;0;0;0;0;0;0;0;0;0;0;0;0;0;0;0;0;0;0;0;0;0;0;0;0;0;0;0;0;0;0;0;0;0;0;0;0;0;0;0;0;0;0;0;0;0;0;0;166;0;20;0;0;0;20;0;166;0;0;0;166;0;0;0;0;0;0;0;0;0;0;0;0;0;0;0;0;0;0;0;0;0;0;0;0;0;0;0;0;0;0;0;
0;0;0;0;0;0;0;0;0;0;0;0;0;0;0;0;0;0;0;0;0;0;0;0;0;0;0;0;0;0;0;0;0;0;0;0;0;0;0;0;0;0;0;0;0;0;0;0;0;0;0;0;0;0;166;166;166;166;166;102;0;102;166;166;166;0;0;0;166;0;0;0;0;0;0;0;410;0;0;858;0;0;410;0;0;0;0;0;0;0;0;0;0;0;0;0;0;0;0;0;
0;0;0;0;0;0;0;0;0;0;0;0;0;0;0;0;0;0;0;0;0;0;0;0;0;0;0;0;0;0;0;0;0;0;0;0;0;0;0;0;0;0;0;0;0;0;0;0;0;0;0;0;0;0;0;0;166;0;20;0;0;0;20;0;166;0;0;0;166;166;166;166;166;166;166;166;598;166;166;166;166;166;598;166;166;166;166;166;166;166;166;0;0;0;0;0;0;0;0;0;
0;0;0;0;0;0;0;0;0;0;0;0;0;0;0;0;0;0;0;0;0;0;0;0;0;0;0;0;0;0;0;0;0;0;0;0;0;0;0;0;0;0;0;0;0;0;0;0;0;0;0;0;0;0;166;166;166;166;166;102;0;102;166;166;166;0;0;0;166;0;0;0;0;0;0;166;0;166;0;0;0;166;0;166;0;0;0;0;0;0;166;0;0;0;0;0;0;0;0;0;
0;0;0;0;0;0;0;0;0;0;0;0;0;0;0;0;0;0;0;0;0;0;0;0;0;0;0;0;0;0;0;0;0;0;0;0;0;0;0;0;0;0;0;0;0;0;0;0;0;0;0;0;0;0;0;0;166;0;20;0;0;0;20;0;166;0;0;0;166;166;166;166;166;166;166;166;598;166;166;166;166;166;598;166;166;166;166;166;166;166;166;0;0;0;0;0;0;0;0;0;
0;0;0;0;0;0;0;0;0;0;0;0;0;0;0;0;0;0;0;0;0;0;0;0;0;0;0;0;0;0;0;0;0;0;0;0;0;0;0;0;0;0;0;0;0;0;0;0;0;0;0;0;0;0;166;166;166;166;166;102;0;102;166;166;166;0;0;0;166;0;0;0;0;0;0;0;0;0;0;0;0;0;0;0;0;0;0;0;0;0;166;0;0;0;0;0;0;0;0;0;
0;0;0;0;0;0;0;0;0;0;0;0;0;0;0;0;0;0;0;0;0;0;0;0;0;0;0;0;0;0;0;0;0;0;0;0;0;0;0;0;0;0;0;0;0;0;0;0;166;0;0;0;0;0;20;0;166;0;20;0;0;0;20;0;166;0;0;0;166;0;0;0;0;0;0;0;0;0;0;0;0;0;0;0;0;0;0;0;0;0;166;0;0;0;0;0;0;0;0;0;
0;0;0;0;0;0;0;0;0;0;0;0;0;0;0;0;0;0;0;0;0;0;0;0;0;0;0;0;0;0;0;0;0;0;0;0;0;0;0;0;0;0;0;0;0;0;166;166;166;166;166;0;0;0;166;166;166;166;166;102;0;102;166;166;166;0;0;0;166;0;0;0;0;0;0;0;0;0;0;0;0;0;0;0;0;0;0;0;0;0;166;0;0;0;0;0;0;0;0;0;
0;0;0;0;0;0;0;0;0;0;0;0;0;0;0;0;0;0;0;0;0;0;0;0;0;0;0;0;0;0;0;0;0;0;0;0;0;0;0;0;0;0;0;0;0;0;0;0;166;0;20;0;0;0;20;0;166;0;20;0;0;0;20;0;166;0;0;0;166;0;0;0;166;978;978;978;978;978;978;978;978;978;978;978;978;978;166;0;0;0;166;0;0;0;0;0;0;0;0;0;
0;0;0;0;0;0;0;0;0;0;0;0;0;0;0;0;0;0;0;0;0;0;0;0;0;0;0;0;0;0;0;0;0;0;0;0;0;0;0;0;0;0;0;0;0;0;166;166;166;166;166;0;0;0;166;166;166;166;166;102;0;102;166;166;166;0;0;0;166;0;0;0;60;0;0;0;0;0;0;0;0;0;0;0;0;0;60;0;0;0;166;0;0;0;0;0;0;0;0;0;
0;0;0;0;0;0;0;0;0;0;0;0;0;0;0;0;0;0;0;0;0;0;0;0;0;0;0;0;0;0;0;0;0;0;0;0;0;0;0;0;0;0;0;0;0;0;0;0;166;0;20;0;0;0;20;0;166;2;20;0;0;0;20;0;166;0;0;0;166;0;0;0;166;166;166;166;166;166;166;60;166;166;166;166;166;166;166;0;0;0;166;0;0;0;0;0;0;0;0;0;
0;0;0;0;0;0;0;0;0;0;0;0;0;0;0;0;0;0;0;0;0;0;0;0;0;0;0;0;0;0;0;0;0;0;0;0;0;0;0;0;0;0;0;0;0;0;166;166;166;166;166;0;0;0;166;166;166;166;166;102;0;102;166;166;166;0;0;0;166;0;0;0;166;0;0;0;0;0;218;984;218;0;0;0;0;0;166;0;0;0;166;0;0;0;0;0;0;0;0;0;
0;0;0;0;0;0;0;0;0;0;0;0;0;0;0;0;0;0;0;0;0;0;0;0;0;0;0;0;0;0;0;0;0;0;0;0;0;0;0;0;0;0;0;0;0;0;0;0;166;0;20;0;0;0;20;0;166;2;20;0;0;0;20;2;166;0;0;0;166;0;0;0;166;0;0;0;0;0;102;102;102;0;0;0;0;0;166;0;0;0;166;0;0;0;0;0;0;0;0;0;
0;0;0;0;0;0;0;0;0;0;0;0;0;0;0;0;0;0;0;0;0;0;0;0;0;0;0;0;0;0;0;0;0;0;0;0;0;0;0;0;0;0;0;0;0;0;166;166;166;166;166;0;0;102;166;166;166;166;166;102;0;102;166;166;166;0;0;0;166;0;0;0;1598;1450;286;1450;0;0;0;0;0;0;0;218;286;1450;1598;0;0;0;166;0;0;0;0;0;0;0;0;0;
0;0;0;0;0;0;0;0;0;0;0;0;0;0;0;0;0;0;0;0;0;0;0;0;0;0;0;0;0;0;0;0;0;0;0;0;0;0;0;0;0;0;0;0;0;0;0;0;166;0;20;0;0;0;20;0;166;0;20;0;0;0;20;2;166;0;0;0;166;0;0;0;166;1598;166;1598;166;0;60;1598;60;0;166;1598;166;1598;166;0;0;0;166;0;0;0;0;0;0;0;0;0;
166;166;166;0;0;0;166;166;166;166;166;0;0;0;166;166;166;166;166;0;0;0;166;166;166;166;166;0;0;102;166;166;166;166;166;102;0;102;166;166;166;166;166;102;0;102;166;166;166;166;166;102;0;102;166;166;166;166;166;102;0;102;166;166;166;0;0;0;166;454;454;454;166;858;0;0;0;0;0;20;0;0;0;0;0;858;166;454;454;454;166;0;0;0;0;0;0;0;0;0;
166;0;0;0;0;0;0;0;166;0;0;0;0;0;0;0;166;0;0;0;0;0;0;0;166;0;0;0;0;0;0;0;166;0;0;0;0;0;0;0;166;0;0;0;0;0;0;0;166;0;20;0;0;0;20;0;166;2;20;0;0;0;20;2;166;0;0;0;166;166;166;166;166;998;0;0;0;0;102;102;102;0;0;0;0;998;166;166;166;166;166;0;0;0;0;166;166;166;166;166;
166;166;166;102;0;102;166;166;166;166;166;102;0;102;166;166;166;166;166;102;0;102;166;166;166;166;166;102;0;102;166;166;166;166;166;102;0;102;166;166;166;166;166;102;0;102;166;166;166;166;166;102;0;102;166;166;166;166;166;102;0;102;166;166;166;0;0;0;0;0;0;0;224;0;0;20;0;0;0;6;0;0;0;0;0;0;0;0;0;0;0;0;0;0;0;166;0;0;0;166;
0;0;0;0;0;0;0;0;0;0;0;0;0;0;0;0;0;0;0;0;0;0;0;0;0;0;0;0;0;0;0;0;0;0;0;0;0;0;0;0;0;0;0;0;0;0;0;0;0;0;0;0;0;0;0;0;0;0;0;0;0;0;0;0;1446;0;0;0;0;0;0;0;166;166;166;166;166;166;166;8;166;166;166;166;166;166;166;0;0;0;0;0;0;0;0;60;858;0;0;166;
0;166;166;166;166;166;166;166;166;166;166;166;166;166;166;166;166;166;166;166;166;166;166;166;166;166;166;166;166;166;166;166;166;166;166;166;166;166;166;166;166;166;166;166;166;166;166;166;166;166;166;166;166;166;166;166;166;166;166;166;166;166;166;166;166;166;166;166;166;166;166;166;166;166;166;166;166;166;166;242;166;166;166;166;166;166;166;166;166;166;166;166;166;166;166;166;166;166;166;166;
0;0;0;0;0;0;0;0;166;0;0;0;0;0;0;0;0;166;0;0;0;0;0;0;0;0;166;0;0;0;0;0;0;0;0;166;0;0;0;0;0;0;0;0;166;0;0;0;0;0;0;0;0;0;0;0;0;0;0;0;0;0;0;0;1630;0;0;0;1630;0;0;0;1630;0;0;0;1630;0;0;0;1630;0;0;0;1630;0;0;0;1630;0;0;0;1630;0;0;0;1630;0;0;0;
0;0;0;0;0;0;0;0;166;0;0;0;0;0;0;0;0;166;0;0;0;0;0;0;0;0;166;0;0;0;0;0;0;0;0;166;0;0;0;0;0;0;0;0;166;0;0;0;0;0;0;0;0;0;0;0;0;0;0;0;0;0;1630;0;1630;0;1630;0;1630;0;1630;0;1630;0;1630;0;1630;0;1630;0;1630;0;1630;0;1630;0;1630;0;1630;0;1630;0;1630;0;1630;0;1630;0;1630;0;
0;0;0;0;0;0;0;0;166;0;0;0;0;0;0;0;0;166;0;0;0;0;0;0;0;0;166;0;0;0;0;0;0;0;0;166;0;0;0;0;0;0;0;0;166;0;0;0;1630;0;1630;0;0;0;1630;0;0;1630;0;0;0;0;1630;0;1630;0;1630;0;1630;0;1630;0;1630;0;1630;0;1630;0;1630;0;1630;0;1630;0;1630;0;1630;0;1630;0;1630;0;1630;0;1630;0;1630;0;1630;0;
858;20;0;12;12;12;12;12;166;12;20;0;12;12;12;12;12;166;12;20;0;12;12;12;12;12;166;12;20;0;12;12;12;12;12;166;12;20;0;12;12;12;12;12;166;12;410;1630;1630;0;1630;1630;1630;1630;1630;1630;1630;1630;0;0;0;0;1630;0;0;0;1630;0;0;0;1630;0;0;0;1630;0;0;0;1630;0;0;0;1630;0;0;0;1630;0;0;0;1630;0;0;0;1630;0;0;0;1630;858;
166;0;166;166;166;166;166;166;166;166;166;166;166;166;166;166;166;166;166;166;166;166;166;166;166;166;166;166;166;166;166;166;166;166;166;166;166;166;166;166;166;166;166;166;166;166;166;166;166;166;166;166;166;166;166;166;166;166;166;166;166;166;166;166;166;166;166;166;166;166;166;166;166;166;166;166;166;166;166;166;166;166;166;166;166;166;166;166;166;166;166;166;166;166;166;166;166;166;166;166;
0;0;0;0;0;0;0;0;0;0;0;0;0;0;0;0;0;0;0;0;0;0;0;0;0;0;0;0;0;0;0;0;0;0;0;0;0;0;0;0;0;0;0;0;0;0;0;0;0;0;0;0;1630;0;0;0;0;0;0;0;0;0;0;0;0;0;1630;0;0;0;0;1630;1630;1630;1630;1630;1630;1630;1630;1630;1630;1630;1630;0;0;0;0;0;0;0;0;0;0;0;0;0;0;0;0;0;
0;0;0;0;0;1630;0;0;0;0;0;0;0;0;0;0;0;1630;1630;0;0;0;0;0;0;0;0;0;0;0;0;0;0;0;0;0;0;0;0;0;0;0;0;0;0;0;0;0;0;0;0;0;0;1630;1630;1630;1630;1630;1630;1630;1630;1630;1630;1630;1630;1630;1630;0;0;0;0;0;0;0;0;0;0;0;0;0;0;0;1630;1630;1630;1630;1630;1630;1630;1630;1630;1630;1630;1630;1630;1630;1630;1630;1630;0;
0;0;0;0;1630;0;0;0;0;0;0;0;0;0;0;0;1630;0;0;1630;0;0;0;0;0;0;0;0;0;0;0;0;0;0;0;0;0;0;0;0;0;0;0;0;0;0;0;0;0;1630;0;0;0;0;0;0;0;0;0;0;0;0;0;0;0;0;0;0;0;0;0;0;0;0;0;0;0;0;3402;0;0;0;0;0;0;0;0;0;0;0;0;0;0;0;0;0;0;0;0;0;
0;0;0;1630;0;0;0;0;0;0;0;0;0;0;0;1630;0;0;0;0;1630;0;0;526;0;0;0;0;0;526;0;0;0;0;0;0;0;0;0;0;0;0;0;0;0;0;0;0;0;1630;0;0;102;0;102;0;102;0;102;0;102;0;102;0;102;0;102;0;0;0;0;0;102;1630;1630;102;1630;1630;102;1630;1630;102;0;102;0;102;0;102;0;102;0;102;0;102;0;102;0;102;0;0;
858;410;1630;0;0;0;0;454;454;454;978;978;978;978;978;0;0;0;0;0;0;1630;1630;0;978;978;978;978;978;0;1630;1630;1630;1630;1630;1630;1630;1630;1630;1630;1630;1630;1630;1630;1630;978;978;1630;1630;0;0;0;0;1630;1630;1630;1630;1630;1630;1630;1630;1630;1630;1630;1630;1630;1630;0;0;0;0;0;1630;1630;1630;1630;1630;1630;1630;1630;1630;1630;1630;1630;1630;1630;1630;1630;1630;1630;1630;1630;1630;1630;1630;1630;1630;1630;1630;858;
166;0;166;166;166;166;166;166;166;166;166;166;166;166;166;166;166;166;166;166;166;166;166;166;166;166;166;166;166;166;166;166;166;166;166;166;166;166;166;166;166;166;166;166;166;166;166;166;166;166;166;166;166;166;166;166;166;166;166;166;166;166;166;166;166;166;166;166;166;166;166;166;166;166;166;166;166;166;166;166;166;166;166;166;166;166;166;166;166;166;166;166;166;166;166;166;166;166;166;166;
0;0;0;0;0;0;0;0;0;0;0;0;0;0;0;0;0;0;0;0;0;0;0;0;0;0;0;0;0;0;0;0;0;0;0;0;0;0;0;0;0;0;0;0;0;0;0;0;0;0;0;0;0;0;0;0;0;0;0;0;0;0;0;0;0;0;0;0;0;0;0;0;0;0;0;0;0;0;0;0;0;0;0;0;0;0;0;0;0;0;0;0;0;0;0;0;0;0;0;0;
0;0;0;0;0;0;0;0;0;0;0;0;0;0;0;0;0;0;0;0;0;0;0;0;0;0;0;0;0;0;0;0;0;0;0;0;0;0;0;0;0;0;0;0;0;0;0;0;0;0;0;0;0;0;0;0;0;0;0;0;0;0;0;0;0;0;0;0;0;0;0;0;0;0;0;0;0;0;0;0;0;0;0;0;0;0;0;0;0;0;0;0;0;0;0;0;0;0;0;0;
858;410;0;0;0;0;0;454;454;454;0;0;0;0;0;454;454;454;0;0;0;0;0;454;454;454;0;0;0;0;0;454;454;454;0;0;0;0;0;454;454;454;0;0;0;0;0;454;454;454;0;0;0;0;0;454;454;454;0;0;0;0;0;454;454;454;0;0;0;0;0;454;454;454;0;0;0;0;0;454;454;454;0;0;0;0;0;454;454;454;0;0;0;0;0;454;454;454;454;858;
166;166;978;978;978;978;978;166;166;166;978;978;978;978;978;166;166;166;978;978;978;978;978;166;166;166;978;978;978;978;978;166;166;166;978;978;978;978;978;166;166;166;978;978;978;978;978;166;166;166;978;978;978;978;978;166;166;166;978;978;978;978;978;166;166;166;978;978;978;978;978;166;166;166;978;978;978;978;978;166;166;166;978;978;978;978;978;166;166;166;978;978;978;978;978;166;166;166;166;166;
0;0;0;0;1630;0;0;0;1630;0;0;0;1630;0;0;0;1630;0;0;0;1630;0;0;0;1630;0;0;0;1630;0;0;0;1630;0;0;0;1630;0;0;0;1630;0;0;0;1630;0;0;0;1630;0;0;0;1630;0;0;0;1630;0;0;0;1630;0;0;0;1630;0;0;0;1630;0;0;0;1630;0;0;0;1630;0;0;0;1630;0;0;0;1630;0;0;0;1630;0;0;0;1630;0;0;0;1630;0;0;0;
0;0;0;0;0;0;0;0;0;0;0;0;0;0;0;0;0;0;0;0;0;0;0;0;0;0;0;0;0;0;0;0;0;0;0;0;0;0;0;0;0;0;0;0;0;0;0;0;0;0;0;0;0;0;0;0;0;0;0;0;0;0;0;0;0;0;0;0;0;0;0;0;0;0;0;0;0;0;0;0;0;0;0;0;0;0;0;0;0;0;0;0;0;0;0;0;0;0;0;0;
0;0;0;0;0;0;0;0;0;0;0;0;0;0;0;0;0;0;0;0;0;0;0;0;0;0;0;0;0;0;0;0;0;0;0;0;0;0;0;0;0;0;0;0;0;0;0;0;0;0;0;0;0;0;0;0;0;0;0;0;0;0;0;0;0;0;0;0;0;0;0;0;0;0;0;0;0;0;0;0;0;0;0;0;0;0;0;0;0;0;0;0;0;0;0;0;0;0;0;0;
858;410;1630;0;0;0;1630;0;0;0;1630;0;0;0;1630;0;0;0;1630;0;0;0;1630;0;0;0;1630;0;0;0;1630;0;0;0;1630;0;0;0;1630;0;0;0;1630;0;0;0;1630;0;0;0;1630;0;0;0;1630;0;0;0;1630;0;0;0;1630;0;0;0;1630;0;0;0;1630;0;0;0;1630;0;0;0;1630;0;0;0;1630;0;0;0;1630;0;0;0;1630;0;0;0;1630;0;0;0;1630;858;
166;166;166;166;166;166;166;166;166;166;166;166;166;166;166;166;166;166;166;166;166;166;166;166;166;166;166;166;166;166;166;166;166;166;166;166;166;166;166;166;166;166;166;166;166;166;166;166;166;166;166;166;166;166;166;166;166;166;166;166;166;166;166;166;166;166;166;166;166;166;166;166;166;166;166;166;166;166;166;166;166;166;166;166;166;166;166;166;166;166;166;166;166;166;166;166;166;166;166;166;
0;0;0;0;0;0;0;0;0;0;0;0;0;0;0;0;0;0;0;1630;0;0;0;0;1630;0;0;0;0;1630;0;0;0;0;0;0;0;0;0;0;0;0;0;0;0;0;0;0;0;1630;0;0;0;1630;0;0;0;1630;0;0;0;1630;0;0;0;1630;0;0;0;1630;0;0;0;1630;0;0;0;0;0;0;0;526;0;0;0;0;0;1630;0;0;0;0;0;526;0;0;0;0;0;0;
0;0;0;0;902;0;902;0;902;0;0;0;1630;1630;0;0;0;0;0;0;0;0;0;0;0;0;0;0;0;0;0;0;0;0;0;0;1630;1630;1630;1630;1630;1630;0;0;0;1630;0;0;0;0;0;0;0;0;0;0;0;0;0;0;0;0;0;0;0;0;0;0;0;0;0;0;0;0;0;1630;0;1630;1630;0;0;0;0;0;0;0;0;0;0;0;0;0;0;0;0;0;0;0;0;0;
858;410;0;902;902;0;902;902;902;902;0;0;1630;0;0;0;1630;1630;0;0;0;1630;1630;0;0;0;1630;1630;0;0;0;1630;1630;0;0;1630;0;0;0;0;0;0;1630;0;410;1630;0;1630;0;0;0;1630;0;0;0;1630;0;0;0;1630;0;0;0;1630;0;0;0;1630;0;0;0;1630;0;0;0;1630;1630;0;0;0;0;0;0;526;526;526;0;0;0;0;0;1630;0;0;0;1630;3402;0;0;858;
166;166;166;166;166;166;166;166;166;166;166;166;166;166;166;166;166;166;166;166;166;166;166;166;166;166;166;166;166;166;166;166;166;166;166;166;166;166;166;166;166;166;166;166;166;166;166;166;166;166;166;166;166;166;166;166;166;166;166;166;166;166;166;166;166;166;166;166;166;166;166;166;166;166;166;166;166;166;166;166;166;166;166;166;166;166;166;166;166;166;166;166;166;166;166;166;166;166;166;166;
0;0;0;0;0;0;0;0;0;0;0;0;0;0;0;0;0;0;0;0;0;0;0;0;0;0;0;0;0;0;0;0;0;0;0;0;0;0;0;0;0;0;0;0;0;0;0;0;0;0;0;0;0;0;0;0;0;0;0;0;0;0;0;0;0;0;0;0;0;0;0;0;0;0;0;0;0;0;0;0;0;0;0;0;0;0;0;0;0;0;0;0;0;0;0;0;0;0;0;0;
0;0;0;0;0;0;0;0;0;0;0;0;0;0;0;0;0;0;0;0;0;0;0;0;0;0;0;0;0;0;0;0;0;0;0;0;0;0;0;0;0;0;0;0;0;0;0;0;0;0;0;0;0;0;0;0;0;0;0;0;0;0;0;0;0;0;0;0;0;0;0;0;0;0;0;0;0;0;0;0;0;0;0;0;0;0;0;0;0;0;0;0;0;0;0;0;0;0;0;0;
858;656;410;0;0;902;0;0;162;0;0;902;0;0;162;0;0;902;0;0;162;0;0;902;0;0;162;0;0;902;0;0;162;0;0;902;0;0;162;0;0;902;0;0;162;0;0;902;0;0;162;0;0;902;0;0;162;0;0;902;0;0;162;0;0;902;0;0;162;0;0;902;0;0;162;0;0;902;0;0;162;0;0;902;0;0;162;0;0;902;0;0;162;0;0;902;0;0;162;858;
166;166;166;166;166;166;166;166;166;166;166;166;166;166;166;166;166;166;166;166;166;166;166;166;166;166;166;166;166;166;166;166;166;166;166;166;166;166;166;166;166;166;166;166;166;166;166;166;166;166;166;166;166;166;166;166;166;166;166;166;166;166;166;166;166;166;166;166;166;166;166;166;166;166;166;166;166;166;166;166;166;166;166;166;166;166;166;166;166;166;166;166;166;166;166;166;166;166;166;166;
8;8;8;8;8;8;8;8;8;8;8;8;8;8;8;8;8;8;8;8;8;8;8;8;8;8;8;8;8;8;8;8;8;8;8;8;8;8;8;8;8;8;8;8;8;8;8;8;8;8;8;8;8;8;8;8;8;8;8;8;8;8;8;8;8;8;8;8;8;8;8;8;8;8;8;8;8;8;8;8;8;8;8;8;8;8;8;8;8;8;8;8;8;8;8;8;8;8;8;8;
8;8;8;8;8;8;8;8;8;8;8;8;8;8;8;8;8;8;8;8;8;8;8;8;8;8;8;8;8;8;8;8;8;8;8;8;8;8;8;8;8;8;8;8;8;8;8;8;8;8;8;8;8;8;8;8;8;8;8;8;8;8;8;8;8;8;8;8;8;8;8;8;8;8;8;8;8;8;8;8;8;8;8;8;8;8;8;8;8;8;8;8;8;8;8;8;8;8;8;8;
8;8;8;8;8;8;8;8;8;8;8;8;8;8;8;8;8;8;8;8;8;8;8;8;8;8;8;8;8;8;8;8;8;8;8;8;8;8;8;8;8;8;8;8;8;8;8;8;8;8;8;8;8;8;8;8;8;8;8;8;8;8;8;8;8;8;8;8;8;8;8;8;8;8;8;8;8;8;8;8;8;8;8;8;8;8;8;8;8;8;8;8;8;8;8;8;8;8;8;8;
8;8;8;8;8;8;8;8;8;8;8;8;8;8;8;8;8;8;8;8;8;8;8;8;8;8;8;8;8;8;8;8;8;8;8;8;8;8;8;8;8;8;8;8;8;8;8;8;8;8;8;8;8;8;8;8;8;8;8;8;8;8;8;8;8;8;8;8;8;8;8;8;8;8;8;8;8;8;8;8;8;8;8;8;8;8;8;8;8;8;8;8;8;8;8;8;8;8;8;8;
8;8;8;8;8;8;8;8;8;8;8;8;8;8;8;8;8;8;8;8;8;8;8;8;8;8;8;8;8;8;8;8;8;8;8;8;8;8;8;8;8;8;8;8;8;8;8;8;8;8;8;8;8;8;8;8;8;8;8;8;8;8;8;8;8;8;8;8;8;8;8;8;8;8;8;8;8;8;8;8;8;8;8;8;8;8;8;8;8;8;8;8;8;8;8;8;8;8;8;8;
8;8;8;8;8;8;8;8;8;8;8;8;8;8;8;8;8;8;8;8;8;8;8;8;8;8;8;8;8;8;8;8;8;8;8;8;8;8;8;8;8;8;8;8;8;8;8;8;8;8;8;8;8;8;8;8;8;8;8;8;8;8;8;8;8;8;8;8;8;8;8;8;8;8;8;8;8;8;8;8;8;8;8;8;8;8;8;8;8;8;8;8;8;8;8;8;8;8;8;8;
