0;0;164;0;0;0;0;0;0;0;0;0;0;0;0;0;0;0;0;0;0;0;0;0;0;0;2;2;0;0;0;0;0;0;0;0;0;2;224;0;0;0;0;0;0;0;0;0;0;0;0;324;224;0;0;0;0;0;224;0;0;0;0;0;0;0;0;0;0;0;0;0;0;0;0;0;0;0;0;0;0;0;0;0;0;0;0;0;0;0;0;0;0;0;0;0;0;0;0;0;
0;0;164;0;0;0;0;0;0;0;0;0;0;0;0;0;0;0;0;0;0;0;0;0;0;0;0;0;2;0;0;0;0;0;0;0;0;2;224;0;0;0;202;0;0;324;0;0;324;0;0;0;224;0;0;0;0;0;224;0;0;0;0;0;0;0;0;0;0;0;0;0;0;0;0;0;0;0;0;0;0;0;0;0;0;0;0;0;0;0;0;0;0;0;0;0;0;0;0;0;
0;0;0;0;0;0;0;0;0;0;0;0;0;0;0;0;0;0;0;0;0;0;0;0;0;0;0;0;2;12;0;0;0;0;0;0;0;2;224;0;0;0;0;0;0;0;0;0;0;0;324;0;224;0;0;0;0;0;224;0;0;0;0;0;0;224;0;0;0;0;0;1298;0;0;0;0;0;0;0;0;0;0;0;0;0;0;0;0;0;0;0;0;0;0;0;0;0;0;0;0;
0;0;0;0;0;0;0;0;0;0;0;0;0;0;0;0;0;0;0;0;0;0;0;0;0;0;0;0;0;2;0;0;0;12;0;0;2;0;224;0;0;0;0;0;0;0;0;0;0;0;0;0;224;12;0;0;0;0;224;0;0;0;0;0;0;0;0;0;0;0;0;0;0;0;0;1298;0;0;1298;0;0;0;0;0;0;1298;0;0;0;0;1298;0;0;1298;0;0;0;0;0;0;
164;164;164;0;0;0;0;0;0;0;0;0;0;0;0;0;0;0;0;0;0;0;0;0;0;0;0;0;0;2;0;0;0;202;0;0;2;0;224;324;224;12;167;0;858;0;12;167;0;202;0;12;224;0;0;0;0;0;224;0;0;0;224;0;0;0;0;0;0;206;0;0;0;0;0;0;0;0;0;0;0;0;0;0;0;0;0;0;0;0;0;0;0;0;0;0;0;0;0;0;
0;0;0;0;0;0;0;0;0;0;0;0;0;0;0;0;0;0;0;0;0;0;0;0;0;0;0;0;0;2;2;204;0;2;2;2;2;2;224;224;12;3006;224;3006;3006;224;168;2;3006;2;2;2;224;2;2;2;2;2;2;2;224;168;168;168;168;0;0;0;0;0;0;0;0;0;0;0;0;0;0;0;0;0;0;0;0;0;0;0;0;0;0;0;0;0;0;0;0;0;0;0;
0;0;0;0;0;0;0;0;0;0;0;0;0;0;0;0;0;0;0;0;0;0;0;0;0;0;0;0;0;0;0;0;0;0;0;0;0;0;0;0;0;0;0;2;2;2;2;2;2;2;2;2;2;2;2;2;2;2;2;2;2;0;0;2;686;0;0;0;0;0;0;0;0;0;0;0;0;0;0;2;0;0;0;0;0;0;0;1298;0;0;0;0;0;0;0;0;0;0;0;0;
0;164;0;0;0;0;0;0;0;0;0;0;0;0;0;0;0;0;0;0;0;0;0;0;0;0;0;0;0;0;0;0;0;0;0;0;0;0;0;0;0;0;0;2;0;0;0;0;0;0;0;0;0;0;0;0;0;0;0;0;0;0;0;2;168;2;0;2;0;0;0;0;0;0;0;0;0;0;0;0;0;1298;0;0;0;0;0;0;0;0;0;0;0;206;0;0;0;0;0;0;
0;0;0;0;0;0;0;0;0;0;0;0;0;0;0;0;0;0;0;0;0;0;0;0;0;0;0;0;0;0;0;0;0;0;0;0;0;0;0;0;0;0;0;2;0;0;0;0;0;0;0;0;0;0;0;0;0;0;0;2;168;168;168;224;0;0;0;0;0;0;3006;0;0;0;2;0;0;2;0;0;0;0;0;0;0;0;0;0;0;0;0;0;0;0;0;0;0;0;0;0;
0;0;0;0;0;0;0;0;0;0;0;0;0;0;0;0;0;206;0;0;0;0;0;0;0;0;0;206;0;0;0;0;0;0;0;0;0;0;202;0;0;0;0;2;0;0;0;0;0;0;0;0;0;0;0;0;0;0;0;2;168;0;0;0;0;0;0;0;0;0;0;0;0;0;0;224;0;0;0;0;0;0;0;0;0;0;0;0;0;1298;0;0;0;0;0;0;0;0;0;0;
0;0;0;0;0;0;0;0;0;0;0;0;0;0;0;0;0;0;0;0;0;0;0;0;0;0;0;0;0;0;0;0;0;0;0;0;0;2;0;0;0;0;0;2;0;0;0;0;0;0;0;0;0;0;0;0;0;0;0;2;168;0;0;0;0;168;0;0;0;0;0;0;0;0;0;0;0;0;0;0;0;0;0;1298;0;0;0;0;0;0;0;0;0;0;0;0;0;0;0;0;
0;0;0;0;164;0;0;0;0;0;0;0;0;0;0;0;0;0;0;0;0;0;0;0;0;0;0;0;0;0;0;0;0;0;0;0;0;0;0;0;0;0;0;2;0;0;0;0;0;0;0;0;0;0;0;0;0;0;0;2;168;0;0;0;0;0;0;0;0;3006;0;0;0;0;0;2;0;0;1298;0;224;0;0;0;0;0;0;0;0;0;0;0;0;0;0;0;0;0;0;0;
0;0;0;0;0;0;0;0;0;0;0;0;0;0;0;0;0;0;0;0;0;0;0;0;0;0;0;0;0;0;0;0;0;0;0;0;0;0;0;0;0;0;0;2;0;0;0;0;0;0;0;0;0;0;0;0;0;0;0;2;168;0;0;0;0;0;0;0;0;0;0;0;0;0;0;0;0;0;0;0;0;0;0;0;0;0;0;0;0;0;0;0;0;168;168;168;168;168;168;168;
0;0;0;0;0;0;0;0;12;0;0;0;0;0;0;0;0;0;0;0;0;0;0;0;0;0;0;0;0;0;0;0;2;0;0;0;0;0;0;0;0;0;0;2;0;0;0;0;0;0;0;0;0;0;0;0;0;0;0;2;168;0;0;0;168;0;0;0;0;0;0;0;0;0;0;0;0;0;12;0;0;0;206;0;0;0;0;0;0;0;0;0;168;0;0;0;0;0;0;0;
0;0;0;0;0;0;0;0;202;0;0;0;0;0;0;0;0;0;0;0;0;0;0;0;0;0;0;0;0;0;0;0;0;0;0;0;0;0;0;0;0;0;0;2;0;0;0;3;3;3;3;3;3;0;0;0;0;0;0;2;168;0;0;0;0;0;0;0;0;0;0;0;0;224;0;2;2;2;2;2;2;2;2;2;2;2;0;0;0;0;0;0;0;168;168;168;168;0;0;0;
0;0;0;0;0;0;0;0;0;0;0;0;0;0;0;0;0;0;0;0;0;0;0;0;0;0;0;0;0;0;0;0;0;0;0;0;0;0;12;12;0;0;2;2;0;0;0;2;2;2;2;2;206;12;0;0;0;0;2;2;224;0;0;0;0;0;0;1298;0;0;2;224;2;0;2;2;2;2;2;2;2;2;2;2;2;0;2;0;0;0;0;0;0;0;0;0;168;0;0;0;
0;0;0;206;0;0;0;0;0;0;0;0;0;0;0;0;0;0;0;0;0;0;0;0;0;0;0;0;0;0;0;0;0;0;0;0;0;0;0;206;0;0;2;2;2;2;2;2;2;0;2;2;2;2;2;2;2;2;2;168;0;0;168;0;0;0;0;0;0;0;2;0;2;0;2;2;0;0;0;0;0;0;0;0;2;2;2;2;0;0;0;0;0;0;0;0;168;0;0;0;
0;0;0;0;0;0;0;0;0;0;0;164;164;164;0;0;0;0;0;0;0;0;0;206;0;0;0;0;0;0;0;0;0;2;2;2;2;2;2;2;0;0;0;2;2;2;2;2;2;0;2;2;2;2;2;2;2;2;2;168;0;0;0;0;0;0;0;0;0;0;2;0;0;0;2;0;0;0;0;0;0;0;0;0;0;0;2;2;598;0;0;0;0;0;0;168;0;0;0;0;
2;2;2;2;2;2;2;164;164;164;164;0;0;0;0;0;442;442;442;442;442;442;442;442;442;442;442;442;442;0;0;0;0;2;0;0;0;0;0;0;0;0;0;2;2;2;0;0;0;0;0;0;0;0;0;0;0;0;2;168;0;0;0;0;0;1298;0;0;0;0;206;2;2;2;2;0;0;0;0;0;0;0;0;0;0;0;2;2;12;598;0;0;0;0;0;168;0;0;0;0;
2;0;0;0;0;0;2;0;0;0;0;0;0;0;0;442;202;0;0;0;0;0;0;0;0;0;202;0;0;0;0;0;0;0;0;0;0;0;0;0;0;2;0;2;2;2;0;0;0;0;0;0;0;0;0;0;0;0;2;168;0;0;0;0;0;0;0;0;3006;0;0;0;2;2;0;0;0;0;0;0;0;0;0;0;0;0;2;2;2;0;0;0;0;0;0;0;168;0;0;0;
2;12;0;0;0;0;2;0;0;0;0;0;0;0;0;442;0;0;0;202;0;0;202;0;202;0;0;0;0;0;0;0;0;0;0;0;166;166;166;102;166;0;0;2;2;0;954;0;0;0;0;0;0;0;0;0;0;0;2;168;0;0;0;0;0;0;0;0;0;0;0;0;2;2;0;0;0;0;0;0;0;0;0;0;0;0;0;2;2;224;0;0;0;0;0;0;0;168;0;0;
2;2;0;204;0;0;2;0;0;0;0;0;0;0;0;442;0;206;0;0;0;0;0;0;0;0;0;12;202;0;0;0;0;0;0;0;1298;2;0;254;12;166;0;2;2;2;2;2;12;204;954;0;954;0;0;0;0;0;2;2;168;0;0;1298;0;0;2;224;224;2;224;2;0;2;0;0;0;0;0;0;12;12;12;0;0;0;0;2;2;0;224;224;2;0;0;0;0;168;0;204;
2;0;0;0;0;0;2;0;0;0;0;0;204;0;0;442;0;0;0;0;0;0;0;0;0;202;442;2;2;224;2;2;2;2;2;224;1298;0;202;0;202;166;0;2;0;0;0;2;2;2;2;2;2;2;0;954;0;0;204;2;168;0;0;0;0;224;0;0;0;0;0;0;0;2;0;0;0;0;0;100;100;206;100;100;0;0;0;2;206;0;0;224;0;0;0;0;0;168;0;12;
2;0;0;12;0;0;2;0;0;0;0;0;12;0;0;224;12;0;0;0;202;0;0;0;0;0;224;2;0;0;0;0;0;0;0;0;224;0;0;2;2;166;526;0;0;12;3402;0;0;0;0;0;0;224;60;2;2;2;2;2;168;0;0;0;12;224;0;0;0;0;0;0;0;2;0;0;0;0;0;598;0;6;12;598;0;0;0;2;224;0;12;224;0;0;12;0;0;60;0;3402;
2;2;2;2;2;2;2;2;0;2;2;2;2;2;2;2;2;2;2;2;2;2;2;0;2;2;2;2;2;2;2;224;224;2;2;2;2;2;0;0;0;0;2;2;2;2;2;2;10;166;2;0;2;2;2;2;2;2;2;2;2;2;2;2;2;2;2;2;2;2;2;2;2;2;2;2;0;0;0;100;100;8;100;100;0;0;2;2;2;2;2;2;2;2;0;0;2;2;2;2;
2;2;0;0;0;0;0;0;0;2;2;2;2;2;2;2;2;2;2;2;2;2;2;0;2;2;2;2;2;2;2;0;0;2;2;2;2;2;10;0;0;0;0;0;0;0;0;0;0;0;0;2;2;2;2;2;2;2;2;2;2;2;2;2;2;2;2;2;2;2;2;2;2;2;2;2;0;0;0;0;0;0;0;0;0;0;2;2;2;2;2;2;10;2;2;0;0;2;2;2;
2;0;0;2;2;2;2;2;0;0;2;2;2;2;2;2;2;2;2;2;2;2;2;0;2;2;2;2;2;2;2;0;0;10;2;2;2;2;10;0;0;0;0;0;0;0;0;0;2;2;2;2;2;2;2;2;2;2;2;2;2;2;2;2;2;2;2;2;2;2;2;2;2;10;2;2;0;0;0;0;0;0;0;0;0;0;2;2;2;2;2;2;2;2;2;0;0;2;2;2;
2;0;2;2;10;2;2;10;2;0;0;2;2;2;2;2;2;2;2;2;2;2;2;0;2;2;2;10;2;2;2;0;0;2;2;2;2;2;2;2;2;2;2;2;0;0;0;0;2;2;2;2;2;2;2;2;2;2;2;2;2;2;2;2;2;2;2;2;2;2;2;2;2;2;2;2;0;0;0;0;0;0;0;0;0;0;2;2;2;2;2;2;10;2;2;0;0;2;2;2;
2;0;0;2;2;2;2;2;2;0;0;2;2;2;2;2;2;2;2;2;2;2;0;0;2;2;2;2;2;2;2;0;102;2;2;2;2;2;2;10;2;2;2;2;2;0;0;0;2;2;2;2;2;2;2;2;2;2;2;2;2;2;2;0;0;0;0;0;0;0;0;0;0;2;2;2;0;0;0;0;0;0;0;0;2;2;2;224;0;0;0;0;0;0;0;0;2;2;10;2;
2;2;0;2;2;2;2;2;2;0;2;2;2;2;2;2;2;2;2;2;2;2;0;2;2;2;2;2;2;2;2;0;0;2;2;2;2;2;2;2;2;2;2;2;0;0;0;0;2;2;2;2;2;2;2;2;2;2;2;2;2;2;2;0;0;0;0;0;0;0;0;0;0;2;2;2;2;2;2;2;2;2;2;2;2;224;224;224;0;0;0;0;0;0;0;2;2;2;2;2;
2;206;0;0;2;2;2;2;0;0;2;2;2;2;2;2;0;0;202;0;0;0;0;0;0;2;2;2;2;202;0;0;0;0;202;0;2;166;0;0;0;0;0;0;0;206;226;0;2;2;2;0;204;0;0;0;0;204;0;0;0;0;0;0;0;0;0;0;0;0;0;0;0;0;204;2;2;2;2;2;224;224;224;224;224;0;0;224;0;0;0;0;0;0;0;206;2;2;2;2;
2;2;0;2;2;2;2;2;0;2;2;2;2;2;2;0;12;0;0;0;0;0;0;2;2;2;2;2;2;0;0;0;102;0;0;0;206;166;0;12;0;12;0;0;0;0;0;0;2;2;2;0;0;0;0;0;0;0;0;0;0;0;0;0;0;206;0;0;0;0;0;0;0;0;0;0;0;0;0;12;2;2;2;2;2;2;2;2;2;2;2;2;2;2;2;0;2;2;10;2;
2;2;0;0;2;10;2;2;0;0;2;2;2;206;0;0;2;12;0;0;0;0;0;0;202;12;202;2;0;0;0;0;0;0;0;0;2;2;2;2;2;2;2;2;2;2;2;2;2;2;2;2;2;2;2;2;2;2;2;2;2;2;2;2;2;2;0;0;0;0;0;0;0;0;0;0;0;2;2;2;2;2;2;2;2;2;2;2;2;2;2;2;2;0;2;0;2;2;2;2;
2;2;2;0;2;2;2;2;2;0;10;2;2;2;0;2;2;2;0;0;0;0;0;0;0;0;0;2;0;0;0;0;0;12;0;0;0;2;166;0;0;0;0;0;0;0;0;0;0;2;2;2;2;2;2;2;2;2;2;2;2;2;2;2;2;2;0;0;0;0;0;0;0;0;0;0;0;0;0;0;2;2;2;206;2;2;2;2;2;2;2;2;2;2;2;2;2;2;2;2;
2;2;10;0;0;0;0;0;10;0;0;2;2;2;0;0;0;0;0;0;2;10;2;0;0;0;2;2;0;2;2;2;2;2;2;2;2;2;2;2;2;2;2;2;2;2;2;2;10;2;2;2;2;2;2;2;2;2;2;2;2;10;2;2;2;2;0;0;0;0;0;0;0;0;0;0;0;0;0;0;2;2;2;0;2;2;2;2;2;2;2;2;2;2;2;2;2;2;2;2;
2;10;2;2;2;0;0;0;2;2;0;2;2;2;0;2;2;2;2;2;2;2;2;0;2;2;0;2;0;2;2;2;2;2;2;2;2;2;2;2;2;2;2;2;2;2;2;2;2;2;2;2;2;2;2;2;2;2;2;2;10;2;2;2;2;2;0;0;0;0;0;0;0;0;0;0;0;0;0;0;0;0;0;0;2;2;10;2;2;2;2;2;2;2;10;2;2;2;2;2;
2;2;2;2;0;0;0;0;2;2;0;0;2;2;0;2;2;2;2;2;2;2;2;2;2;2;0;2;0;2;2;2;2;2;2;2;2;2;2;2;2;2;2;2;2;2;2;2;2;2;2;2;2;2;2;2;2;2;2;2;2;2;2;2;2;2;2;2;2;2;2;2;2;2;2;2;2;2;10;2;2;2;2;0;2;2;2;2;2;2;2;2;2;2;2;2;2;2;2;2;
2;2;2;2;0;2;0;0;2;2;2;0;2;2;0;2;2;2;2;2;2;2;2;2;2;2;0;2;0;2;2;2;2;2;2;2;2;2;2;2;2;2;2;2;2;2;2;2;2;2;2;2;2;2;2;2;10;2;2;2;2;2;2;2;2;2;2;2;2;2;2;2;2;2;2;2;2;2;2;2;2;2;2;0;2;2;2;2;2;2;2;2;2;2;2;2;2;2;2;2;
2;2;2;2;0;0;0;0;0;0;0;0;12;0;0;2;2;2;2;10;2;2;2;2;2;2;0;0;0;10;2;2;2;2;2;10;2;2;2;2;2;2;2;0;0;2;10;2;10;2;2;2;2;2;2;2;2;2;2;2;2;10;2;2;2;2;2;2;2;2;2;2;2;2;2;2;2;2;2;2;2;2;2;0;2;2;2;2;2;2;2;2;2;2;2;2;2;2;2;2;
2;2;2;2;2;0;0;0;2;2;2;2;2;2;2;2;2;2;2;2;2;2;2;2;2;2;204;2;0;2;2;2;2;2;2;2;2;2;2;2;2;2;2;0;2;2;2;2;2;2;0;0;0;206;2;2;2;2;2;2;2;2;2;10;2;2;2;2;2;2;2;2;2;10;2;2;2;2;2;2;2;2;2;0;2;2;2;2;2;2;2;2;2;2;2;2;2;2;2;2;
2;2;2;2;2;2;0;0;2;2;2;2;2;2;2;2;2;2;2;2;2;2;2;2;2;2;2;2;0;0;0;0;0;0;0;0;0;0;0;0;0;0;0;0;2;2;2;2;2;2;0;2;2;2;2;2;2;2;2;2;2;2;2;2;2;2;2;2;2;2;2;10;2;2;2;2;2;2;2;2;2;2;2;2;2;2;2;2;2;2;2;2;2;2;10;2;10;2;2;2;
2;0;0;0;0;0;0;2;2;2;2;2;2;2;2;2;2;2;2;2;2;2;2;2;2;2;2;2;2;2;2;2;2;2;2;2;2;2;2;2;2;2;224;2;0;0;0;0;0;0;0;2;2;10;2;2;2;2;2;2;2;2;2;2;2;2;2;2;2;2;2;2;2;2;2;2;2;2;2;2;2;2;2;0;2;2;2;2;2;2;2;2;2;2;2;2;2;2;2;2;
2;224;206;2;2;2;2;2;2;2;2;2;2;2;2;2;2;2;2;2;2;2;2;2;2;2;2;2;2;2;2;2;2;2;2;2;0;2;2;2;0;0;0;0;0;0;2;2;2;2;0;2;2;2;2;2;2;2;2;2;2;2;2;2;2;2;2;2;2;2;2;2;2;2;2;2;2;2;2;2;2;2;2;0;2;2;2;2;2;2;2;2;2;2;2;2;2;2;2;2;
2;0;0;2;2;2;2;2;2;2;2;2;2;2;2;2;2;2;2;2;2;2;2;2;2;2;2;2;2;2;2;2;2;2;2;2;2;2;2;2;0;0;2;2;2;2;2;2;2;2;0;0;0;0;0;0;0;0;0;0;0;0;0;0;0;0;0;0;0;0;0;0;0;0;0;0;10;2;2;2;2;2;2;0;2;2;2;2;2;2;2;2;2;2;2;2;2;2;2;2;
2;0;0;0;0;0;0;0;0;0;0;0;2;2;2;2;2;2;2;2;2;2;2;2;2;2;2;2;2;2;2;2;2;2;0;0;0;0;0;0;0;12;2;2;2;2;2;2;2;2;2;2;2;2;2;2;2;2;2;2;2;2;2;2;2;2;2;2;2;2;2;2;2;2;2;0;2;2;2;2;2;2;2;0;2;2;2;2;2;2;2;2;2;2;2;2;2;2;2;2;
2;2;2;2;2;2;2;2;2;2;2;0;2;2;2;2;2;2;2;2;2;2;2;2;2;2;2;2;10;2;0;0;0;0;0;0;0;0;0;0;0;206;2;2;2;2;2;2;2;2;2;2;2;10;2;2;2;2;2;2;2;2;2;2;2;2;2;2;2;2;2;2;2;2;2;0;2;2;2;2;2;2;2;0;2;2;2;2;2;2;2;2;2;2;2;2;10;2;2;2;
2;2;2;2;2;2;2;2;2;2;2;0;0;0;0;0;2;2;2;2;2;2;2;2;2;2;2;2;2;2;0;2;2;2;2;2;2;2;2;2;0;0;0;2;2;2;2;2;2;2;2;2;2;2;2;2;2;2;2;2;2;2;2;2;2;2;2;2;2;2;2;2;2;10;2;0;2;2;2;10;2;2;2;0;2;2;2;2;2;2;2;2;2;2;2;2;2;2;2;2;
2;2;2;2;2;2;2;2;2;2;2;2;2;2;2;0;2;2;2;2;2;2;2;2;2;2;2;2;2;2;0;206;2;2;2;2;2;2;2;2;2;2;0;2;2;2;2;2;2;2;2;2;2;2;2;2;2;2;2;2;2;2;2;2;2;2;2;2;2;2;2;2;2;2;2;0;2;2;2;2;2;2;2;0;2;2;2;2;2;2;2;2;2;2;2;2;2;2;2;2;
2;2;2;2;2;2;2;2;2;2;2;2;2;2;2;0;0;0;0;0;0;0;0;0;0;0;0;0;0;0;0;0;0;0;0;0;0;0;0;0;0;0;0;0;2;2;2;2;2;2;2;2;2;0;0;0;0;0;0;0;0;0;0;0;0;0;0;0;0;0;0;0;0;0;0;0;0;0;0;0;0;0;0;0;0;0;0;0;0;0;2;2;2;2;2;2;2;2;10;2;
2;2;2;2;2;2;2;2;2;2;2;2;2;2;2;2;2;0;0;2;2;2;2;2;2;2;2;2;2;2;2;2;2;2;2;0;2;2;2;2;2;2;2;0;0;0;0;0;0;0;0;0;0;0;206;2;2;2;2;2;2;2;2;2;2;2;2;2;2;2;2;206;2;2;2;2;2;2;2;2;2;2;2;206;2;2;2;2;10;2;2;2;2;2;2;2;2;2;2;2;
2;4;4;2;2;4;2;2;2;4;2;2;2;2;2;2;2;206;0;2;4;2;2;4;2;4;4;2;2;2;2;2;2;2;2;0;0;2;2;2;4;2;2;2;4;2;2;2;2;2;2;2;2;2;2;4;2;10;2;2;2;2;2;2;2;2;10;2;2;4;2;4;2;10;2;2;2;2;4;4;2;2;2;0;0;0;0;0;0;0;2;2;2;2;2;2;2;10;10;2;
2;2;2;2;2;2;2;2;2;2;2;2;2;2;2;2;2;2;0;2;2;2;2;2;2;2;2;2;2;2;2;2;4;2;4;0;4;4;2;2;2;4;2;2;2;2;2;2;2;2;2;4;2;2;2;4;2;2;2;2;2;4;4;2;2;2;2;2;4;2;2;2;4;2;4;2;2;4;2;2;2;0;0;0;2;2;2;2;2;2;2;2;2;10;2;2;2;2;2;2;
2;4;4;4;4;2;2;4;2;4;2;4;2;2;4;4;4;4;0;2;4;4;4;2;2;2;2;4;4;4;4;4;2;2;4;2;2;2;2;10;2;4;2;2;4;2;4;4;2;2;4;4;2;4;2;2;2;4;2;2;4;4;2;2;2;2;4;2;2;4;4;4;2;4;4;2;4;4;4;4;0;0;2;2;4;2;2;2;2;4;2;4;4;4;2;4;2;2;2;2;
0;0;0;206;0;0;0;0;0;0;0;0;0;0;0;0;0;0;0;0;0;0;0;0;0;0;0;0;0;0;0;0;0;0;0;0;0;0;0;0;0;0;0;0;0;0;0;0;0;0;0;0;0;0;0;0;0;0;0;0;0;0;0;0;0;0;0;0;0;0;0;0;0;0;0;0;0;0;0;0;0;0;0;0;0;0;0;0;0;0;0;0;0;0;0;0;0;0;2;2;
8;8;8;8;8;8;8;8;8;8;8;8;8;8;8;8;8;8;8;8;8;8;8;8;8;8;8;8;8;8;8;8;8;8;8;8;8;8;8;8;8;8;8;8;8;8;8;8;8;8;8;8;8;8;8;8;8;8;8;8;8;8;8;8;8;8;8;8;8;8;8;8;8;8;8;8;8;8;8;8;8;8;8;8;8;8;8;8;8;8;8;8;8;8;8;8;8;8;8;8;
8;8;8;8;8;8;8;8;8;8;8;8;8;8;8;8;8;8;8;8;8;8;8;8;8;8;8;8;8;8;8;8;8;8;8;8;8;8;8;8;8;8;8;8;8;8;8;8;8;8;8;8;8;8;8;8;8;8;8;8;8;8;8;8;8;8;8;8;8;8;8;8;8;8;8;8;8;8;8;8;8;8;8;8;8;8;8;8;8;8;8;8;8;8;8;8;8;8;8;8;
8;8;8;8;8;8;8;8;8;8;8;8;8;8;8;8;8;8;8;8;8;8;8;8;8;8;8;8;8;8;8;8;8;8;8;8;8;8;8;8;8;8;8;8;8;8;8;8;8;8;8;8;8;8;8;8;8;8;8;8;8;8;8;8;8;8;8;8;8;8;8;8;8;8;8;8;8;8;8;8;8;8;8;8;8;8;8;8;8;8;8;8;8;8;8;8;8;8;8;8;
8;8;8;8;8;8;8;8;8;8;8;8;8;8;8;8;8;8;8;8;8;8;8;8;8;8;8;8;8;8;8;8;8;8;8;8;8;8;8;8;8;8;8;8;8;8;8;8;8;8;8;8;8;8;8;8;8;8;8;8;8;8;8;8;8;8;8;8;8;8;8;8;8;8;8;8;8;8;8;8;8;8;8;8;8;8;8;8;8;8;8;8;8;8;8;8;8;8;8;8;
8;8;8;8;8;8;8;8;8;8;8;8;8;8;8;8;8;8;8;8;8;8;8;8;8;8;8;8;8;8;8;8;8;8;8;8;8;8;8;8;8;8;8;8;8;8;8;8;8;8;8;8;8;8;8;8;8;8;8;8;8;8;8;8;8;8;8;8;8;8;8;8;8;8;8;8;8;8;8;8;8;8;8;8;8;8;8;8;8;8;8;8;8;8;8;8;8;8;8;8;
8;8;8;8;8;8;8;8;8;8;8;8;8;8;8;8;8;8;8;8;8;8;8;8;8;8;8;8;8;8;8;8;8;8;8;8;8;8;8;8;8;8;8;8;8;8;8;8;8;8;8;8;8;8;8;8;8;8;8;8;8;8;8;8;8;8;8;8;8;8;8;8;8;8;8;8;8;8;8;8;8;8;8;8;8;8;8;8;8;8;8;8;8;8;8;8;8;8;8;8;
