1004;1004;1004;1004;1004;1004;1004;1004;1004;1004;1004;1004;1004;1004;1004;1004;1004;1004;1004;1004;1004;1004;1004;1004;1004;1004;1004;1004;1004;1004;1004;1004;1004;1004;1004;1004;1004;1004;1004;1004;1004;1004;1004;1004;1004;1004;1004;1004;1004;1004;1004;1004;1004;1004;1004;1004;1004;1004;1004;1004;1004;1004;1004;1004;1004;1004;1004;1004;1004;1004;1004;1004;1004;1004;1004;1004;1004;1004;1004;1004;1004;1004;1004;1004;1004;1004;1004;1004;1004;1004;1004;1004;1004;1004;1004;1004;1004;1004;1004;1004;
1004;170;1004;172;1004;174;1004;176;1004;1004;1004;1004;1004;1004;1004;1004;1004;1004;1004;1004;1004;1004;1004;1004;1004;1004;1004;1004;1004;1004;1004;1004;1004;1004;1004;1004;1004;1004;1004;1004;1004;1004;1004;1004;1004;1004;1004;1004;1004;1004;1004;1004;1004;1004;1004;1004;1004;1004;1004;1004;1004;1004;1004;1004;1004;1004;1004;1004;1004;1004;1004;1004;1004;1004;1004;1004;1004;1004;1004;1004;1004;1004;1004;1004;1004;1004;1004;1004;1004;1004;1004;1004;1004;1004;1004;1004;1004;1004;170;1004;
1004;1004;1004;1004;1004;1004;1004;1004;1004;1004;1004;1004;1004;1004;1004;1004;1004;1004;1004;1004;1004;1004;1004;1004;1004;1004;1004;1004;1004;1004;1004;1004;1004;1004;1004;1004;1004;1004;1004;1004;1004;1004;1004;1004;1004;1004;1004;1004;172;1004;1004;172;1004;1004;1004;1004;1004;1004;1004;1004;1004;1004;1004;1004;1004;1004;1004;1004;1004;1004;1004;1004;1004;1004;1004;1004;1004;1004;1004;1004;1004;1004;1004;1004;1004;1004;1004;1004;1004;1004;1004;1004;1004;1004;1004;1004;1004;1004;1004;1004;
1004;1004;1004;172;1004;180;180;180;180;180;180;180;180;180;180;180;180;180;180;180;180;180;180;180;180;180;180;180;180;180;180;180;180;180;180;180;180;180;180;180;180;180;180;180;180;180;180;180;1004;1004;1004;1004;170;170;170;170;170;170;170;170;170;170;170;170;170;170;170;170;170;170;170;170;170;170;170;170;170;170;170;170;170;170;170;170;170;170;170;170;170;170;170;170;170;170;170;1004;172;1004;1004;1004;
1004;1004;1004;1004;1004;1004;180;0;0;0;0;0;0;0;0;0;0;0;0;0;0;0;0;0;0;0;0;0;0;0;0;0;0;0;0;0;0;0;0;0;0;0;0;0;0;0;0;180;1004;170;170;1004;170;0;0;0;0;0;0;0;0;0;0;0;0;0;0;0;0;0;0;0;0;0;0;0;0;0;0;0;0;0;0;0;0;0;0;0;0;0;0;0;0;170;1004;1004;1004;1004;1004;1004;
1004;1004;1004;178;1004;174;1004;180;0;0;0;0;0;0;0;0;0;0;180;0;0;180;0;0;0;0;0;0;0;0;0;0;180;0;0;180;0;0;0;0;0;0;0;0;0;0;180;1004;1004;1004;1004;1004;1004;170;0;0;0;0;0;0;0;0;0;0;170;0;0;170;0;0;0;0;0;0;0;0;0;0;170;0;0;170;0;0;0;0;0;0;0;0;0;0;170;1004;174;1004;172;1004;1004;1004;
1004;1004;1004;178;178;1004;1004;1004;180;0;0;0;0;0;0;0;0;180;0;0;0;0;180;0;0;0;102;0;0;102;0;180;0;0;0;0;180;0;0;0;0;0;0;0;0;180;1004;172;1004;182;182;1004;172;1004;170;0;0;0;0;0;0;0;0;170;0;0;0;0;170;0;0;0;0;0;0;0;0;170;0;0;0;0;170;0;0;0;0;0;0;0;0;170;1004;1004;1004;172;172;1004;1004;1004;
1004;1004;1004;178;0;178;1004;176;1004;180;0;0;0;0;0;0;180;0;0;0;0;0;0;180;0;0;0;0;0;0;180;0;102;0;0;0;0;180;0;0;0;0;0;0;180;1004;1004;1004;182;0;0;182;1004;1004;1004;170;0;0;0;0;0;0;170;0;0;0;0;0;0;170;0;0;0;0;0;0;170;0;0;0;0;0;0;170;0;0;0;0;0;0;170;1004;176;1004;172;0;172;1004;1004;1004;
1004;1004;1004;178;0;0;178;1004;1004;1004;180;0;0;0;0;180;0;0;0;0;0;0;0;0;180;0;0;0;0;180;0;0;0;0;0;0;0;0;180;0;0;0;0;180;1004;174;1004;182;0;0;0;0;182;1004;174;1004;170;0;0;0;0;170;0;0;0;0;0;0;0;0;170;0;0;0;0;170;0;0;0;0;0;0;0;0;170;0;0;0;0;170;1004;1004;1004;172;0;0;172;1004;1004;1004;
1004;1004;1004;178;0;0;0;178;1004;178;1004;180;0;0;180;0;0;0;0;0;0;0;0;0;0;180;0;0;180;0;0;0;0;0;0;0;0;0;0;180;0;0;180;1004;1004;1004;182;0;0;0;0;0;0;182;1004;1004;1004;170;0;0;170;0;0;0;0;0;0;0;0;0;0;170;0;0;170;0;0;0;0;0;0;0;0;0;0;170;0;0;170;1004;178;1004;172;0;0;0;172;1004;1004;1004;
1004;1004;1004;178;0;102;0;0;178;1004;1004;1004;180;0;0;0;0;0;0;0;0;0;102;0;0;0;180;180;0;0;0;0;0;0;0;0;0;0;0;0;0;180;1004;176;1004;182;0;0;0;0;0;0;0;0;182;1004;176;1004;170;0;0;0;0;0;0;0;0;0;0;0;0;0;0;170;0;0;0;0;0;102;0;0;0;0;0;0;0;170;1004;1004;1004;172;0;0;102;0;172;1004;1004;1004;
1004;1004;1004;178;0;0;0;0;0;178;1004;180;1004;180;0;0;0;0;0;0;0;0;0;0;0;0;180;180;0;0;0;0;0;0;0;102;0;0;0;0;180;1004;1004;1004;182;0;0;0;0;0;102;0;0;0;0;182;1004;1004;1004;170;0;0;0;0;0;0;0;0;0;0;0;0;170;0;0;0;0;0;0;0;0;0;0;0;0;0;170;1004;180;1004;172;0;0;0;0;0;172;1004;1004;1004;
1004;1004;1004;178;0;0;0;0;0;0;178;1004;1004;1004;180;0;0;0;0;0;0;0;0;0;0;180;0;0;180;0;0;0;0;0;0;0;0;0;0;180;1004;180;1004;182;0;0;0;102;0;0;0;0;0;0;0;0;182;1004;178;1004;170;0;0;0;0;102;0;0;0;0;0;170;0;0;170;0;0;0;0;0;102;0;0;0;0;170;1004;1004;1004;172;0;0;0;0;0;0;172;1004;1004;1004;
1004;1004;1004;178;0;0;0;0;102;0;0;178;1004;182;1004;180;0;0;0;0;0;0;0;0;180;0;0;0;0;180;0;0;0;0;0;0;0;0;180;1004;1004;1004;182;0;0;0;0;0;0;0;0;0;0;0;0;0;0;182;1004;1004;1004;170;0;0;0;0;0;0;0;0;170;0;0;0;0;170;0;0;0;0;0;0;0;0;170;1004;182;1004;172;0;0;102;0;0;0;0;172;1004;1004;1004;
1004;1004;1004;178;0;0;0;0;0;178;0;0;178;1004;1004;1004;180;0;0;0;0;0;0;180;0;0;0;0;0;0;180;0;0;0;0;0;0;180;1004;178;1004;182;0;0;0;0;0;0;0;2590;2590;0;0;0;0;2;0;0;182;1004;180;1004;170;0;0;0;0;0;0;170;0;0;0;0;0;0;170;0;0;0;0;0;0;170;1004;1004;1004;172;0;0;172;0;0;0;0;0;172;1004;1004;1004;
1004;1004;1004;178;0;0;0;0;178;0;0;0;0;178;1004;180;1004;180;0;0;0;0;180;0;0;0;0;0;0;0;0;180;0;0;0;0;180;1004;1004;1004;182;0;0;0;0;0;0;0;2590;0;0;2590;0;0;0;0;0;0;0;182;1004;1004;1004;170;0;0;0;0;170;0;0;0;0;0;0;0;0;170;0;0;0;0;170;1004;180;1004;172;0;0;0;0;172;0;0;0;0;172;1004;1004;1004;
1004;1004;1004;178;0;0;0;178;0;0;0;102;0;0;178;1004;1004;1004;180;0;0;180;0;0;0;0;0;0;0;0;0;0;180;0;0;180;1004;182;1004;182;0;0;0;0;0;0;0;2590;1162;0;0;1162;2590;0;0;0;0;0;0;0;182;1004;182;1004;170;0;0;170;0;0;0;0;102;0;0;0;0;0;170;0;0;170;1004;1004;1004;172;0;0;102;0;0;0;172;0;0;0;172;1004;1004;1004;
1004;1004;1004;178;0;0;178;0;0;0;0;0;0;0;0;178;1004;178;1004;180;0;0;0;0;0;0;0;0;0;0;0;0;0;0;180;1004;1004;1004;182;0;0;0;0;0;0;0;2590;0;1162;0;0;1162;0;2590;0;0;0;0;0;0;0;182;1004;1004;1004;170;0;0;0;0;0;0;0;0;0;0;0;0;0;0;170;1004;178;1004;172;0;0;0;0;0;0;0;0;172;0;0;172;1004;1004;1004;
1004;1004;1004;178;0;178;0;0;0;0;0;0;0;0;0;0;178;1004;1004;1004;180;0;0;0;0;0;0;0;102;0;0;0;0;180;1004;178;1004;182;0;0;0;0;0;0;0;2590;0;0;1162;0;0;1162;0;0;2590;0;0;0;102;0;0;0;182;1004;180;1004;170;0;0;0;0;0;0;0;0;0;0;0;0;170;1004;1004;1004;172;0;0;0;0;0;0;0;0;0;0;172;0;172;1004;1004;1004;
1004;1004;1004;178;0;0;0;0;0;0;0;0;0;0;102;0;0;178;1004;176;1004;180;0;0;0;0;0;0;0;0;0;0;180;1004;1004;1004;182;0;0;0;0;0;0;0;2590;0;0;0;392;0;0;392;0;0;0;2590;0;0;0;0;0;0;0;182;1004;1004;1004;170;3402;0;0;0;0;102;0;0;0;0;170;1004;176;1004;172;0;0;102;0;0;0;0;0;0;0;0;0;0;172;1004;1004;1004;
1004;1004;1004;178;0;0;0;0;0;0;0;0;0;0;0;0;0;0;178;1004;1004;1004;180;0;0;0;0;0;0;0;0;180;1004;180;1004;182;0;0;0;0;0;0;0;2590;0;0;0;0;392;0;0;392;0;0;0;0;2590;0;0;0;0;0;0;0;182;1004;178;1004;170;0;0;0;0;0;0;0;0;170;1004;1004;1004;172;0;0;0;0;0;0;0;0;0;0;0;0;0;0;172;1004;1004;1004;
1004;1004;1004;178;0;178;0;0;0;0;102;0;0;0;0;0;178;0;0;178;1004;174;1004;180;0;0;0;0;0;0;180;1004;1004;1004;182;0;0;0;0;0;0;0;2590;0;0;0;0;0;392;0;0;392;0;0;0;0;0;2590;0;0;0;0;2;0;0;182;1004;1004;1004;170;0;0;0;0;0;0;170;1004;174;1004;172;0;0;172;0;0;0;0;0;0;0;0;0;0;172;0;172;1004;1004;1004;
1004;1004;1004;178;0;0;178;0;0;0;0;0;0;0;0;178;0;102;0;0;178;1004;1004;1004;180;0;0;0;0;180;1004;176;1004;182;0;0;0;0;0;0;0;2590;0;0;0;0;0;0;392;0;0;392;0;0;0;0;0;0;2590;0;0;0;0;0;0;0;182;1004;176;1004;170;0;0;0;0;170;1004;1004;1004;172;0;0;102;0;172;0;0;0;0;0;0;0;0;172;0;0;172;1004;1004;1004;
1004;1004;1004;178;0;0;0;178;0;0;0;0;0;0;178;0;0;0;0;0;0;178;1004;172;1004;180;12;12;180;1004;1004;1004;182;0;0;0;0;0;0;0;2590;0;0;0;0;0;0;0;392;392;392;392;0;0;0;0;0;0;0;2590;0;0;0;0;0;0;0;182;1004;1004;1004;170;12;12;170;1004;172;1004;172;0;0;0;0;0;0;172;0;0;0;0;0;0;172;0;0;0;172;1004;1004;1004;
1004;1004;1004;178;0;0;0;0;178;0;0;0;0;178;0;0;0;0;0;0;0;0;178;1004;1004;1004;180;180;1004;174;1004;182;0;0;0;0;0;0;0;2590;0;0;0;0;0;0;0;392;392;0;0;392;392;0;0;0;0;0;0;0;2590;0;0;0;0;0;0;0;182;1004;174;1004;170;170;1004;1004;1004;172;0;0;0;0;0;0;0;0;172;0;0;0;0;172;0;0;0;0;172;1004;1004;1004;
1004;1004;1004;178;0;0;0;0;0;178;0;0;178;0;0;0;0;0;0;0;102;0;0;178;1004;170;1004;1004;1004;1004;182;0;0;0;0;0;0;0;2590;1162;1162;1162;392;392;392;392;392;392;0;0;0;0;392;392;392;392;392;392;1162;1162;1162;2590;0;0;0;0;0;0;0;182;1004;1004;1004;1004;170;1004;172;0;0;102;0;0;0;0;0;0;0;172;0;0;172;0;0;0;0;0;172;1004;1004;1004;
1004;1004;1004;178;0;0;102;0;0;0;178;178;0;0;0;0;0;0;0;0;0;0;0;12;178;1004;1004;172;1004;182;12;0;0;0;0;0;0;2590;0;0;0;0;0;0;0;0;392;0;0;0;0;0;0;392;0;0;0;0;0;0;0;0;2590;0;0;0;0;0;0;12;182;1004;172;1004;1004;172;12;0;0;0;0;0;0;0;0;0;0;0;172;172;0;0;0;0;0;0;172;1004;1004;1004;
1004;1004;1004;178;0;0;0;0;0;0;178;178;0;0;0;0;0;0;0;0;0;0;0;0;178;1004;1004;172;1004;182;0;0;0;0;0;0;0;2590;0;0;0;0;0;0;0;0;392;0;0;0;0;0;0;392;0;0;0;0;0;0;0;0;2590;0;0;0;0;0;0;0;182;1004;172;1004;1004;172;0;0;0;0;0;0;0;0;0;0;0;0;172;172;0;102;0;0;0;0;172;1004;1004;1004;
1004;1004;1004;178;0;102;0;0;0;178;0;0;178;0;0;0;0;0;0;0;0;0;0;178;1004;170;1004;1004;1004;1004;182;102;0;0;102;0;0;0;2590;1162;1162;1162;392;392;392;392;392;392;0;0;0;0;392;392;392;392;392;392;1162;1162;1162;2590;0;0;0;0;0;0;0;182;1004;1004;1004;1004;170;1004;172;0;0;0;0;0;0;0;0;0;0;172;0;0;172;0;0;0;0;0;172;1004;1004;1004;
1004;1004;1004;178;0;0;0;0;178;0;0;0;0;178;0;0;0;0;0;0;0;0;178;1004;1004;1004;176;176;1004;174;1004;182;0;0;0;0;0;0;0;2590;0;0;0;0;0;0;0;392;392;0;0;392;392;0;0;0;0;0;0;0;2590;0;0;0;0;0;0;0;182;1004;174;1004;174;174;1004;1004;1004;172;0;0;0;0;0;0;0;0;172;0;0;0;0;172;0;0;0;0;172;1004;1004;1004;
1004;1004;1004;178;0;0;0;178;0;0;0;0;0;0;178;0;0;0;0;0;0;178;1004;172;1004;176;0;0;176;1004;1004;1004;182;0;0;0;0;0;0;0;2590;0;0;0;0;0;0;0;392;392;392;392;0;0;0;0;0;0;0;2590;0;0;0;0;0;0;0;182;1004;1004;1004;174;0;0;174;1004;172;1004;172;0;0;0;0;0;0;172;0;0;0;0;0;0;172;0;0;0;172;1004;1004;1004;
1004;1004;1004;178;0;0;178;0;0;0;0;0;0;0;0;178;0;0;0;0;178;1004;1004;1004;176;0;0;0;0;176;1004;176;1004;182;0;0;0;0;0;0;0;2590;0;0;0;0;0;0;392;6;1210;392;0;0;0;0;0;0;2590;0;0;0;0;0;0;0;182;1004;176;1004;174;0;0;0;0;174;1004;1004;1004;172;0;0;0;0;172;0;0;0;0;0;0;0;0;172;0;0;172;1004;1004;1004;
1004;1004;1004;178;0;178;0;0;0;0;0;0;0;0;0;0;178;0;0;178;1004;174;1004;176;0;0;0;0;0;0;176;1004;1004;1004;182;0;0;998;998;998;998;998;2590;0;0;0;0;0;392;8;0;392;0;0;0;0;0;2590;0;0;0;0;0;0;0;182;1004;1004;1004;174;0;0;102;0;0;0;174;1004;174;1004;172;0;0;172;0;0;0;0;0;0;0;0;0;0;172;0;172;1004;1004;1004;
1004;1004;1004;178;0;0;0;0;0;0;0;0;0;0;0;0;0;0;178;1004;1004;1004;176;0;0;102;0;0;102;0;0;176;1004;178;1004;182;0;0;0;0;0;0;0;2590;0;0;0;0;392;0;0;392;0;0;0;0;2590;0;0;0;0;0;0;0;182;1004;178;1004;174;0;0;0;0;0;102;0;0;174;1004;1004;1004;172;0;0;0;0;0;0;0;0;0;0;0;0;0;0;172;1004;1004;1004;
1004;1004;1004;178;0;0;0;0;0;0;0;0;0;0;0;0;0;178;1004;176;1004;176;0;0;0;0;0;0;0;0;0;0;176;1004;1004;1004;182;0;0;0;0;0;0;0;2590;0;0;0;392;0;0;392;0;0;0;2590;0;0;0;0;0;0;0;182;1004;1004;1004;174;0;0;0;0;0;0;0;0;0;0;174;1004;176;1004;172;0;0;0;0;0;0;0;0;0;0;0;0;0;172;1004;1004;1004;
1004;1004;1004;178;0;178;0;0;0;0;0;0;0;0;0;0;178;1004;1004;1004;176;0;0;0;0;0;0;0;0;0;0;0;0;176;1004;180;1004;182;0;0;0;0;0;0;0;2590;0;0;1162;0;0;1162;0;0;2590;0;0;0;0;0;0;0;182;1004;180;1004;174;0;0;102;0;0;0;0;0;0;0;0;0;174;1004;1004;1004;172;0;0;0;0;0;0;0;0;0;0;172;0;172;1004;1004;1004;
1004;1004;1004;178;0;0;178;0;0;0;0;0;0;0;0;178;1004;180;1004;176;0;0;102;0;0;0;0;0;0;0;0;102;0;0;176;1004;1004;1004;182;0;0;0;0;0;0;0;2590;0;1162;0;0;1162;0;2590;0;0;0;102;0;0;0;182;1004;1004;1004;174;0;0;0;0;0;0;0;0;0;0;102;0;0;0;174;1004;178;1004;172;0;0;0;0;0;0;0;0;172;0;0;172;1004;1004;1004;
1004;1004;1004;178;0;0;0;178;0;0;0;0;0;0;178;1004;1004;1004;176;0;0;176;0;0;0;0;0;0;0;0;0;0;176;0;0;176;1004;182;1004;182;0;0;0;0;0;0;0;2590;1162;0;0;1162;2590;0;0;0;0;0;0;0;182;1004;182;1004;174;0;0;174;0;0;0;0;0;0;0;0;0;0;174;0;0;174;1004;1004;1004;172;0;0;0;0;0;0;172;0;0;0;172;1004;1004;1004;
1004;1004;1004;178;0;0;0;0;178;0;0;0;0;178;1004;178;1004;176;0;0;0;0;176;0;0;0;0;0;0;0;0;176;0;0;998;0;176;1004;1004;1004;182;0;0;0;0;0;0;0;2590;12;546;2590;0;0;0;0;0;0;0;182;1004;1004;1004;174;0;0;102;0;174;0;0;0;0;0;0;0;0;174;0;0;0;0;174;1004;180;1004;172;0;0;0;0;172;0;0;0;0;172;1004;1004;1004;
1004;1004;1004;178;0;0;0;0;0;178;0;0;178;1004;1004;1004;176;0;0;102;0;0;0;176;0;0;0;0;0;0;176;0;0;0;998;0;0;176;1004;180;1004;182;0;0;0;0;0;0;0;2590;2590;0;0;0;0;0;0;0;182;1004;180;1004;174;0;0;0;0;0;0;174;0;0;0;0;0;0;174;0;0;102;0;0;0;174;1004;1004;1004;172;0;0;172;0;0;0;0;0;172;1004;1004;1004;
1004;1004;1004;178;0;0;0;0;0;0;0;178;1004;182;1004;176;0;0;0;0;0;0;0;0;176;0;0;0;0;176;0;0;0;0;998;0;998;0;176;1004;1004;1004;182;0;0;0;0;0;0;0;0;0;0;0;0;0;0;182;1004;1004;1004;174;0;0;0;0;0;0;0;0;174;0;0;0;0;174;0;0;0;0;0;0;0;0;174;1004;182;1004;172;0;0;0;0;0;0;0;172;1004;1004;1004;
1004;1004;1004;178;0;0;0;0;0;0;178;1004;1004;1004;176;0;0;0;0;0;0;0;0;0;0;176;0;0;176;0;0;0;0;0;998;0;998;0;0;176;1004;178;1004;182;0;0;0;0;0;0;0;0;0;0;0;0;182;1004;178;1004;174;0;0;102;0;0;0;0;0;0;0;174;0;0;174;0;0;0;0;0;0;0;0;0;0;174;1004;1004;1004;172;0;0;0;0;0;0;172;1004;1004;1004;
1004;1004;1004;178;0;0;0;0;0;178;1004;178;1004;176;0;0;102;0;0;0;0;0;0;0;0;0;176;176;0;0;0;0;0;0;998;0;998;0;0;0;176;1004;1004;1004;182;0;0;0;0;0;0;0;0;0;0;182;1004;1004;1004;174;0;0;0;0;0;0;0;0;0;0;0;0;174;174;0;0;0;0;0;0;0;0;102;0;0;0;174;1004;180;1004;172;0;0;0;0;0;172;1004;1004;1004;
1004;1004;1004;178;0;0;0;0;178;1004;1004;1004;176;0;0;0;0;0;0;0;0;0;0;0;0;0;176;176;0;0;0;0;0;0;998;0;998;0;0;0;0;176;1004;176;1004;182;0;0;0;0;0;0;0;0;182;1004;176;1004;174;0;0;0;0;0;0;0;0;0;0;0;0;0;174;174;0;0;0;0;0;0;0;0;0;0;0;0;0;174;1004;1004;1004;172;0;0;0;0;172;1004;1004;1004;
1004;1004;1004;178;0;0;0;178;1004;180;1004;176;0;0;176;0;0;0;0;0;0;0;0;0;3402;176;0;0;176;0;0;0;0;0;998;0;998;0;0;176;0;0;176;1004;1004;1004;182;0;0;0;0;0;0;182;1004;1004;1004;174;0;0;102;0;0;0;0;0;0;0;0;0;0;174;0;0;174;0;0;0;0;0;0;0;0;0;0;174;0;0;174;1004;178;1004;172;0;0;0;172;1004;1004;1004;
1004;1004;1004;178;0;0;178;1004;1004;1004;176;0;0;102;0;176;0;0;0;0;0;0;0;0;176;0;0;0;0;176;0;0;0;0;998;0;998;0;176;0;0;0;0;176;1004;174;1004;182;0;0;0;0;182;1004;174;1004;174;0;0;0;0;174;0;0;0;0;0;0;0;0;174;0;0;0;0;174;3402;0;0;0;0;0;0;0;174;102;0;0;0;174;1004;1004;1004;172;0;0;172;1004;1004;1004;
1004;1004;1004;178;12;178;1004;176;1004;176;0;0;0;0;0;0;176;0;0;0;0;0;0;176;0;0;0;0;0;0;176;3402;0;0;998;0;998;176;0;0;0;0;0;0;176;1004;1004;1004;182;12;12;182;1004;1004;1004;174;0;0;0;0;0;0;174;0;0;0;0;0;0;174;0;0;0;0;0;0;174;0;0;0;0;0;0;174;0;0;0;0;0;0;174;1004;176;1004;172;12;172;1004;1004;1004;
1004;1004;1004;178;178;1004;1004;1004;176;0;0;0;0;0;0;0;0;176;0;0;0;0;176;0;0;0;0;0;0;0;0;176;0;0;998;0;176;0;0;0;0;0;0;0;0;176;1004;172;1004;182;182;1004;172;1004;174;0;0;102;0;0;0;0;0;174;0;0;0;0;174;0;0;0;0;0;0;0;0;174;0;0;0;0;174;0;0;0;0;0;0;0;0;174;1004;1004;1004;172;172;1004;1004;1004;
1004;1004;1004;178;1004;174;1004;176;0;0;0;0;0;0;0;0;0;0;176;0;0;176;0;0;0;0;0;0;0;0;0;0;176;0;0;176;0;0;0;0;0;0;0;0;0;0;176;1004;1004;1004;1004;1004;1004;174;0;0;0;0;0;0;0;0;0;0;174;0;0;174;0;0;0;0;0;0;0;0;0;0;174;0;0;174;0;0;0;0;0;0;102;0;0;0;174;1004;174;1004;172;1004;1004;1004;
1004;1004;1004;1004;1004;1004;176;12;0;0;0;0;0;0;0;0;0;0;0;0;0;0;0;0;0;0;0;0;0;0;0;0;0;0;0;0;0;0;0;0;0;0;0;0;0;0;12;176;1004;170;170;1004;174;12;0;0;0;0;0;0;0;0;0;0;0;0;0;0;0;0;0;0;0;0;0;0;0;0;0;0;0;0;0;0;0;0;0;0;0;0;0;0;12;174;1004;1004;1004;1004;1004;1004;
1004;1004;1004;172;1004;176;176;176;176;176;176;176;176;176;176;176;176;176;176;176;176;176;176;176;176;176;176;176;176;176;176;176;176;176;176;176;176;176;176;176;176;176;176;176;176;176;176;176;1004;1004;1004;1004;174;174;174;174;174;174;174;174;174;174;174;174;174;174;174;174;174;174;174;174;174;174;174;174;174;174;174;174;174;174;174;174;174;174;174;174;174;174;174;174;174;174;174;1004;172;1004;1004;1004;
1004;1004;1004;1004;1004;1004;1004;1004;1004;1004;1004;1004;1004;1004;1004;1004;1004;1004;1004;1004;1004;1004;1004;1004;1004;1004;1004;1004;1004;1004;1004;1004;1004;1004;1004;1004;1004;1004;1004;1004;1004;1004;1004;1004;1004;1004;1004;1004;172;1004;1004;172;1004;1004;1004;1004;1004;1004;1004;1004;1004;1004;1004;1004;1004;1004;1004;1004;1004;1004;1004;1004;1004;1004;1004;1004;1004;1004;1004;1004;1004;1004;1004;1004;1004;1004;1004;1004;1004;1004;1004;1004;1004;1004;1004;1004;1004;1004;1004;1004;
1278;170;1004;1004;1004;1004;1004;1004;1004;1004;1004;1004;1004;1004;1004;1004;1004;1004;1004;1004;1004;1004;1004;1004;1004;1004;1004;1004;1004;1004;1004;1004;1004;1004;1004;1004;1004;1004;1004;1004;1004;1004;1004;1004;1004;1004;1004;1004;1004;1004;1004;1004;1004;1004;1004;1004;1004;1004;1004;1004;1004;1004;1004;1004;1004;1004;1004;1004;1004;1004;1004;1004;1004;1004;1004;1004;1004;1004;1004;1004;1004;1004;1004;1004;1004;1004;1004;1004;1004;1004;1004;1004;1004;1004;1004;1004;1004;1004;170;1004;
242;1276;1004;1004;1004;1004;1004;1004;1004;1004;1004;1004;1004;1004;1004;1004;1004;1004;1004;1004;1004;1004;1004;1004;1004;1004;1004;1004;1004;1004;1004;1004;1004;1004;1004;1004;1004;1004;1004;1004;1004;1004;1004;1004;1004;1004;1004;1004;1004;1004;1004;1004;1004;1004;1004;1004;1004;1004;1004;1004;1004;1004;1004;1004;1004;1004;1004;1004;1004;1004;1004;1004;1004;1004;1004;1004;1004;1004;1004;1004;1004;1004;1004;1004;1004;1004;1004;1004;1004;1004;1004;1004;1004;1004;1004;1004;1004;1004;1004;1004;
8;8;8;8;8;8;8;8;8;8;8;8;8;8;8;8;8;8;8;8;8;8;8;8;8;8;8;8;8;8;8;8;8;8;8;8;8;8;8;8;8;8;8;8;8;8;8;8;8;8;8;8;8;8;8;8;8;8;8;8;8;8;8;8;8;8;8;8;8;8;8;8;8;8;8;8;8;8;8;8;8;8;8;8;8;8;8;8;8;8;8;8;8;8;8;8;8;8;8;8;
8;8;8;8;8;8;8;8;8;8;8;8;8;8;8;8;8;8;8;8;8;8;8;8;8;8;8;8;8;8;8;8;8;8;8;8;8;8;8;8;8;8;8;8;8;8;8;8;8;8;8;8;8;8;8;8;8;8;8;8;8;8;8;8;8;8;8;8;8;8;8;8;8;8;8;8;8;8;8;8;8;8;8;8;8;8;8;8;8;8;8;8;8;8;8;8;8;8;8;8;
8;8;8;8;8;8;8;8;8;8;8;8;8;8;8;8;8;8;8;8;8;8;8;8;8;8;8;8;8;8;8;8;8;8;8;8;8;8;8;8;8;8;8;8;8;8;8;8;8;8;8;8;8;8;8;8;8;8;8;8;8;8;8;8;8;8;8;8;8;8;8;8;8;8;8;8;8;8;8;8;8;8;8;8;8;8;8;8;8;8;8;8;8;8;8;8;8;8;8;8;
8;8;8;8;8;8;8;8;8;8;8;8;8;8;8;8;8;8;8;8;8;8;8;8;8;8;8;8;8;8;8;8;8;8;8;8;8;8;8;8;8;8;8;8;8;8;8;8;8;8;8;8;8;8;8;8;8;8;8;8;8;8;8;8;8;8;8;8;8;8;8;8;8;8;8;8;8;8;8;8;8;8;8;8;8;8;8;8;8;8;8;8;8;8;8;8;8;8;8;8;
8;8;8;8;8;8;8;8;8;8;8;8;8;8;8;8;8;8;8;8;8;8;8;8;8;8;8;8;8;8;8;8;8;8;8;8;8;8;8;8;8;8;8;8;8;8;8;8;8;8;8;8;8;8;8;8;8;8;8;8;8;8;8;8;8;8;8;8;8;8;8;8;8;8;8;8;8;8;8;8;8;8;8;8;8;8;8;8;8;8;8;8;8;8;8;8;8;8;8;8;
8;8;8;8;8;8;8;8;8;8;8;8;8;8;8;8;8;8;8;8;8;8;8;8;8;8;8;8;8;8;8;8;8;8;8;8;8;8;8;8;8;8;8;8;8;8;8;8;8;8;8;8;8;8;8;8;8;8;8;8;8;8;8;8;8;8;8;8;8;8;8;8;8;8;8;8;8;8;8;8;8;8;8;8;8;8;8;8;8;8;8;8;8;8;8;8;8;8;8;8;
