0;0;0;0;0;0;0;0;0;0;0;0;0;0;0;0;0;0;0;0;0;0;0;0;0;0;0;0;0;0;0;0;0;0;0;0;0;0;0;0;0;0;0;0;0;0;0;0;0;0;0;0;0;0;0;0;0;0;0;0;0;0;0;0;0;0;0;0;0;0;0;0;0;0;0;0;0;0;0;0;0;0;0;0;0;0;0;0;0;0;0;0;0;0;0;0;0;0;0;0;
0;0;102;0;102;0;102;0;102;0;102;0;102;0;102;0;102;0;102;0;102;0;102;0;102;0;102;0;102;0;102;0;102;0;102;0;102;0;102;0;102;0;102;0;102;0;102;0;102;0;102;0;102;0;102;0;102;0;102;0;102;0;102;0;102;0;102;0;102;0;102;0;102;0;102;0;102;0;102;0;102;0;102;0;102;0;102;0;102;0;102;0;102;0;102;0;102;0;102;0;
0;102;0;102;0;102;0;102;0;102;0;102;0;102;0;102;0;102;0;102;0;102;0;102;0;102;0;102;0;102;0;102;0;102;0;102;0;102;0;102;0;102;0;102;0;102;0;102;0;102;0;102;0;102;0;102;0;102;0;102;0;102;0;102;0;102;0;102;0;102;0;102;0;102;0;102;0;102;0;102;0;102;0;102;0;102;0;102;0;102;0;102;0;102;0;102;0;102;0;0;
0;0;102;0;102;0;102;0;102;0;102;0;102;0;102;0;102;0;102;0;102;0;102;0;102;0;102;0;102;0;102;0;102;0;102;0;102;0;102;0;102;0;102;0;102;0;102;0;102;0;102;0;102;0;102;0;102;0;102;0;102;0;102;0;102;0;102;0;102;0;102;0;102;0;102;0;102;0;102;0;102;0;102;0;102;0;102;0;102;0;102;0;102;0;102;0;102;0;102;0;
0;102;0;102;0;102;0;102;0;102;0;102;0;102;0;102;0;102;0;102;0;102;0;102;0;102;0;102;0;102;0;102;0;102;0;102;0;102;0;102;0;102;0;102;0;102;0;102;0;102;0;102;0;102;0;102;0;102;0;102;0;102;0;102;0;102;0;102;0;102;0;102;0;102;0;102;0;102;0;102;0;102;0;102;0;102;0;102;0;102;0;102;0;102;0;102;0;102;0;0;
0;0;102;0;102;0;102;0;102;0;102;0;102;0;102;0;102;0;102;0;102;0;102;0;102;0;102;0;102;0;102;0;102;0;102;0;102;0;102;0;102;0;102;0;102;0;102;0;102;0;102;0;102;0;102;0;102;0;102;0;102;0;102;0;102;0;102;0;102;0;102;0;102;0;102;0;102;0;102;0;102;0;102;0;102;0;102;0;102;0;102;0;102;0;102;0;102;0;102;0;
0;102;0;102;0;102;0;102;0;102;0;102;0;102;0;102;0;102;0;102;0;102;0;102;0;102;0;102;0;102;0;102;0;102;0;102;0;102;0;102;0;102;0;102;0;102;0;102;0;102;0;102;0;102;0;102;0;102;0;102;0;102;0;102;0;102;0;102;0;102;0;102;0;102;0;102;0;102;0;102;0;102;0;102;0;102;0;102;0;102;0;102;0;102;0;102;0;102;0;0;
0;0;102;0;102;0;102;0;102;0;102;0;102;0;102;0;102;0;102;0;102;0;102;0;102;0;102;0;102;0;102;0;102;0;102;0;102;0;102;0;102;0;102;0;102;0;102;0;102;0;102;0;102;0;102;0;102;0;102;0;102;0;102;0;102;0;102;0;102;0;102;0;102;0;102;0;102;0;102;0;102;0;102;0;102;0;102;0;102;0;102;0;102;0;102;0;102;0;102;0;
0;102;0;102;0;102;0;102;0;102;0;102;0;102;0;102;0;102;0;102;0;102;0;102;0;102;0;102;0;102;0;102;0;102;0;102;0;102;0;102;0;102;0;102;0;102;0;102;0;102;0;102;0;102;0;102;0;102;0;102;0;102;0;102;0;102;0;102;0;102;0;102;0;102;0;102;0;102;0;102;0;102;0;102;0;102;0;102;0;102;0;102;0;102;0;102;0;102;0;0;
0;0;102;0;102;0;102;0;102;0;102;0;102;0;102;0;102;0;102;0;102;0;102;0;102;0;102;0;102;0;102;0;102;0;102;0;102;0;102;0;102;0;102;0;102;0;102;0;102;0;102;0;102;0;102;0;102;0;102;0;102;0;102;0;102;0;102;0;102;0;102;0;102;0;102;0;102;0;102;0;102;0;102;0;102;0;102;0;102;0;102;0;102;0;102;0;102;0;102;0;
0;102;0;102;0;102;0;102;0;102;0;102;0;102;0;102;0;102;0;102;0;102;0;102;0;102;0;102;0;102;0;102;0;102;0;102;0;102;0;102;0;102;0;102;0;102;0;102;0;102;0;102;0;102;0;102;0;102;0;102;0;102;0;102;0;102;0;102;0;102;0;102;0;102;0;102;0;102;0;102;0;102;0;102;0;102;0;102;0;102;0;102;0;102;0;102;0;102;0;0;
0;0;102;0;102;0;102;0;102;0;102;0;102;0;102;0;102;0;102;0;102;0;102;0;102;0;102;0;102;0;102;0;102;0;102;0;102;0;102;0;102;0;102;0;102;0;102;0;102;0;102;0;102;0;102;0;102;0;102;0;102;0;102;0;102;0;102;0;102;0;102;0;102;0;102;0;102;0;102;0;102;0;102;0;102;0;102;0;102;0;102;0;102;0;102;0;102;0;102;0;
0;102;0;102;0;102;0;102;0;102;0;102;0;102;0;102;0;102;0;102;0;102;0;102;0;102;0;102;0;102;0;102;0;102;0;102;0;102;0;102;0;102;0;102;0;102;0;102;0;102;0;102;0;102;0;102;0;102;0;102;0;102;0;102;0;102;0;102;0;102;0;102;0;102;0;102;0;102;0;102;0;102;0;102;0;102;0;102;0;102;0;102;0;102;0;102;0;102;0;0;
0;0;102;0;102;0;102;0;102;0;102;0;102;0;102;0;102;0;102;0;102;0;102;0;102;0;102;0;102;0;102;0;102;0;102;0;102;0;102;0;102;0;102;0;102;0;102;0;102;0;102;0;102;0;102;0;102;0;102;0;102;0;102;0;102;0;102;0;102;0;102;0;102;0;102;0;102;0;102;0;102;0;102;0;102;0;102;0;102;0;102;0;102;0;102;0;102;0;102;0;
0;102;0;102;0;102;0;102;0;102;0;102;0;102;0;102;0;102;0;102;0;102;0;102;0;102;0;102;0;102;0;102;0;102;0;102;0;102;0;102;0;102;0;102;0;102;0;102;0;102;0;102;0;102;0;102;0;102;0;102;0;102;0;102;0;102;0;102;0;102;0;102;0;102;0;102;0;102;0;102;0;102;0;102;0;102;0;102;0;102;0;102;0;102;0;102;0;102;0;0;
0;0;102;0;102;0;102;0;102;0;102;0;102;0;102;0;102;0;102;0;102;0;102;0;102;0;102;0;102;0;102;0;102;0;102;0;102;0;102;0;102;0;102;0;102;0;102;0;102;0;102;0;102;0;102;0;102;0;102;0;102;0;102;0;102;0;102;0;102;0;102;0;102;0;102;0;102;0;102;0;102;0;102;0;102;0;102;0;102;0;102;0;102;0;102;0;102;0;102;0;
0;102;0;102;0;102;0;102;0;102;0;102;0;102;0;102;0;102;0;102;0;102;0;102;0;102;0;102;0;102;0;102;0;102;0;102;0;102;0;102;0;102;0;102;0;102;0;102;0;102;0;102;0;102;0;102;0;102;0;102;0;102;0;102;0;102;0;102;0;102;0;102;0;102;0;102;0;102;0;102;0;102;0;102;0;102;0;102;0;102;0;102;0;102;0;102;0;102;0;0;
0;0;102;0;102;0;102;0;102;0;102;0;102;0;102;0;102;0;102;0;102;0;102;0;102;0;102;0;102;0;102;0;102;0;102;0;102;0;102;0;102;0;102;0;102;0;102;0;102;0;102;0;102;0;102;0;102;0;102;0;102;0;102;0;102;0;102;0;102;0;102;0;102;0;102;0;102;0;102;0;102;0;102;0;102;0;102;0;102;0;102;0;102;0;102;0;102;0;102;0;
0;102;0;102;0;102;0;102;0;102;0;102;0;102;0;102;0;102;0;102;0;102;0;102;0;102;0;102;0;102;0;102;0;102;0;102;0;102;0;102;0;102;0;102;0;102;0;102;0;102;0;102;0;102;0;102;0;102;0;102;0;102;0;102;0;102;0;102;0;102;0;102;0;102;0;102;0;102;0;102;0;102;0;102;0;102;0;102;0;102;0;102;0;102;0;102;0;102;0;0;
0;0;102;0;102;0;102;0;102;0;102;0;102;0;102;0;102;0;102;0;102;0;102;0;102;0;102;0;102;0;102;0;102;0;102;0;102;0;102;0;102;0;102;0;102;0;102;0;102;0;102;0;102;0;102;0;102;0;102;0;102;0;102;0;102;0;102;0;102;0;102;0;102;0;102;0;102;0;102;0;102;0;102;0;102;0;102;0;102;0;102;0;102;0;102;0;102;0;102;0;
0;102;0;102;0;102;0;102;0;102;0;102;0;102;0;102;0;102;0;102;0;102;0;102;0;102;0;102;0;102;0;102;0;102;0;102;0;102;0;102;0;102;0;102;0;102;0;102;0;102;0;102;0;102;0;102;0;102;0;102;0;102;0;102;0;102;0;102;0;102;0;102;0;102;0;102;0;102;0;102;0;102;0;102;0;102;0;102;0;102;0;102;0;102;0;102;0;102;0;0;
0;0;102;0;102;0;102;0;102;0;102;0;102;0;102;0;102;0;102;0;102;0;102;0;102;0;102;0;102;0;102;0;102;0;102;0;102;0;102;0;102;0;102;0;102;0;102;0;102;0;102;2978;2978;0;102;0;102;0;102;0;102;0;102;0;102;0;102;0;102;0;102;0;102;0;102;0;102;0;102;0;102;0;102;0;102;0;102;0;102;0;102;0;102;0;102;0;102;0;102;0;
0;102;0;102;0;102;0;102;0;102;0;102;0;102;0;102;0;102;0;102;0;102;0;102;0;102;0;102;0;102;0;102;0;102;0;102;0;102;0;102;0;102;0;102;0;102;2946;2946;2946;2946;2946;2946;2946;2946;2946;382;0;102;0;102;0;102;0;102;0;102;0;102;0;102;0;102;0;102;0;102;0;102;0;102;0;102;0;102;0;102;0;102;0;102;0;102;0;102;0;102;0;102;0;0;
0;0;102;0;102;0;102;0;102;0;102;0;102;0;102;0;102;0;102;0;102;0;102;0;102;0;102;0;102;0;102;0;102;0;102;0;102;0;102;0;102;0;102;0;102;0;20;20;20;20;20;20;20;20;20;20;0;0;102;0;102;0;102;0;102;0;102;0;102;0;102;0;102;0;102;0;102;0;102;0;102;0;102;0;102;0;102;0;102;0;102;0;102;0;102;0;102;0;102;0;
0;102;0;102;0;102;0;102;0;102;0;102;0;102;0;102;0;102;0;102;0;102;0;102;0;102;0;102;0;102;0;102;0;102;0;102;0;102;0;102;0;102;0;102;0;102;478;1006;1006;478;478;478;478;478;478;478;478;102;0;102;0;102;1256;102;3316;102;0;102;0;102;0;102;0;102;0;102;0;102;0;102;0;102;0;102;0;102;0;102;0;102;0;102;0;102;0;102;0;102;0;0;
0;0;102;0;102;0;102;0;102;0;102;0;102;0;102;0;102;0;102;0;102;0;102;0;102;0;102;0;102;0;102;0;102;0;102;0;102;0;102;0;102;0;102;0;102;20;1240;1240;658;20;20;6;20;2978;2978;2978;20;480;102;0;102;0;102;20;1452;0;102;0;102;0;102;0;102;0;102;0;102;0;102;0;102;0;102;0;102;0;102;0;102;0;102;0;102;0;102;0;102;0;102;0;
0;102;0;102;0;102;0;102;0;102;0;102;0;102;0;102;0;102;0;102;0;102;0;102;0;102;0;102;0;102;0;102;0;102;0;102;0;102;0;102;0;102;0;102;0;102;478;478;478;478;478;8;478;478;478;478;478;102;0;102;0;102;0;102;1048;102;0;102;0;102;0;102;0;102;0;102;0;102;0;102;0;102;0;102;0;102;0;102;0;102;0;102;0;102;0;102;0;102;0;0;
0;0;102;0;102;0;102;0;102;0;102;0;102;0;102;0;102;0;102;0;102;0;102;0;102;0;102;0;102;0;102;0;102;0;102;0;102;0;102;0;102;0;102;0;102;0;0;0;0;0;20;1240;0;0;0;0;0;0;102;0;102;0;102;0;102;0;102;0;102;0;102;0;102;0;102;0;102;0;102;0;102;0;102;0;102;0;102;0;102;0;102;0;102;0;102;0;102;0;102;0;
0;102;0;102;0;102;0;102;0;102;0;102;0;102;0;102;0;102;0;102;0;102;0;102;0;102;0;102;0;102;0;102;0;102;0;102;0;102;0;102;0;102;0;102;0;102;0;102;0;102;0;102;0;102;0;102;0;102;0;102;0;102;0;102;0;102;0;102;0;102;0;102;0;102;0;102;0;102;0;102;0;102;0;102;0;102;0;102;0;102;0;102;0;102;0;102;0;102;0;0;
0;0;102;0;102;0;102;0;102;0;102;0;102;0;102;0;102;0;102;0;102;0;102;0;102;0;102;0;102;0;102;0;102;0;102;0;102;0;102;0;102;0;102;0;102;0;102;0;102;0;102;0;102;0;102;0;102;0;102;0;102;0;102;0;102;0;102;0;102;0;102;0;102;0;102;0;102;0;102;0;102;0;102;0;102;0;102;0;102;0;102;0;102;0;102;0;102;0;102;0;
0;102;0;102;0;102;0;102;0;102;0;102;0;102;0;102;0;102;0;102;0;102;0;102;0;102;0;102;0;102;0;102;0;102;0;102;0;102;0;102;0;102;0;102;0;102;0;102;0;102;0;102;0;102;0;102;0;102;0;102;0;102;0;102;0;102;0;102;0;102;0;102;0;102;0;102;0;102;0;102;0;102;0;102;0;102;0;102;0;102;0;102;0;102;0;102;0;102;0;0;
0;0;102;0;102;0;102;0;102;0;102;0;102;0;102;0;102;0;102;0;102;0;102;0;102;0;102;0;102;0;102;0;102;0;102;0;102;0;102;0;102;0;102;0;102;0;102;0;102;0;102;0;102;0;102;0;102;0;102;0;102;0;102;0;102;0;102;0;102;0;102;0;102;0;102;0;102;0;102;0;102;0;102;0;102;0;102;0;102;0;102;0;102;0;102;0;102;0;102;0;
0;102;0;102;0;102;0;102;0;102;0;102;0;102;0;102;0;102;0;102;0;102;0;102;0;102;0;102;0;102;0;102;0;102;0;102;0;102;0;102;0;102;0;102;0;102;0;102;0;102;0;102;0;102;0;102;0;102;0;102;0;102;0;102;0;102;0;102;0;102;0;102;0;102;0;102;0;102;0;102;0;102;0;102;0;102;0;102;0;102;0;102;0;102;0;102;0;102;0;0;
0;0;102;0;102;0;102;0;102;0;102;0;102;0;102;0;102;0;102;0;102;0;102;0;102;0;102;0;102;0;102;0;102;0;102;0;102;0;102;0;102;0;102;0;102;0;102;0;102;0;102;0;102;0;102;0;102;0;102;0;102;0;102;0;102;0;102;0;102;0;102;0;102;0;102;0;102;0;102;0;102;0;102;0;102;0;102;0;102;0;102;0;102;0;102;0;102;0;102;0;
0;102;0;102;0;102;0;102;0;102;0;102;0;102;0;102;0;102;0;102;0;102;0;102;0;102;0;102;0;102;0;102;0;102;0;102;0;102;0;102;0;102;0;102;0;102;0;102;0;102;0;102;0;102;0;102;0;102;0;102;0;102;0;102;0;102;0;102;0;102;0;102;0;102;0;102;0;102;0;102;0;102;0;102;0;102;0;102;0;102;0;102;0;102;0;102;0;102;0;0;
0;0;102;0;102;0;102;0;102;0;102;0;102;0;102;0;102;0;102;0;102;0;102;0;102;0;102;0;102;0;102;0;102;0;102;0;102;0;102;0;102;0;102;0;102;0;102;0;102;0;102;0;102;0;102;0;102;0;102;0;102;0;102;0;102;0;102;0;102;0;102;0;102;0;102;0;102;0;102;0;102;0;102;0;102;0;102;0;102;0;102;0;102;0;102;0;102;0;102;0;
0;102;0;102;0;102;0;102;0;102;0;102;0;102;0;102;0;102;0;102;0;102;0;102;0;102;0;102;0;102;0;102;0;102;0;102;0;102;0;102;0;102;0;102;0;102;0;102;0;102;0;102;0;102;0;102;0;102;0;102;0;102;0;102;0;102;0;102;0;102;0;102;0;102;0;102;0;102;0;102;0;102;0;102;0;102;0;102;0;102;0;102;0;102;0;102;0;102;0;0;
0;0;102;0;102;0;102;0;102;0;102;0;102;0;102;0;102;0;102;0;102;0;102;0;102;0;102;0;102;0;102;0;102;0;102;0;102;0;102;0;102;0;102;0;102;0;102;0;102;0;102;0;102;0;102;0;102;0;102;0;102;0;102;0;102;0;102;0;102;0;102;0;102;0;102;0;102;0;102;0;102;0;102;0;102;0;102;0;102;0;102;0;102;0;102;0;102;0;102;0;
0;102;0;102;0;102;0;102;0;102;0;102;0;102;0;102;0;102;0;102;0;102;0;102;0;102;0;102;0;102;0;102;0;102;0;102;0;102;0;102;0;102;0;102;0;102;0;102;0;102;0;102;0;102;0;102;0;102;0;102;0;102;0;102;0;102;0;102;0;102;0;102;0;102;0;102;0;102;0;102;0;102;0;102;0;102;0;102;0;102;0;102;0;102;0;102;0;102;0;0;
0;0;102;0;102;0;102;0;102;0;102;0;102;0;102;0;102;0;102;0;102;0;102;0;102;0;102;0;102;0;102;0;102;0;102;0;102;0;102;0;102;0;102;0;102;0;102;0;102;0;102;0;102;0;102;0;102;0;102;0;102;0;102;0;102;0;102;0;102;0;102;0;102;0;102;0;102;0;102;0;102;0;102;0;102;0;102;0;102;0;102;0;102;0;102;0;102;0;102;0;
0;102;0;102;0;102;0;102;0;102;0;102;0;102;0;102;0;102;0;102;0;102;0;102;0;102;0;102;0;102;0;102;0;102;0;102;0;102;0;102;0;102;0;102;0;102;0;102;0;102;0;102;0;102;0;102;0;102;0;102;0;102;0;102;0;102;0;102;0;102;0;102;0;102;0;102;0;102;0;102;0;102;0;102;0;102;0;102;0;102;0;0;0;102;0;102;0;102;0;0;
0;0;102;0;102;0;102;0;102;0;102;0;102;0;102;0;102;0;102;0;102;0;102;0;102;0;102;0;102;0;102;0;102;0;102;0;102;0;102;0;102;0;102;0;102;0;102;0;102;0;102;0;102;0;102;0;102;0;102;0;102;0;102;0;102;0;102;0;102;0;102;0;102;0;102;0;102;0;102;0;102;0;102;0;102;0;102;0;102;0;102;0;102;0;102;0;102;0;102;0;
0;102;0;102;0;102;0;102;0;102;0;102;0;102;0;102;0;102;0;102;0;102;0;102;0;102;0;102;0;102;0;102;0;102;0;102;0;102;0;102;0;102;0;102;0;102;0;102;0;102;0;102;0;102;0;102;0;102;0;102;0;102;0;102;0;102;0;102;0;102;0;102;0;102;0;102;0;102;0;102;0;102;0;102;0;102;0;102;0;102;0;102;0;102;0;102;0;102;0;0;
0;0;102;0;102;0;102;0;102;0;102;0;102;0;102;0;102;0;102;0;102;0;102;0;102;0;102;0;102;0;102;0;102;0;102;0;102;0;102;0;102;0;102;0;102;0;102;0;102;0;102;0;102;0;102;0;102;0;102;0;102;0;102;0;102;0;102;0;102;0;102;0;102;0;102;0;102;0;102;0;102;0;102;0;102;0;102;0;102;0;102;0;102;0;102;0;102;0;102;0;
0;102;0;102;0;102;0;102;0;102;0;102;0;102;0;102;0;102;0;102;0;102;0;102;0;102;0;102;0;102;0;102;0;102;0;102;0;102;0;102;0;102;0;102;0;102;0;102;0;102;0;102;0;102;0;102;0;102;0;102;0;102;0;102;0;102;0;102;0;102;0;102;0;102;0;102;0;102;0;102;0;102;0;102;0;102;0;102;0;102;0;102;0;102;0;102;0;102;0;0;
0;0;102;0;102;0;102;0;102;0;102;0;102;0;102;0;102;0;102;0;102;0;102;0;102;0;102;0;102;0;102;0;102;0;102;0;102;0;102;0;102;0;102;0;102;0;102;0;102;0;102;0;102;0;102;0;102;0;102;0;102;0;102;0;102;0;102;0;102;0;102;0;102;0;102;0;102;0;102;0;102;0;102;0;102;0;102;0;102;0;102;0;102;0;102;0;102;0;102;0;
0;102;0;102;0;102;0;102;0;102;0;102;0;102;0;102;0;102;0;102;0;102;0;102;0;102;0;102;0;102;0;102;0;102;0;102;0;102;0;102;0;102;0;102;0;102;0;102;0;102;0;102;0;102;0;102;0;102;0;102;0;102;0;102;0;102;0;102;0;102;0;102;0;102;0;102;0;102;0;102;0;102;0;102;0;102;0;102;0;102;0;102;0;102;0;102;0;102;0;0;
0;0;102;0;102;0;102;0;102;0;102;0;102;0;102;0;102;0;102;0;102;0;102;0;102;0;102;0;102;0;102;0;102;0;102;0;102;0;102;0;102;0;102;0;102;0;102;0;102;0;102;0;102;0;102;0;102;0;102;0;102;0;102;0;102;0;102;0;102;0;102;0;102;0;102;0;102;0;102;0;102;0;102;0;102;0;102;0;102;0;102;0;102;0;102;0;102;0;102;0;
202;102;0;102;0;102;0;102;0;102;0;102;0;102;0;102;0;102;0;102;0;102;0;102;0;102;0;102;0;102;0;102;0;102;0;102;0;102;0;102;0;102;0;102;0;102;0;102;0;102;0;102;0;102;0;102;0;102;0;102;0;102;0;102;0;102;0;102;0;102;0;102;0;102;0;102;0;102;0;102;0;102;0;102;0;102;0;102;0;102;0;102;0;102;0;102;0;102;0;0;
1490;0;102;0;102;0;102;0;102;0;102;0;102;0;102;0;102;0;102;0;102;0;102;0;102;0;102;0;102;0;102;0;102;0;102;0;102;0;102;0;102;0;102;0;102;0;102;0;102;0;102;0;102;0;102;0;102;0;102;0;102;0;102;0;102;0;102;0;102;0;102;0;102;0;102;0;102;0;102;0;102;0;102;0;102;0;102;0;102;0;102;0;102;0;102;0;102;0;102;0;
1278;102;0;102;0;102;0;102;0;102;0;102;0;102;0;102;0;102;0;102;0;102;0;102;0;102;0;102;0;102;0;102;0;102;0;102;0;102;0;102;0;102;0;102;0;102;0;102;0;102;0;102;0;102;0;102;0;102;0;102;0;102;0;102;0;102;0;102;0;102;0;102;0;102;0;102;0;102;0;102;0;102;0;102;0;102;0;102;0;102;0;102;0;102;0;102;0;102;0;0;
1276;12;102;0;102;0;102;0;102;0;102;0;102;0;102;0;102;0;102;0;102;0;102;0;102;0;102;0;102;0;102;0;102;0;102;0;102;0;102;0;102;0;102;0;102;0;102;0;102;0;102;0;102;0;102;0;102;0;102;0;102;0;102;0;102;0;102;0;102;0;102;0;102;0;102;0;102;0;102;0;102;0;102;0;102;0;102;0;102;0;102;0;102;0;102;0;102;0;102;0;
526;102;0;102;0;102;0;102;0;102;0;102;0;102;0;102;0;102;0;102;0;102;0;102;0;102;0;102;0;102;0;102;0;102;0;102;0;102;0;102;0;102;0;102;0;102;0;102;0;102;0;102;0;102;0;102;0;102;0;102;0;102;0;102;0;102;0;102;0;102;0;102;0;102;0;102;0;102;0;102;0;102;0;102;0;102;0;102;0;102;0;102;0;102;0;102;0;102;0;526;
440;440;440;440;440;440;440;440;440;440;440;440;440;440;440;440;440;440;440;440;440;440;440;440;440;440;440;440;440;440;440;440;440;440;440;440;440;440;440;440;440;440;440;440;440;440;440;440;440;440;440;440;440;440;440;440;440;440;440;440;440;440;440;440;440;440;440;440;440;440;440;440;440;440;440;440;440;440;440;440;440;440;440;440;440;440;440;440;440;440;440;440;440;440;440;440;440;440;440;242;
8;8;8;8;8;8;8;8;8;8;8;8;8;8;8;8;8;8;8;8;8;8;8;8;8;8;8;8;8;8;8;8;8;8;8;8;8;8;8;8;8;8;8;8;8;8;8;8;8;8;8;8;8;8;8;8;8;8;8;8;8;8;8;8;8;8;8;8;8;8;8;8;8;8;8;8;8;8;8;8;8;8;8;8;8;8;8;8;8;8;8;8;8;8;8;8;8;8;8;8;
8;8;8;8;8;8;8;8;8;8;8;8;8;8;8;8;8;8;8;8;8;8;8;8;8;8;8;8;8;8;8;8;8;8;8;8;8;8;8;8;8;8;8;8;8;8;8;8;8;8;8;8;8;8;8;8;8;8;8;8;8;8;8;8;8;8;8;8;8;8;8;8;8;8;8;8;8;8;8;8;8;8;8;8;8;8;8;8;8;8;8;8;8;8;8;8;8;8;8;8;
8;8;8;8;8;8;8;8;8;8;8;8;8;8;8;8;8;8;8;8;8;8;8;8;8;8;8;8;8;8;8;8;8;8;8;8;8;8;8;8;8;8;8;8;8;8;8;8;8;8;8;8;8;8;8;8;8;8;8;8;8;8;8;8;8;8;8;8;8;8;8;8;8;8;8;8;8;8;8;8;8;8;8;8;8;8;8;8;8;8;8;8;8;8;8;8;8;8;8;8;
8;8;8;8;8;8;8;8;8;8;8;8;8;8;8;8;8;8;8;8;8;8;8;8;8;8;8;8;8;8;8;8;8;8;8;8;8;8;8;8;8;8;8;8;8;8;8;8;8;8;8;8;8;8;8;8;8;8;8;8;8;8;8;8;8;8;8;8;8;8;8;8;8;8;8;8;8;8;8;8;8;8;8;8;8;8;8;8;8;8;8;8;8;8;8;8;8;8;8;8;
8;8;8;8;8;8;8;8;8;8;8;8;8;8;8;8;8;8;8;8;8;8;8;8;8;8;8;8;8;8;8;8;8;8;8;8;8;8;8;8;8;8;8;8;8;8;8;8;8;8;8;8;8;8;8;8;8;8;8;8;8;8;8;8;8;8;8;8;8;8;8;8;8;8;8;8;8;8;8;8;8;8;8;8;8;8;8;8;8;8;8;8;8;8;8;8;8;8;8;8;
8;8;8;8;8;8;8;8;8;8;8;8;8;8;8;8;8;8;8;8;8;8;8;8;8;8;8;8;8;8;8;8;8;8;8;8;8;8;8;8;8;8;8;8;8;8;8;8;8;8;8;8;8;8;8;8;8;8;8;8;8;8;8;8;8;8;8;8;8;8;8;8;8;8;8;8;8;8;8;8;8;8;8;8;8;8;8;8;8;8;8;8;8;8;8;8;8;8;8;8;
