0;0;0;0;0;0;0;0;0;0;0;0;0;0;0;0;0;0;0;0;0;0;0;0;0;0;0;0;0;0;0;0;0;0;0;0;0;0;0;0;0;0;0;0;0;0;0;0;0;0;0;0;0;0;0;0;0;0;0;0;0;0;0;0;0;0;0;0;0;0;0;0;0;0;0;0;0;0;0;0;0;0;0;0;0;0;0;0;0;0;0;0;0;0;0;0;0;0;0;0;
0;0;0;0;0;0;0;0;0;0;0;0;0;0;0;0;0;0;0;0;0;0;0;0;0;0;0;0;0;0;0;0;0;0;0;0;0;0;0;0;0;0;0;0;0;0;0;0;0;0;0;0;0;0;0;0;0;0;0;0;0;0;0;0;0;0;0;0;0;0;0;0;0;0;0;0;0;0;0;0;0;0;0;0;0;0;0;0;0;0;0;0;0;0;0;0;0;0;0;0;
0;0;0;0;0;0;0;0;0;0;0;0;0;0;0;0;0;0;0;0;0;0;0;0;0;0;0;0;0;0;0;0;0;0;0;0;0;0;0;0;0;0;0;0;0;0;0;0;0;0;0;0;0;0;0;0;0;0;0;0;0;0;0;0;0;0;0;0;0;0;0;0;0;0;0;0;0;0;0;0;0;0;0;0;0;0;0;0;0;0;0;0;0;0;0;0;0;0;0;0;
0;0;0;0;0;0;0;0;0;0;0;0;0;0;0;0;0;0;0;0;0;0;0;0;0;0;0;0;0;0;0;0;0;0;0;0;0;0;0;0;0;0;0;0;0;0;0;0;0;0;0;0;0;0;0;0;0;0;0;0;0;0;0;0;0;0;0;0;0;0;0;0;0;0;0;0;0;0;0;0;0;0;0;0;0;0;0;0;0;0;0;0;0;0;0;0;0;0;0;0;
0;0;0;0;0;0;0;0;0;0;0;0;0;0;0;0;0;0;0;0;0;0;0;0;0;0;0;0;0;0;0;0;0;0;0;0;0;0;0;0;0;0;0;0;0;0;0;0;0;0;0;0;0;0;0;0;0;0;0;0;0;0;0;0;0;0;0;0;0;0;0;0;0;0;0;0;0;0;0;0;0;0;0;0;0;0;0;0;0;0;0;0;0;0;0;0;0;0;0;0;
0;0;0;0;0;0;0;0;0;0;0;0;0;0;0;0;0;0;0;0;0;0;0;0;0;0;0;0;0;0;0;0;0;0;0;0;0;0;102;0;0;0;0;0;0;0;0;0;0;0;0;0;0;0;0;3267;3267;3267;0;0;0;0;0;0;0;0;0;0;0;0;0;0;0;0;0;0;0;0;0;0;0;0;0;0;0;0;0;0;0;0;0;0;0;0;0;0;0;0;0;0;
0;0;0;0;0;0;0;0;0;0;0;0;0;0;0;0;0;0;0;0;0;0;0;0;0;0;0;0;0;0;0;0;0;0;0;0;0;0;0;0;0;0;0;0;0;0;3266;3266;3266;3266;3266;3266;3266;3266;3266;3266;3266;3266;3266;3266;3266;3266;3266;3266;3266;3266;3266;3266;3266;3266;3266;3266;3266;3266;3266;3266;3266;3266;3266;3266;3266;3266;3266;0;0;0;0;0;0;0;0;0;0;0;0;0;0;0;0;0;
0;0;0;0;0;0;0;0;0;0;0;0;0;0;0;0;0;0;0;0;0;0;0;0;0;0;0;0;0;0;0;0;0;0;0;102;0;0;0;0;0;0;0;0;0;0;3266;162;162;162;162;162;162;162;162;162;162;162;162;162;162;162;162;162;162;162;162;162;162;162;162;162;162;162;162;162;162;162;162;162;162;162;3266;0;0;0;0;0;0;0;0;0;0;0;0;0;0;0;0;0;
0;0;0;0;0;0;0;0;0;0;0;0;0;0;0;0;0;0;0;0;0;0;0;0;0;0;0;0;0;0;0;0;0;0;0;0;0;0;0;0;0;0;0;0;0;0;3266;162;0;0;0;0;0;0;0;0;0;0;0;0;0;0;0;0;0;0;0;0;0;0;0;0;0;0;0;0;0;0;0;0;0;0;162;3266;3266;3266;3266;3266;3266;3266;3266;3266;3266;3266;3266;3266;3266;3266;3266;3266;
0;0;0;0;0;0;0;0;0;0;0;0;0;0;0;0;0;0;0;0;0;0;0;0;0;0;0;0;0;0;0;0;102;0;0;0;0;0;0;0;0;0;0;0;0;0;3266;162;0;0;0;0;0;0;0;0;0;0;0;0;0;0;0;0;0;0;0;0;0;0;0;0;0;0;0;0;0;0;0;0;0;0;162;0;0;0;526;0;0;0;526;0;0;0;526;0;0;0;162;162;
0;0;0;0;0;0;0;0;0;0;0;0;0;0;0;0;0;0;0;0;0;0;0;0;0;0;0;0;0;0;0;0;0;0;0;0;0;0;0;0;0;0;0;0;0;0;3266;162;0;0;162;0;0;0;0;0;0;0;0;0;0;0;0;0;0;0;0;0;0;0;0;0;0;0;0;0;0;0;0;0;0;0;162;0;162;0;162;0;162;0;162;0;526;0;526;0;162;0;162;162;
0;0;0;0;0;0;0;0;0;0;0;0;0;0;102;0;0;102;0;0;0;0;0;0;0;0;0;0;0;102;0;0;0;0;0;0;0;0;0;0;0;0;0;0;0;0;3266;162;0;0;162;3496;3496;3496;3496;3496;3496;3496;3496;3496;3496;3496;3496;3496;3496;3496;3496;3496;3496;3496;3496;3496;3496;3496;3496;3496;3496;3496;3496;3496;3496;0;162;0;162;0;162;0;162;0;162;0;162;0;162;0;162;0;0;2;
0;0;0;0;0;0;0;0;0;0;0;0;0;0;0;0;0;102;0;0;0;0;0;0;0;0;0;102;0;0;0;0;0;0;0;0;0;0;0;0;0;0;0;0;0;0;3266;162;3266;0;162;3286;3286;3286;3286;3286;3286;3286;3286;3286;3286;3286;3286;3286;3286;3286;3286;3286;3286;3286;3286;3286;3286;3286;3286;3286;3286;3286;3286;3286;3286;598;0;0;162;0;0;0;162;0;0;0;162;0;0;0;162;546;0;0;
0;0;0;0;0;0;0;0;0;0;0;0;0;0;0;0;0;0;0;0;0;0;0;0;0;0;0;0;0;0;0;0;0;0;0;0;0;0;0;0;0;0;0;0;0;0;3266;162;0;0;162;162;162;162;162;162;162;162;162;162;162;162;162;162;162;162;162;162;162;162;162;162;162;162;162;162;162;162;162;162;162;3266;3266;3266;3266;3266;3266;3266;3266;3266;3266;3266;3266;3266;3266;3266;3266;3266;3266;224;
0;0;0;0;0;0;0;0;0;0;0;0;0;0;0;0;0;0;0;0;0;0;0;0;102;0;0;0;0;0;0;0;0;0;0;0;0;0;0;0;0;0;0;0;0;0;60;0;0;1326;410;0;0;0;0;0;0;0;0;0;0;0;0;0;0;0;0;0;0;0;0;0;0;0;0;0;0;0;0;0;0;60;0;0;0;0;0;0;0;0;0;0;0;0;0;0;0;0;0;0;
0;0;0;0;0;0;0;0;0;0;0;0;0;0;0;0;0;0;0;0;0;0;0;0;0;0;0;0;0;0;0;0;0;0;0;0;0;0;0;0;0;0;0;0;0;0;3266;3266;3266;3266;3266;3266;3266;3266;3266;3266;3266;3266;3266;3266;3266;3266;3266;3266;3266;3266;3266;3266;3266;3266;3266;3266;3266;3266;3266;3266;3266;3266;3266;3266;3266;3266;0;0;0;0;0;0;0;0;0;0;0;0;0;0;0;0;0;0;
0;0;0;0;0;0;0;0;0;0;0;0;0;0;0;0;0;0;0;0;0;0;0;0;0;0;0;0;0;0;0;0;0;0;0;0;0;0;0;0;0;0;0;0;0;0;1110;1110;1110;1110;1110;1110;1110;1110;1110;1110;1110;1110;1110;1110;1110;1110;1110;1110;1110;1110;1110;1110;1110;1110;1110;1110;1110;1110;1110;1110;1110;1110;1110;1110;1110;1110;0;0;0;0;0;0;0;0;0;0;0;0;0;0;0;0;0;0;
0;0;0;0;0;0;0;0;0;0;0;0;0;0;0;0;0;0;0;0;0;0;0;0;0;0;0;0;0;0;0;0;0;0;0;0;0;0;0;0;0;0;0;0;0;0;1110;162;0;0;0;162;0;0;0;162;0;162;162;0;162;0;162;0;162;0;162;162;0;162;162;0;162;0;162;0;162;0;0;0;162;1110;102;0;0;0;0;0;0;0;0;0;0;0;0;0;0;0;0;2;
0;0;0;0;0;0;0;0;0;0;0;0;0;0;0;0;0;0;0;102;102;0;0;0;0;0;0;0;0;0;0;0;0;0;0;0;0;0;0;0;0;0;0;0;0;0;1110;0;0;0;0;162;0;162;0;162;0;0;0;0;0;0;0;0;0;0;0;0;526;0;0;0;0;0;0;0;0;0;526;0;0;1110;0;0;0;0;0;0;0;0;0;0;0;0;0;0;0;0;0;0;
0;0;0;0;0;0;0;0;0;0;0;0;0;0;0;0;0;0;0;0;0;0;0;0;0;0;0;0;0;0;0;0;0;0;0;0;0;0;0;0;0;0;0;0;0;0;1110;0;0;162;0;0;0;162;0;0;0;0;1110;0;1110;0;1110;0;1110;0;1110;0;0;0;1110;0;1110;0;1110;0;1110;1110;1110;0;162;1110;0;0;0;0;0;0;0;0;0;0;0;0;0;0;0;0;0;0;
0;0;0;0;0;0;0;0;0;0;0;0;0;0;0;0;0;0;0;0;0;0;0;0;0;0;0;0;0;0;0;0;0;0;0;0;0;0;0;0;0;0;0;0;0;0;1110;0;1110;1110;1110;1110;1110;1110;1110;1110;1110;1110;1110;1110;1110;1110;1110;1110;1110;1110;1110;1110;1110;1110;1110;1110;1110;1110;1110;1110;162;162;0;0;0;1110;0;0;0;0;0;0;0;0;0;0;0;0;0;0;0;0;0;0;
0;0;0;0;0;0;0;0;0;0;0;0;0;0;0;0;0;0;0;0;0;0;0;0;0;0;0;0;0;0;0;0;0;0;0;0;0;0;0;0;0;0;0;0;0;0;1110;0;0;0;0;0;0;162;0;0;0;0;162;526;0;0;0;0;162;526;0;0;0;162;526;0;0;0;0;1110;162;546;0;526;0;60;0;0;2947;2947;0;0;0;0;106;106;106;0;0;0;0;0;0;0;
0;0;0;0;0;0;0;0;0;0;0;0;0;0;0;0;0;0;0;0;0;0;0;0;0;0;0;0;0;0;0;0;0;0;0;0;0;0;0;0;0;0;0;0;0;0;1110;0;0;0;0;0;0;0;0;0;0;0;0;0;0;0;0;0;0;0;0;0;0;0;0;0;0;0;0;1110;1110;1110;60;1110;60;1110;668;0;668;668;668;668;668;668;668;668;668;668;668;668;668;668;668;0;
0;0;0;0;0;0;0;0;0;0;0;0;0;0;0;0;0;0;0;0;0;102;0;0;0;0;0;0;0;0;0;0;0;0;0;0;0;0;0;0;0;0;0;0;0;0;1110;194;0;162;526;162;0;0;0;526;162;0;0;0;0;0;162;0;0;0;0;526;0;0;0;0;162;0;410;60;0;0;0;0;1326;1110;668;60;1326;0;0;0;0;0;986;1326;986;0;0;0;0;0;1326;668;
0;0;0;0;0;0;0;0;0;0;0;0;0;0;0;0;0;0;0;0;0;0;0;0;0;0;0;0;0;0;0;0;0;0;0;0;0;0;0;0;0;0;0;0;0;0;1110;1110;1110;1110;1110;1110;1110;1110;1110;1110;1110;1110;1110;1110;1110;1110;1110;1110;1110;1110;1110;1110;1110;1110;1110;1110;1110;1110;1110;1110;1110;1110;1110;1110;1110;1110;668;0;668;668;668;668;668;668;668;668;668;668;668;668;668;668;668;0;
0;0;0;0;0;0;0;0;0;0;0;0;0;0;0;0;0;0;0;0;0;0;0;0;0;0;0;0;0;0;0;0;0;0;0;0;0;0;0;0;0;0;0;0;0;0;668;668;162;162;162;668;162;162;162;668;162;162;162;668;162;162;162;668;162;162;162;668;162;162;162;668;162;162;162;668;162;162;162;668;668;668;668;0;1004;1004;1004;1004;1004;1004;1004;1004;1004;1004;1004;1004;1004;1004;0;0;
0;0;0;0;0;0;0;0;0;0;0;0;0;0;0;0;0;0;0;0;0;0;0;0;0;0;0;0;0;0;0;0;0;0;0;0;0;0;0;0;0;0;0;0;0;0;668;668;0;0;0;162;0;0;0;162;0;0;0;162;0;0;0;162;0;0;0;162;0;0;0;162;0;0;0;162;0;0;0;0;0;668;0;0;1004;1004;0;60;0;60;0;60;0;60;0;60;1004;1004;0;0;
0;0;0;0;0;0;0;0;0;0;0;0;0;0;0;0;0;0;0;0;0;0;0;0;0;0;0;0;0;0;0;0;0;0;0;0;0;0;0;0;0;0;0;0;0;0;668;0;0;440;0;0;0;440;0;0;0;440;0;0;0;440;0;0;0;440;0;0;0;440;0;0;0;440;0;0;0;440;0;526;546;60;0;998;1004;1004;102;1004;102;1004;102;1004;102;1004;102;60;0;1004;0;0;
0;0;0;0;0;0;0;0;0;0;0;0;0;0;0;0;0;0;0;0;0;186;186;186;186;186;186;186;186;186;186;186;0;0;0;0;0;0;0;0;0;0;0;0;0;0;668;0;668;668;668;668;668;668;668;668;668;668;668;668;668;668;668;668;668;668;668;668;668;668;668;668;668;668;668;668;668;668;668;668;668;668;0;0;1004;1004;0;1004;0;1004;0;1004;0;1004;0;60;1004;1004;0;0;
0;0;0;0;0;0;0;0;0;0;0;0;0;0;0;0;0;0;0;0;0;60;0;60;0;60;0;60;0;60;0;60;0;0;0;0;0;0;0;0;0;0;0;0;0;0;668;0;668;0;0;0;0;0;0;0;0;0;0;0;0;0;0;0;0;0;0;1326;0;0;0;0;0;0;0;0;0;0;0;0;0;60;0;0;1004;1004;102;1004;102;1004;102;1004;102;1004;102;60;1004;1004;0;0;
0;0;0;0;0;0;0;0;0;0;0;0;0;0;0;0;0;0;0;0;0;668;102;668;102;668;102;668;102;668;102;668;0;0;0;0;0;0;0;0;0;0;0;0;0;0;668;0;668;668;668;668;668;668;668;668;668;668;668;668;668;668;668;668;668;668;668;668;668;668;668;668;668;668;668;668;668;668;668;668;668;668;0;102;1004;1004;0;1004;0;1004;0;1004;0;1004;0;60;0;1004;0;0;
0;0;0;0;0;0;0;0;0;0;0;0;0;0;0;0;0;0;0;0;0;186;0;186;0;186;0;186;0;186;0;186;0;0;0;0;0;0;0;0;0;0;0;0;0;0;668;0;598;598;598;598;598;598;598;598;598;598;598;598;598;598;598;598;598;598;598;598;598;598;598;598;598;598;598;598;598;598;598;1770;1326;60;0;0;1004;1004;102;1004;102;1004;102;1004;102;1004;102;60;1004;1004;0;0;
0;0;0;0;0;0;0;0;0;0;0;0;0;0;0;0;0;0;0;0;0;186;102;186;102;186;102;186;102;186;102;186;0;0;0;0;0;0;0;0;0;0;0;0;0;0;668;668;162;440;162;440;162;440;162;440;162;440;162;440;162;440;162;440;162;440;162;440;162;440;162;440;162;440;162;440;162;440;162;668;668;668;0;0;60;1326;0;0;0;0;0;0;0;0;0;0;0;60;0;0;
0;0;0;0;0;0;0;0;0;0;0;0;0;0;0;0;0;0;0;0;0;60;0;0;0;0;1326;0;0;0;0;186;0;0;0;0;0;0;0;0;0;0;0;0;0;0;668;668;668;668;668;668;668;668;668;668;668;668;668;668;668;668;668;668;668;668;668;668;668;668;668;668;668;668;668;668;668;668;668;668;668;668;0;0;1004;1004;1004;1004;1004;1004;1004;1004;1004;1004;1004;1004;1004;1004;1005;1005;
1110;1110;1110;1110;1110;1110;1110;1110;1110;1110;1110;1110;1110;1110;1110;1110;1110;1110;1110;1110;1110;1110;1110;1110;1110;1110;1110;1110;1110;1110;1110;1110;1110;1110;1110;1110;1110;1110;1110;1110;1110;1110;1110;1110;1110;1110;1110;1110;1110;1110;0;0;0;0;0;0;0;0;0;0;0;0;0;0;0;0;0;0;0;0;0;0;0;0;0;0;0;0;0;0;0;1536;0;0;0;0;0;0;0;0;0;0;0;0;0;0;0;1536;0;0;
1110;0;162;162;162;0;162;162;162;0;0;0;0;0;162;162;162;0;0;0;0;0;0;0;0;0;0;0;0;0;0;0;0;162;162;162;0;0;0;0;0;162;162;162;162;0;0;0;0;1110;0;0;0;0;0;0;0;0;0;0;0;0;0;0;0;0;0;0;0;0;0;0;0;0;0;0;0;0;0;0;0;60;0;0;1326;103;0;0;0;0;0;0;0;0;0;0;0;0;1536;1536;
1110;162;162;162;162;0;162;162;162;0;102;162;102;0;162;162;162;0;102;162;102;0;0;0;0;0;0;0;0;102;162;102;0;162;162;162;0;102;162;102;0;162;162;162;162;162;0;0;0;1110;0;0;0;0;0;0;0;0;0;0;0;0;0;0;0;0;0;0;0;0;0;0;0;0;0;0;0;0;1100;1100;1100;1100;60;1100;1100;1100;1100;1100;1100;1100;1100;1100;1100;1100;1100;1100;1100;1100;1100;1100;
1110;162;162;0;0;0;0;0;0;0;0;162;0;0;0;0;0;0;0;162;0;1770;0;0;0;0;0;0;1770;0;162;0;0;0;0;0;0;0;162;0;0;0;0;0;0;0;162;0;0;1110;0;0;0;0;0;0;0;0;0;0;0;0;0;0;0;0;0;0;0;0;0;0;0;0;0;0;0;0;1100;728;728;728;0;728;728;1100;728;728;728;1100;1100;728;728;728;728;728;1100;1100;728;728;
1110;0;0;0;0;1110;1110;1110;1110;1110;1110;1110;1110;1110;1110;1110;1110;1110;1110;1110;1110;1110;102;0;0;0;0;102;1110;1110;1110;1110;1110;1110;1110;1110;1110;1110;1110;1110;1110;1110;1110;1110;0;0;0;162;0;1110;0;0;0;0;0;0;0;0;0;0;0;0;0;0;0;0;0;0;0;0;0;0;0;0;0;0;0;0;1100;0;0;0;0;0;0;0;0;0;0;0;1100;0;0;0;0;0;1100;0;0;0;
1110;162;0;0;0;0;0;0;162;0;0;0;0;0;0;162;0;0;0;0;0;0;0;0;0;0;0;0;0;0;0;0;0;0;162;0;0;0;0;0;0;162;162;162;162;0;0;162;0;1110;0;0;0;0;0;0;0;0;0;0;0;0;0;0;0;0;0;0;0;0;0;0;0;0;0;0;0;0;0;0;1100;1100;1100;1100;1100;1100;1100;1100;1100;0;0;0;0;0;0;0;0;0;0;0;
1110;0;162;0;0;0;0;0;0;0;330;0;0;0;0;0;0;330;0;0;0;0;0;0;0;0;0;0;0;0;0;0;330;0;0;0;0;0;0;330;0;0;0;0;0;0;0;0;0;1110;0;0;0;0;0;0;0;0;0;0;0;0;0;0;0;0;0;0;0;0;0;0;0;0;0;0;0;0;0;1100;0;0;0;0;0;0;0;0;0;0;0;1004;0;1004;1004;1004;2;0;0;0;
1110;0;0;0;0;0;162;0;0;0;668;668;440;440;0;0;0;668;668;440;440;1770;0;0;0;0;0;0;1770;440;440;668;668;0;0;0;440;440;668;668;0;0;0;668;0;0;0;0;162;1110;0;728;728;728;728;728;728;728;728;728;728;728;728;728;728;728;0;0;0;0;0;0;0;0;0;0;0;0;1100;0;0;0;0;0;0;0;0;0;0;0;1100;1298;1298;1298;1298;1298;1298;1298;1298;1298;
1110;162;0;0;162;1110;1110;1110;1110;1110;1110;1110;1110;1110;1110;1110;1110;1110;1110;1110;1110;1110;102;0;0;0;0;102;1110;1110;1110;1110;1110;1110;1110;1110;1110;1110;1110;1110;1110;1110;1110;1110;0;1522;0;0;0;1110;0;728;2488;728;728;728;728;728;2488;728;2488;2488;2488;2488;2488;728;0;0;0;0;0;0;0;0;0;0;0;0;1100;1294;0;0;0;0;0;0;0;0;0;0;1100;1298;0;0;0;1298;0;106;106;1298;
1110;0;0;330;0;0;330;0;0;0;330;0;330;0;0;0;330;0;0;0;0;0;0;0;0;0;0;0;0;0;0;162;0;330;0;0;0;330;0;330;0;162;0;0;0;0;0;0;0;1110;0;728;2488;728;728;728;728;728;2488;728;728;728;2488;728;728;728;0;0;0;0;0;0;0;0;0;0;0;0;728;1100;0;0;0;2946;0;2946;0;0;0;1100;728;1298;0;0;0;1298;0;1298;1298;1298;
1110;0;0;0;0;0;0;0;0;0;0;0;0;0;0;0;0;0;0;0;0;0;0;0;0;0;0;0;0;0;0;0;0;0;0;0;0;0;0;0;0;0;0;0;0;0;0;0;162;1110;0;728;2488;728;728;2488;728;728;2488;728;728;728;2488;728;728;728;0;0;0;0;0;0;0;0;0;0;0;0;728;728;1100;0;0;0;0;0;0;0;1100;728;728;1298;0;0;0;1298;0;0;0;1298;
1110;162;0;0;0;0;0;0;330;0;440;0;0;0;330;0;0;0;0;162;0;1770;0;0;0;0;0;0;1770;0;0;440;0;0;0;330;0;0;0;440;0;0;0;330;0;0;0;162;0;1110;0;728;728;2488;728;2488;728;2488;728;728;728;728;2488;728;728;0;0;0;0;0;2946;2946;0;0;2946;2946;2946;2946;0;728;728;1100;1100;1100;1100;1100;1100;1100;728;728;728;60;1288;106;1256;60;106;106;1294;1298;
1110;0;162;0;330;1110;1110;1110;1110;1110;1110;1110;1110;1110;1110;1110;1110;1110;1110;1110;1110;1110;102;0;0;0;0;102;1110;1110;1110;1110;1110;1110;1110;1110;1110;1110;1110;1110;1110;1110;1110;1110;162;0;0;0;0;1110;0;728;728;728;2488;728;2488;728;728;728;2488;2488;2488;2488;2488;2;728;0;0;0;2978;2978;0;0;2978;2978;2978;2978;0;728;728;728;728;728;728;728;728;728;728;728;2946;2946;2946;2946;2946;2946;2946;2946;2946;2946;
1110;162;0;0;162;0;0;330;330;330;330;330;0;0;330;330;330;330;330;0;0;0;0;0;0;0;0;0;0;0;0;330;330;330;330;330;1298;1298;330;330;330;330;330;0;0;4;0;0;0;1110;0;728;728;728;728;728;728;728;728;728;728;728;728;728;728;728;1004;1004;1004;1004;1004;1004;1004;0;728;728;728;728;102;1298;1298;1298;1298;1298;1298;1298;1298;1298;1298;1298;2946;0;0;0;0;0;0;0;0;2946;
1110;0;162;0;0;0;0;0;0;0;0;0;0;0;0;0;0;0;0;0;0;0;0;0;0;0;0;0;0;0;0;0;0;0;0;0;0;0;0;0;0;0;0;0;0;0;162;0;162;1110;0;1004;1004;1004;1004;1004;1004;1004;0;1004;1004;1004;1004;1004;1004;1004;1004;0;340;0;340;0;1004;0;2946;2946;2946;2946;0;1298;2946;544;2586;0;0;0;0;2586;544;2946;2946;1294;106;106;106;0;106;106;106;2946;
1110;0;0;0;0;0;1298;330;330;330;330;330;1298;1298;330;330;330;330;330;1298;1298;1770;0;0;1326;1326;0;0;1770;1298;1298;330;330;330;330;330;1298;1298;330;330;330;330;330;1298;0;0;0;0;0;1110;0;1004;0;340;0;340;0;1004;0;1004;0;340;0;340;0;1004;1004;0;0;0;0;0;1004;0;2978;2978;2978;2978;0;1298;1298;1298;1298;0;1294;545;0;1298;1298;1298;2946;1298;1298;1298;1298;60;1298;1298;1298;2946;
1110;162;162;0;0;1110;1110;1110;1110;1110;1110;1110;1110;1110;1110;1110;1110;1110;1110;1110;1110;1110;0;0;1100;1100;0;0;1110;1110;1110;1110;1110;1110;1110;1110;1110;1110;1110;1110;1110;1110;1110;1110;162;0;0;0;162;1110;0;1004;444;0;0;0;0;1004;0;1004;0;0;0;0;444;1004;1004;444;0;1042;0;0;1004;0;728;728;728;728;102;1298;2946;544;2586;0;1298;1298;0;2586;544;2946;2946;1452;2488;2488;0;0;0;0;1008;2946;
1110;0;0;0;162;0;0;0;0;0;0;0;0;0;0;0;0;0;0;0;0;1298;0;1100;1100;1100;1100;0;1298;0;0;0;0;0;0;0;0;0;0;0;0;0;0;0;0;0;0;162;0;1110;2;1004;458;1450;1256;1288;0;1162;0;1162;0;1288;1256;1450;458;1004;1004;458;1256;102;1288;1240;1162;0;0;0;0;0;0;1298;1298;1298;1298;0;0;0;0;1298;1298;1298;2946;1298;1298;1298;658;658;658;60;934;2946;
1110;0;162;0;0;0;0;162;162;0;0;0;0;162;162;0;0;0;162;0;544;60;0;0;0;0;0;0;60;544;0;162;0;0;0;162;162;0;0;0;162;162;0;0;0;0;162;0;0;60;0;1004;1004;1004;1004;1004;1004;1004;0;1004;1004;1004;1004;1004;1004;1004;1004;1004;1004;1004;1004;1004;1004;0;0;0;0;0;0;1298;2946;544;2586;0;0;0;986;986;986;986;60;0;0;0;0;0;0;0;6;2946;
1110;1110;1110;1110;1110;440;440;440;440;440;440;440;440;440;440;440;440;440;440;440;440;440;440;440;440;440;440;440;440;440;440;440;440;440;440;440;440;440;440;440;440;440;440;440;1110;1110;1110;1110;1110;1110;2011;0;3128;2;0;0;0;0;0;0;0;0;0;0;0;0;0;0;0;0;0;0;0;0;0;0;0;0;1294;1298;1298;1298;1298;1298;1298;1298;3072;1278;1276;242;1298;2946;2946;2946;2946;2946;2946;2946;8;2946;
8;8;8;8;8;8;8;8;8;8;8;8;8;8;8;8;8;8;8;8;8;8;8;8;8;8;8;8;8;8;8;8;8;8;8;8;8;8;8;8;8;8;8;8;8;8;8;8;8;8;8;8;8;8;8;8;8;8;8;8;8;8;8;8;8;8;8;8;8;8;8;8;8;8;8;8;8;8;8;8;8;8;8;8;8;8;8;8;8;8;8;8;8;8;8;8;8;8;8;8;
8;8;8;8;8;8;8;8;8;8;8;8;8;8;8;8;8;8;8;8;8;8;8;8;8;8;8;8;8;8;8;8;8;8;8;8;8;8;8;8;8;8;8;8;8;8;8;8;8;8;8;8;8;8;8;8;8;8;8;8;8;8;8;8;8;8;8;8;8;8;8;8;8;8;8;8;8;8;8;8;8;8;8;8;8;8;8;8;8;8;8;8;8;8;8;8;8;8;8;8;
8;8;8;8;8;8;8;8;8;8;8;8;8;8;8;8;8;8;8;8;8;8;8;8;8;8;8;8;8;8;8;8;8;8;8;8;8;8;8;8;8;8;8;8;8;8;8;8;8;8;8;8;8;8;8;8;8;8;8;8;8;8;8;8;8;8;8;8;8;8;8;8;8;8;8;8;8;8;8;8;8;8;8;8;8;8;8;8;8;8;8;8;8;8;8;8;8;8;8;8;
8;8;8;8;8;8;8;8;8;8;8;8;8;8;8;8;8;8;8;8;8;8;8;8;8;8;8;8;8;8;8;8;8;8;8;8;8;8;8;8;8;8;8;8;8;8;8;8;8;8;8;8;8;8;8;8;8;8;8;8;8;8;8;8;8;8;8;8;8;8;8;8;8;8;8;8;8;8;8;8;8;8;8;8;8;8;8;8;8;8;8;8;8;8;8;8;8;8;8;8;
8;8;8;8;8;8;8;8;8;8;8;8;8;8;8;8;8;8;8;8;8;8;8;8;8;8;8;8;8;8;8;8;8;8;8;8;8;8;8;8;8;8;8;8;8;8;8;8;8;8;8;8;8;8;8;8;8;8;8;8;8;8;8;8;8;8;8;8;8;8;8;8;8;8;8;8;8;8;8;8;8;8;8;8;8;8;8;8;8;8;8;8;8;8;8;8;8;8;8;8;
8;8;8;8;8;8;8;8;8;8;8;8;8;8;8;8;8;8;8;8;8;8;8;8;8;8;8;8;8;8;8;8;8;8;8;8;8;8;8;8;8;8;8;8;8;8;8;8;8;8;8;8;8;8;8;8;8;8;8;8;8;8;8;8;8;8;8;8;8;8;8;8;8;8;8;8;8;8;8;8;8;8;8;8;8;8;8;8;8;8;8;8;8;8;8;8;8;8;8;8;
