0;0;0;0;0;0;0;0;0;0;0;0;0;0;0;0;0;0;0;0;0;0;0;0;0;0;0;0;0;0;0;0;0;0;0;0;0;0;0;0;0;0;0;0;0;0;0;0;0;0;0;0;0;0;0;0;0;0;0;0;0;0;0;0;0;0;0;0;0;0;0;0;0;0;0;0;0;0;0;0;0;0;0;0;0;0;0;0;0;0;0;0;0;0;0;0;0;0;0;0;
0;0;0;0;0;0;0;0;0;0;0;0;0;0;0;0;0;0;0;0;0;0;0;0;0;0;0;0;0;0;0;0;0;0;0;0;0;0;0;0;0;0;0;0;0;0;0;0;0;0;0;0;0;0;0;0;0;0;0;0;0;0;0;0;0;0;0;0;0;0;0;0;0;0;0;0;0;0;0;0;0;0;0;0;0;0;0;0;0;0;0;0;0;0;0;0;0;0;0;0;
0;0;0;0;0;0;0;0;0;0;0;0;0;0;0;0;0;0;0;0;0;0;0;0;0;0;0;0;0;0;0;0;0;0;0;0;0;0;0;0;0;0;0;0;0;0;0;0;0;0;0;0;0;0;0;0;0;0;0;0;0;0;0;0;0;0;0;0;0;0;0;0;0;0;0;0;0;0;0;0;0;0;0;0;0;0;0;0;0;0;0;0;0;0;0;0;0;0;0;0;
0;0;0;0;0;0;0;0;0;0;0;0;0;0;0;0;0;0;0;0;0;0;0;0;0;0;0;0;0;0;0;0;0;0;0;0;0;0;0;0;0;0;0;0;0;0;0;0;0;0;0;0;0;0;0;0;0;0;0;0;0;0;0;0;0;0;0;0;0;0;0;0;0;0;0;0;0;0;0;0;0;0;0;0;0;0;0;0;0;0;0;0;0;0;0;0;0;0;0;0;
0;0;0;0;0;0;0;0;0;0;0;0;0;0;0;0;0;0;0;0;0;0;0;0;0;0;0;0;0;0;0;0;0;0;0;0;0;0;0;0;0;0;0;0;0;0;0;0;0;0;0;0;0;0;0;0;0;0;0;0;0;0;0;0;0;0;0;0;0;0;0;0;0;0;0;0;0;0;0;0;0;0;0;0;0;0;0;0;0;0;0;0;0;0;0;0;0;0;0;0;
0;0;0;0;0;0;0;0;0;0;0;0;0;0;0;0;0;0;0;0;0;0;0;0;0;0;0;0;0;0;0;0;0;0;0;0;0;0;0;0;0;0;0;0;0;0;0;0;0;0;0;0;0;0;0;0;0;0;0;0;0;0;0;0;0;0;0;0;0;0;0;0;0;0;0;0;0;0;0;0;0;0;0;0;0;0;0;0;0;0;0;0;0;0;0;0;0;0;0;0;
0;0;0;0;0;0;0;0;0;0;0;0;0;0;0;0;0;0;0;0;0;0;0;0;0;0;0;0;0;0;0;0;0;0;0;0;0;0;0;0;0;0;0;0;0;0;0;0;0;0;0;0;0;0;0;0;0;0;0;0;0;0;0;0;0;0;0;0;0;0;0;0;0;0;0;0;0;0;0;0;0;0;0;0;0;0;0;0;0;0;0;0;0;0;0;0;0;0;0;0;
0;0;0;0;0;0;0;0;0;0;0;0;0;0;0;0;0;0;0;0;0;0;0;0;0;0;0;0;0;0;0;0;0;0;0;0;0;0;0;0;0;0;0;0;0;0;0;0;0;0;0;0;0;0;0;0;0;0;0;0;0;0;0;0;0;0;0;0;0;0;0;0;0;0;0;0;0;0;0;0;0;0;0;0;0;0;0;0;0;0;0;0;0;0;0;0;0;0;0;0;
0;0;0;0;0;0;0;0;0;0;0;0;0;0;0;0;0;0;0;0;0;0;0;0;0;0;0;0;0;0;0;0;0;0;0;0;0;0;0;0;0;0;0;0;0;0;0;0;0;0;0;0;0;0;0;0;0;0;0;0;0;0;0;0;0;0;0;0;0;0;0;0;0;0;0;0;0;0;0;0;0;0;0;0;0;0;0;0;0;0;0;0;0;0;0;0;0;0;0;0;
0;0;0;0;0;0;0;0;0;0;0;0;0;0;0;0;0;0;0;0;0;0;0;0;0;0;0;0;0;0;0;0;0;0;0;0;0;0;0;0;0;0;0;0;0;0;0;0;0;0;0;0;0;0;0;0;0;0;0;0;0;0;0;0;0;0;0;0;0;0;0;0;0;0;0;0;0;0;0;0;0;0;0;0;0;0;0;0;0;0;0;0;0;0;0;0;0;0;0;0;
0;0;0;0;0;0;0;0;0;0;0;0;0;0;0;0;0;0;0;0;0;0;0;0;0;0;0;0;0;0;0;0;0;0;0;0;0;0;0;0;0;0;0;0;0;0;0;0;0;0;0;0;0;0;0;0;0;0;0;0;0;0;0;0;0;0;0;0;0;0;0;0;0;0;0;0;0;0;0;0;0;0;0;0;0;0;0;0;0;0;0;0;0;0;0;0;0;0;0;0;
0;0;0;0;0;0;0;0;0;0;0;0;0;0;0;0;0;0;0;0;0;0;0;0;0;0;0;0;0;0;0;0;0;0;0;0;0;0;0;0;778;0;778;778;0;0;0;778;778;778;0;778;778;778;0;778;0;778;778;0;0;0;0;0;0;0;0;0;0;0;0;0;0;0;0;0;0;0;0;0;0;0;0;0;0;0;0;0;0;0;0;0;0;0;0;0;0;0;0;0;
0;0;0;0;0;0;0;0;0;0;0;0;0;0;0;0;0;0;0;0;0;0;0;0;0;0;0;0;0;0;0;0;0;0;0;0;0;0;0;0;1004;1004;1004;1004;1004;1004;1004;1004;1004;1004;1004;1004;1004;1004;1004;1004;1004;1004;1004;0;0;0;0;0;0;0;0;0;0;0;0;0;0;0;0;0;0;0;0;0;0;0;0;0;0;0;0;0;0;0;0;0;0;0;0;0;0;0;0;0;
0;0;0;0;0;0;0;0;0;0;0;0;0;0;3402;0;0;0;0;0;0;0;0;0;0;0;0;0;0;0;0;0;0;0;0;0;0;0;0;0;1004;0;0;0;0;0;0;778;0;0;0;0;0;0;0;0;0;548;1004;0;0;0;0;0;0;0;0;0;0;0;0;0;0;0;0;0;0;0;0;0;0;0;0;0;0;0;0;0;0;0;0;0;0;0;0;0;0;0;0;0;
1004;60;1004;1004;1004;1004;1004;1004;1004;1004;1004;1004;1004;1004;1004;1004;1004;1004;1004;1004;1004;1004;1004;1004;0;0;0;0;0;0;0;0;0;0;0;0;0;0;0;0;1004;0;548;0;0;0;0;548;0;0;0;0;0;0;0;0;0;548;1004;0;0;0;0;0;0;0;0;0;0;0;0;0;0;0;0;1004;1004;1004;1004;1004;1004;1004;1004;1004;1004;1004;1004;1004;1004;1004;1004;1004;1004;1004;1004;1004;1004;1004;1004;1004;
1004;0;0;0;3402;0;0;0;0;0;0;0;0;0;0;0;0;0;0;0;0;1004;546;1004;0;0;0;0;0;0;0;0;0;0;0;0;0;0;0;0;1004;0;0;0;0;0;0;548;0;0;0;548;0;0;0;0;0;0;1004;0;0;0;0;0;0;0;0;0;0;0;0;0;0;0;0;1004;1630;0;0;0;0;0;0;0;0;0;544;0;0;544;0;0;0;0;0;0;0;0;1630;1004;
1004;0;102;2010;2010;2010;2010;2010;102;0;102;2010;2010;2010;2010;2010;102;0;0;0;102;1004;1422;1004;0;0;0;0;0;0;0;0;0;0;0;0;0;0;0;0;1004;0;0;0;0;0;0;0;1766;0;1766;0;0;0;0;0;0;0;1004;0;0;0;0;0;0;0;0;0;0;0;0;0;0;0;0;1004;526;0;526;0;0;0;0;0;0;0;0;0;0;0;0;0;0;0;0;0;526;0;526;1004;
1004;0;20;1162;0;2010;0;1162;20;0;20;1162;0;2010;0;1162;20;0;0;0;0;1004;1422;1004;0;0;0;0;0;0;0;0;0;0;0;0;3402;0;0;0;1004;548;0;0;0;0;0;0;0;0;0;0;0;0;0;0;548;548;1004;0;0;0;0;0;0;0;0;0;0;0;0;0;0;0;0;1004;166;0;166;0;0;0;0;0;0;0;0;0;0;0;0;0;0;0;0;0;166;0;166;1004;
1004;0;102;2010;2010;2010;2010;2010;102;0;102;2010;2010;2010;2010;2010;102;0;0;0;0;1004;1422;1004;1004;1004;1004;1004;1004;1004;1004;1004;1004;1004;1004;1004;1004;1004;1004;1004;1004;1004;1004;1004;1004;1004;1004;1004;1004;598;1004;1004;1004;1004;1004;1004;1004;1004;1004;1004;1004;1004;1004;1004;1004;1004;1004;1004;1004;1004;1004;1004;1004;1004;1004;1004;166;0;166;0;0;0;0;0;0;0;0;0;0;0;0;0;0;0;0;0;166;0;166;1004;
1004;0;20;1162;0;2010;0;1162;20;0;20;1162;0;2010;0;1162;20;0;0;0;0;1004;1422;1004;0;0;0;0;0;0;0;0;0;0;0;1420;762;1004;12;762;1004;12;762;1004;12;60;0;0;0;0;0;0;0;0;0;0;0;0;0;0;0;0;0;0;0;0;0;0;0;0;0;0;0;0;0;1004;166;544;166;0;0;0;0;0;0;1420;1770;0;0;1770;1420;0;0;0;0;0;166;544;166;1004;
1004;0;102;2010;2010;2010;2010;2010;102;0;102;2010;2010;2010;2010;2010;102;0;0;0;0;1004;1422;1004;0;1004;102;102;1004;102;102;102;102;102;102;102;554;1004;1004;1004;1004;1004;1004;1004;1004;102;0;0;554;554;554;0;0;0;0;0;0;0;0;0;0;1004;554;102;102;102;102;102;102;102;1004;102;102;1004;0;1004;1004;1004;1004;1004;1004;1004;1004;624;1004;1004;1004;0;0;1004;1004;1004;624;1004;1004;1004;1004;1004;1004;1004;
1004;0;20;1162;0;2010;0;1162;20;0;20;1162;0;2010;0;1162;20;0;0;0;102;1004;1422;1004;0;1104;0;0;0;0;0;1754;0;0;0;0;554;0;0;0;0;0;0;0;0;0;0;0;554;554;554;0;0;0;0;0;0;0;0;0;0;0;554;0;0;0;0;1754;0;0;0;0;0;1104;0;1004;0;0;0;0;0;0;0;0;0;0;0;0;0;0;0;0;0;0;0;0;0;166;0;1004;
1004;0;102;2010;2010;2010;2010;2010;102;0;102;2010;2010;2010;2010;2010;102;0;0;0;0;1004;1422;1004;0;1104;0;0;0;0;1450;926;1450;0;0;0;554;0;0;0;0;0;0;0;0;0;0;0;554;554;554;0;0;0;0;0;0;0;0;0;0;0;554;0;0;0;1450;926;1450;0;0;0;0;1104;0;1004;0;0;0;0;0;0;0;0;0;0;0;0;0;0;0;0;0;0;0;0;0;0;0;1004;
1004;0;20;1162;0;2010;0;1162;20;0;20;1162;0;2010;0;1162;20;0;0;0;0;1004;1422;1004;0;1104;0;0;1004;554;102;102;102;554;1004;0;554;0;0;0;0;1004;1004;1004;1004;1004;0;0;554;554;554;0;0;1004;1004;1004;1004;1004;0;0;0;0;554;0;1004;554;102;102;102;554;1004;0;0;1104;0;1004;0;0;0;0;0;0;0;0;0;0;0;0;0;0;0;0;0;0;0;0;0;0;0;1004;
1004;0;102;2010;2010;2010;2010;2010;102;0;102;2010;2010;2010;2010;2010;102;0;0;0;0;1004;1422;1004;0;1104;0;0;0;554;0;0;0;554;0;0;554;0;0;0;1004;1104;1104;1004;1004;1004;1004;0;554;1490;554;0;1004;1004;1004;1004;1104;1104;1004;0;0;0;554;0;0;554;0;0;0;554;0;0;0;1104;0;1004;0;0;0;0;0;0;0;0;0;0;0;0;0;0;0;0;0;0;0;0;0;0;0;1004;
1004;0;20;1162;0;2010;0;1162;20;0;20;1162;3402;2010;0;1162;20;0;0;0;0;1004;546;1004;0;1104;0;0;0;554;0;0;0;554;0;0;554;0;0;0;1004;1004;1104;1004;1104;1104;1104;0;1278;226;1276;0;1104;1104;1104;1004;1104;1004;1004;0;0;0;554;0;0;554;0;0;0;554;0;0;0;1104;0;1004;1004;1004;1004;1004;1004;1004;1004;1004;1004;1004;1004;0;0;1004;1004;1004;1004;1004;1004;1004;1004;1004;1004;1004;
1004;0;102;2010;2010;2010;2010;2010;102;0;102;2010;2010;2010;2010;2010;102;0;0;0;658;1004;1004;1004;0;1004;102;102;102;554;0;0;0;554;102;102;102;1004;0;0;1004;1004;1104;1104;1104;1004;1004;0;1420;1752;1420;0;1004;1004;1104;1104;1104;1004;1004;0;0;1004;102;102;102;554;0;0;0;554;102;102;102;1004;0;1004;0;0;0;0;0;0;0;0;0;0;0;0;0;0;0;0;0;0;1004;0;0;0;0;1004;
1004;0;0;0;0;1430;0;0;0;0;0;0;0;1430;0;0;0;12;0;1240;1420;1434;0;598;0;0;0;0;0;554;0;0;0;554;0;0;0;0;0;1420;1004;1004;1004;1104;1004;1004;1004;394;1766;102;1766;0;1004;1004;1004;1104;1004;1004;1004;1420;0;0;0;0;0;554;0;0;0;554;0;0;0;0;0;598;0;0;0;0;0;0;0;0;0;0;0;0;0;0;0;0;0;0;1288;1240;1420;1420;1256;1004;
1004;224;1004;1004;1004;1004;1004;1004;1004;1004;1004;1004;1004;1004;1004;1004;1004;1004;1004;1004;1004;1004;1004;1004;102;102;102;102;102;102;102;102;102;102;102;1452;554;0;0;102;102;1004;1004;1104;1004;1004;102;102;658;0;658;102;102;1004;1004;1104;1004;1004;102;102;0;0;554;1452;102;102;102;102;102;102;102;102;102;102;102;1004;1004;1004;1004;1004;1004;1004;1004;1004;1004;1004;1004;1004;1004;1004;1004;1004;1004;1004;1004;1004;1004;1004;1004;1004;
0;0;0;0;0;0;0;0;0;0;0;0;0;0;0;0;0;0;0;0;0;0;0;1004;1004;1004;1004;1004;1004;1004;1004;1004;1004;1004;1004;1004;554;0;0;0;0;0;0;554;0;1436;0;20;20;6;20;20;0;0;0;554;0;0;0;0;0;0;554;1004;1004;1004;1004;1004;1004;1004;1004;1004;1004;1004;1004;1004;0;0;0;0;0;0;0;0;0;0;0;0;0;0;0;0;0;0;0;0;0;0;0;0;
0;0;0;0;0;0;0;0;0;0;0;0;0;0;0;0;0;0;0;0;0;0;0;0;0;0;1004;1104;1104;1104;1104;1104;1104;1104;1104;1104;554;0;0;0;0;1636;0;554;0;0;0;1452;542;8;542;1452;0;0;0;554;0;1636;0;0;0;0;554;1104;1104;1104;1104;1104;1104;1104;1104;1104;1004;0;0;0;0;0;0;0;0;0;0;0;0;0;0;0;0;0;0;0;0;0;0;0;0;0;0;0;
0;0;0;0;0;0;0;0;0;0;0;0;0;0;0;0;0;0;0;0;0;0;0;0;0;0;1004;1008;0;460;0;1754;0;460;0;0;554;0;0;0;1452;1004;1004;1004;1004;1104;1104;1104;1104;1104;1104;1104;1104;1104;1004;1004;1004;1004;1452;0;0;0;554;0;0;460;0;1754;0;460;0;1008;1004;0;0;0;0;0;0;0;0;0;0;0;0;0;0;0;0;0;0;0;0;0;0;0;0;0;0;0;
0;0;0;0;0;0;0;0;0;0;0;0;0;0;0;0;0;0;0;0;0;0;0;0;0;0;1004;2228;1450;926;1450;1420;1450;926;1450;0;554;0;0;0;0;0;546;1004;1004;1004;1004;1004;1104;1104;1104;1004;1004;1004;1004;1004;546;0;0;0;0;0;554;0;1450;926;1450;1420;1450;926;1450;2228;1004;0;0;0;0;0;0;0;0;0;0;0;0;0;0;0;0;0;0;0;0;0;0;0;0;0;0;0;
0;0;0;0;0;0;0;0;0;0;0;0;0;0;0;0;0;0;0;0;0;0;0;0;0;0;1004;1004;1004;1004;1004;1004;1004;1004;1004;1004;1004;1004;1004;554;0;0;0;0;0;0;0;0;102;0;102;0;0;0;0;0;0;0;0;554;1004;1004;1004;1004;1004;1004;1004;1004;1004;1004;1004;1004;1004;0;0;0;0;0;0;0;0;0;0;0;0;0;0;0;0;0;0;0;0;0;0;0;0;0;0;0;
0;0;0;0;0;0;0;0;0;0;0;0;0;0;0;0;0;0;0;0;0;0;0;0;0;0;0;0;1004;1104;1104;1104;1104;1104;1104;1104;1104;1104;1104;554;0;0;20;102;102;554;102;102;0;0;0;102;102;554;102;102;20;0;0;554;1104;1104;1104;1104;1104;1104;1104;1104;1104;1104;1004;0;0;0;0;0;0;0;0;0;0;0;0;0;0;0;0;0;0;0;0;0;0;0;0;0;0;0;0;0;
0;0;0;0;0;0;0;0;0;0;0;0;0;0;0;0;0;0;0;0;0;0;0;0;0;0;0;0;1004;1008;0;460;0;1754;1754;0;460;0;0;554;102;102;102;0;0;554;0;1452;1004;1452;1004;1452;0;554;0;0;102;102;102;554;0;0;460;0;1754;1754;0;460;0;1008;1004;0;0;0;0;0;0;0;0;0;0;0;0;0;0;0;0;0;0;0;0;0;0;0;0;0;0;0;0;0;
0;0;0;0;0;0;0;0;0;0;0;0;0;0;0;0;0;0;0;0;0;0;0;0;0;0;0;0;1004;2228;1450;926;1450;1420;1420;1450;926;1450;0;554;0;0;0;0;102;554;0;0;658;658;658;0;0;554;0;0;0;0;0;554;0;1450;926;1450;1420;1420;1450;926;1450;2228;1004;0;0;0;0;0;0;0;0;0;0;0;0;0;0;0;0;0;0;0;0;0;0;0;0;0;0;0;0;0;
0;0;0;0;0;0;0;0;0;0;0;0;0;0;0;0;0;0;0;0;0;0;0;0;0;0;0;0;1004;1004;1004;1004;1004;1004;1004;1004;1004;1004;1004;1004;1004;1004;554;0;0;554;0;0;1420;0;1420;0;0;554;0;0;554;1004;1004;1004;1004;1004;1004;1004;1004;1004;1004;1004;1004;1004;1004;0;0;0;0;0;0;0;0;0;0;0;0;0;0;0;0;0;0;0;0;0;0;0;0;0;0;0;0;0;
0;0;0;0;0;0;0;0;0;0;0;0;0;0;0;0;0;0;0;0;0;0;0;0;0;0;0;0;0;0;0;1004;1104;1104;1104;1104;1104;1104;1104;1104;1104;1104;554;0;102;102;102;554;102;0;102;554;102;102;102;0;554;1104;1104;1104;1104;1104;1104;1104;1104;1104;1104;1004;0;0;0;0;0;0;0;0;0;0;0;0;0;0;0;0;0;0;0;0;0;0;0;0;0;0;0;0;0;0;0;0;
0;0;0;0;0;0;0;0;0;0;0;0;0;0;0;0;0;0;0;0;0;0;0;0;0;0;0;0;0;0;0;1004;0;0;460;0;1754;1754;0;460;0;0;554;0;0;0;0;554;20;0;20;554;0;0;0;0;554;0;0;460;0;1754;1754;0;460;0;0;1004;0;0;0;0;0;0;0;0;0;0;0;0;0;0;0;0;0;0;0;0;0;0;0;0;0;0;0;0;0;0;0;0;
0;0;0;0;0;0;0;0;0;0;0;0;0;0;0;0;0;0;0;0;0;0;0;0;0;0;0;0;0;0;0;1004;2228;1450;926;1450;1420;1420;1450;926;1450;0;554;102;102;0;0;554;102;102;102;554;0;0;102;102;554;0;1450;926;1450;486;1420;1450;926;1450;2228;1004;0;0;0;0;0;0;0;0;0;0;0;0;0;0;0;0;0;0;0;0;0;0;0;0;0;0;0;0;0;0;0;0;
0;0;0;0;0;0;0;0;0;0;0;0;0;0;0;0;0;0;0;0;0;0;0;0;0;0;0;0;0;0;0;1004;1004;1004;1004;1004;1004;1004;1004;1004;1004;1004;598;1004;1004;1004;1004;1004;1004;1004;1004;102;102;1004;1004;1004;102;102;1004;1004;1004;598;1004;1004;1004;1004;1004;1004;0;0;0;0;0;0;0;0;0;0;0;0;0;0;0;0;0;0;0;0;0;0;0;0;0;0;0;0;0;0;0;0;
0;0;0;0;0;0;0;0;0;0;0;0;0;0;0;0;0;0;0;0;0;0;0;0;0;0;0;0;0;0;0;1004;2208;1450;926;1450;1420;1420;1450;926;1450;0;410;598;598;598;598;598;598;598;598;598;598;598;598;598;598;598;598;598;60;1422;1422;1422;1422;1422;1422;1004;0;0;0;0;0;0;0;0;0;0;0;0;0;0;0;0;0;0;0;0;0;0;0;0;0;0;0;0;0;0;0;0;
0;0;0;0;0;0;0;0;0;0;0;0;0;0;0;0;0;0;0;0;0;0;0;0;0;0;0;0;0;0;0;1004;1004;1004;1004;1004;1004;1004;1004;1004;1004;1004;1004;1004;2226;1004;2226;1004;2226;1004;2226;1004;2226;1004;2226;440;2226;2226;2226;2226;1004;1004;1004;1004;1004;1004;1004;1004;0;0;0;0;0;0;0;0;0;0;0;0;0;0;0;0;0;0;0;0;0;0;0;0;0;0;0;0;0;0;0;0;
0;0;0;0;0;0;0;0;0;0;0;0;0;0;0;0;0;0;0;0;0;0;0;0;0;0;0;0;0;0;0;0;0;0;0;0;0;0;0;0;0;0;0;0;0;0;0;0;0;0;0;0;0;0;0;0;0;0;0;0;0;0;0;0;0;0;0;0;0;0;0;0;0;0;0;0;0;0;0;0;0;0;0;0;0;0;0;0;0;0;0;0;0;0;0;0;0;0;0;0;
0;0;0;0;0;0;0;0;0;0;0;0;0;0;0;0;0;0;0;0;0;0;0;0;0;0;0;0;0;0;0;0;0;0;0;0;0;0;0;0;0;0;0;0;0;0;0;0;0;0;0;0;0;0;0;0;0;0;0;0;0;0;0;0;0;0;0;0;0;0;0;0;0;0;0;0;0;0;0;0;0;0;0;0;0;0;0;0;0;0;0;0;0;0;0;0;0;0;0;0;
0;0;0;0;0;0;0;0;0;0;0;0;0;0;0;0;0;0;0;0;0;0;0;0;0;0;0;0;0;0;0;0;0;0;0;0;0;0;0;0;0;0;0;0;0;0;0;0;0;0;0;0;0;0;0;0;0;0;0;0;0;0;0;0;0;0;0;0;0;0;0;0;0;0;0;0;0;0;0;0;0;0;0;0;0;0;0;0;0;0;0;0;0;0;0;0;0;0;0;0;
0;0;0;0;0;0;0;0;0;0;0;0;0;0;0;0;0;0;0;0;0;0;0;0;0;0;0;0;0;0;0;0;0;0;0;0;0;0;0;0;0;0;0;0;0;0;0;0;0;0;0;0;0;0;0;0;0;0;0;0;0;0;0;0;0;0;0;0;0;0;0;0;0;0;0;0;0;0;0;0;0;0;0;0;0;0;0;0;0;0;0;0;0;0;0;0;0;0;0;0;
0;0;0;0;0;0;0;0;0;0;0;0;0;0;0;0;0;0;0;0;0;0;0;0;0;0;0;0;0;0;0;0;0;0;0;0;0;0;0;0;0;0;0;0;0;0;0;0;0;0;0;0;0;0;0;0;0;0;0;0;0;0;0;0;0;0;0;0;0;0;0;0;0;0;0;0;0;0;0;0;0;0;0;0;0;0;0;0;0;0;0;0;0;0;0;0;0;0;0;0;
0;0;0;0;0;0;0;0;0;0;0;0;0;0;0;0;0;0;0;0;0;0;0;0;0;0;0;0;0;0;0;0;0;0;0;0;0;0;0;0;0;0;0;0;0;0;0;0;0;0;0;0;0;0;0;0;0;0;0;0;0;0;0;0;0;0;0;0;0;0;0;0;0;0;0;0;0;0;0;0;0;0;0;0;0;0;0;0;0;0;0;0;0;0;0;0;0;0;0;0;
0;0;0;0;0;0;0;0;0;0;0;0;0;0;0;0;0;0;0;0;0;0;0;0;0;0;0;0;0;0;0;0;0;0;0;0;0;0;0;0;0;0;0;0;0;0;0;0;0;0;0;0;0;0;0;0;0;0;0;0;0;0;0;0;0;0;0;0;0;0;0;0;0;0;0;0;0;0;0;0;0;0;0;0;0;0;0;0;0;0;0;0;0;0;0;0;0;0;0;0;
0;0;0;0;0;0;0;0;0;0;0;0;0;0;0;0;0;0;0;0;0;0;0;0;0;0;0;0;0;0;0;0;0;0;0;0;0;0;0;0;0;0;0;0;0;0;0;0;0;0;0;0;0;0;0;0;0;0;0;0;0;0;0;0;0;0;0;0;0;0;0;0;0;0;0;0;0;0;0;0;0;0;0;0;0;0;0;0;0;0;0;0;0;0;0;0;0;0;0;0;
0;0;0;0;0;0;0;0;0;0;0;0;0;0;0;0;0;0;0;0;0;0;0;0;0;778;0;0;0;0;0;778;0;0;0;0;0;0;0;0;0;0;0;0;0;0;0;0;0;0;0;0;0;0;0;0;0;0;0;0;778;0;0;0;0;0;778;0;0;0;0;0;0;0;0;0;0;0;0;0;0;0;0;0;0;0;0;0;778;0;0;0;0;0;0;0;0;0;0;0;
242;0;0;0;0;778;778;0;778;0;0;0;0;778;0;0;0;0;0;0;778;0;0;0;778;778;0;0;778;0;0;778;0;778;0;0;778;778;0;0;0;0;0;0;778;778;778;778;778;0;0;778;0;0;778;778;0;0;778;0;778;0;778;778;0;0;778;0;778;0;778;0;778;778;0;0;0;0;778;778;778;0;0;0;0;0;0;0;778;0;0;778;0;778;0;0;0;0;0;0;
8;8;8;8;8;8;8;8;8;8;8;8;8;8;8;8;8;8;8;8;8;8;8;8;8;8;8;8;8;8;8;8;8;8;8;8;8;8;8;8;8;8;8;8;8;8;8;8;8;8;8;8;8;8;8;8;8;8;8;8;8;8;8;8;8;8;8;8;8;8;8;8;8;8;8;8;8;8;8;8;8;8;8;8;8;8;8;8;8;8;8;8;8;8;8;8;8;8;8;8;
8;8;8;8;8;8;8;8;8;8;8;8;8;8;8;8;8;8;8;8;8;8;8;8;8;8;8;8;8;8;8;8;8;8;8;8;8;8;8;8;8;8;8;8;8;8;8;8;8;8;8;8;8;8;8;8;8;8;8;8;8;8;8;8;8;8;8;8;8;8;8;8;8;8;8;8;8;8;8;8;8;8;8;8;8;8;8;8;8;8;8;8;8;8;8;8;8;8;8;8;
8;8;8;8;8;8;8;8;8;8;8;8;8;8;8;8;8;8;8;8;8;8;8;8;8;8;8;8;8;8;8;8;8;8;8;8;8;8;8;8;8;8;8;8;8;8;8;8;8;8;8;8;8;8;8;8;8;8;8;8;8;8;8;8;8;8;8;8;8;8;8;8;8;8;8;8;8;8;8;8;8;8;8;8;8;8;8;8;8;8;8;8;8;8;8;8;8;8;8;8;
8;8;8;8;8;8;8;8;8;8;8;8;8;8;8;8;8;8;8;8;8;8;8;8;8;8;8;8;8;8;8;8;8;8;8;8;8;8;8;8;8;8;8;8;8;8;8;8;8;8;8;8;8;8;8;8;8;8;8;8;8;8;8;8;8;8;8;8;8;8;8;8;8;8;8;8;8;8;8;8;8;8;8;8;8;8;8;8;8;8;8;8;8;8;8;8;8;8;8;8;
8;8;8;8;8;8;8;8;8;8;8;8;8;8;8;8;8;8;8;8;8;8;8;8;8;8;8;8;8;8;8;8;8;8;8;8;8;8;8;8;8;8;8;8;8;8;8;8;8;8;8;8;8;8;8;8;8;8;8;8;8;8;8;8;8;8;8;8;8;8;8;8;8;8;8;8;8;8;8;8;8;8;8;8;8;8;8;8;8;8;8;8;8;8;8;8;8;8;8;8;
8;8;8;8;8;8;8;8;8;8;8;8;8;8;8;8;8;8;8;8;8;8;8;8;8;8;8;8;8;8;8;8;8;8;8;8;8;8;8;8;8;8;8;8;8;8;8;8;8;8;8;8;8;8;8;8;8;8;8;8;8;8;8;8;8;8;8;8;8;8;8;8;8;8;8;8;8;8;8;8;8;8;8;8;8;8;8;8;8;8;8;8;8;8;8;8;8;8;8;8;
