0;0;0;0;0;0;0;0;0;0;0;0;0;0;0;0;0;0;0;0;0;0;0;0;0;0;0;0;0;0;0;0;0;0;0;0;0;0;0;0;0;0;0;0;0;0;0;0;0;0;0;0;0;0;0;0;0;0;0;0;0;0;0;0;0;0;0;0;0;0;0;0;0;0;0;0;0;0;0;0;0;0;0;0;0;0;0;0;0;0;0;0;0;0;0;0;0;0;0;0;
0;0;0;0;0;0;0;0;0;0;0;0;0;0;0;0;0;0;0;0;0;0;0;0;0;0;0;0;0;0;0;0;0;0;0;0;0;0;0;0;0;0;0;0;0;0;0;0;0;0;0;0;0;0;0;0;0;0;0;0;0;0;0;0;0;0;0;0;0;0;0;0;0;0;0;0;0;0;0;0;0;0;0;0;0;0;0;0;0;0;0;0;0;0;0;0;0;0;0;0;
0;0;0;0;0;0;0;0;0;0;0;0;0;0;0;0;0;0;0;0;0;0;0;0;0;0;0;0;0;0;0;0;0;0;0;0;0;0;0;0;0;0;0;0;0;0;0;0;0;0;0;0;0;0;0;0;0;0;0;0;0;0;0;0;0;0;0;0;0;0;0;0;0;0;0;0;0;0;0;0;0;0;0;0;0;0;0;0;0;0;0;0;0;0;0;0;0;0;0;0;
0;0;0;0;0;0;0;0;0;0;0;0;0;0;0;0;0;0;0;0;0;0;0;0;0;0;0;0;0;0;0;0;0;0;0;0;0;0;0;0;0;0;0;0;0;0;0;0;0;0;0;0;0;0;0;0;0;0;0;0;0;0;0;0;0;0;0;0;0;0;0;0;0;0;0;0;0;0;0;0;0;0;0;0;0;0;0;0;0;0;0;0;0;0;0;0;0;0;0;0;
0;0;0;0;0;0;0;0;0;0;0;0;0;0;0;0;0;0;0;0;0;0;0;0;0;0;0;0;0;0;0;0;0;0;0;0;0;0;0;0;0;0;0;0;0;0;0;0;0;0;0;0;0;0;0;0;0;0;0;0;0;0;0;0;0;0;0;0;0;0;0;0;0;0;0;0;0;0;0;0;0;0;0;0;0;0;0;0;0;0;0;0;0;0;0;0;0;0;0;0;
0;0;0;0;0;0;0;0;0;0;0;0;0;0;0;0;0;0;0;0;0;0;0;0;0;0;0;0;0;0;0;0;0;0;0;0;0;0;0;0;0;0;0;0;0;0;0;0;0;0;0;0;0;0;0;0;0;0;0;0;0;0;0;0;0;0;0;0;0;0;0;0;0;0;0;0;0;0;0;0;0;0;0;0;0;0;0;0;0;0;0;0;0;0;0;0;0;0;0;0;
0;0;0;0;0;0;0;0;0;0;0;0;0;0;0;0;0;0;0;0;0;0;0;0;0;0;0;0;0;0;0;0;0;0;0;0;0;0;0;0;0;0;0;0;0;0;0;0;0;0;0;0;0;0;0;0;0;0;0;0;0;0;0;0;0;0;0;0;0;0;0;0;0;0;0;0;0;0;0;0;0;0;0;0;0;0;0;0;0;0;0;0;0;0;0;0;0;0;0;0;
0;0;0;0;0;0;0;0;0;0;0;0;0;0;0;0;0;0;0;0;0;0;0;0;0;0;0;0;0;0;0;0;0;0;0;0;0;0;0;0;0;0;0;0;0;0;0;0;0;0;0;0;0;0;0;0;0;0;0;0;0;0;0;0;0;0;0;0;0;0;0;0;0;0;0;0;0;0;0;0;0;0;0;0;0;0;0;0;0;0;0;0;0;0;0;0;0;0;0;0;
0;0;0;0;0;0;0;0;0;0;0;0;0;0;0;0;0;0;0;0;0;0;0;0;0;0;0;0;0;0;0;0;0;0;0;0;0;0;0;0;0;0;0;0;0;0;0;0;0;0;0;0;0;0;0;0;0;0;0;0;0;0;0;0;0;0;0;0;0;0;0;0;0;0;0;0;0;0;0;0;0;0;0;0;0;0;0;0;0;0;0;0;0;0;0;0;0;0;0;0;
0;0;0;0;0;0;0;0;0;0;0;0;0;0;0;0;0;0;0;0;0;0;0;0;0;0;0;0;0;0;0;0;0;0;0;0;0;0;0;0;0;0;0;0;0;0;0;0;0;0;0;0;0;0;0;0;0;0;0;0;0;0;0;0;0;0;0;0;0;0;0;0;0;0;0;0;0;0;0;0;0;0;0;0;0;0;0;0;0;0;0;0;0;0;0;0;0;0;0;0;
0;0;0;0;0;0;0;0;0;0;0;0;0;0;0;0;0;0;0;0;0;0;0;0;0;0;0;0;0;0;0;0;0;0;0;0;0;0;0;0;0;0;0;0;0;0;0;0;0;0;0;0;0;0;0;0;0;0;0;0;0;0;0;0;0;0;0;0;0;0;0;0;0;0;0;0;0;0;0;0;0;0;0;0;0;0;0;0;0;0;0;0;0;0;0;0;0;0;0;0;
0;0;0;0;0;0;0;0;0;0;0;0;0;0;0;0;0;0;0;0;0;0;0;0;0;0;0;0;0;0;0;0;0;0;0;0;0;0;0;0;0;0;0;0;0;0;0;0;0;0;0;0;0;0;0;0;0;0;0;0;0;0;0;0;0;0;0;0;0;0;0;0;0;0;0;0;0;0;0;0;0;0;0;0;0;0;0;0;0;0;0;0;0;0;0;0;0;0;0;0;
0;0;0;0;0;0;0;0;0;0;0;0;0;0;0;0;0;0;0;0;0;0;0;0;0;0;0;0;0;0;0;0;0;0;0;0;0;0;0;0;0;0;0;0;0;0;0;0;0;0;0;0;0;0;0;0;0;0;0;0;0;0;0;0;0;0;0;0;0;0;0;0;0;0;0;0;0;0;0;0;0;0;0;0;0;0;0;0;0;0;0;0;0;0;0;0;0;0;0;0;
0;0;0;0;0;0;0;0;0;0;0;0;0;0;0;0;0;0;0;0;0;0;0;0;0;0;0;0;0;0;0;0;0;0;0;0;0;0;0;0;0;0;0;0;0;0;0;0;0;0;0;0;0;0;0;0;0;0;0;0;0;0;0;0;0;0;0;0;0;0;0;0;0;0;0;0;0;0;0;0;0;0;0;0;0;0;0;0;0;0;0;0;0;0;0;0;0;0;0;0;
0;0;0;0;0;0;0;0;0;0;0;0;0;0;0;0;0;0;0;0;0;0;0;0;0;0;0;0;0;0;0;0;0;0;0;0;0;0;0;0;0;0;0;0;0;0;0;0;0;0;0;0;0;0;0;0;0;0;0;0;0;0;0;0;0;0;0;0;0;0;0;0;0;0;0;0;0;0;0;0;0;0;0;0;0;0;0;0;0;0;0;0;0;0;0;0;0;0;0;0;
0;0;0;0;0;0;0;0;0;0;0;0;0;0;0;0;0;0;0;0;0;0;0;0;0;0;0;0;0;0;0;0;0;0;0;0;0;0;0;0;0;0;0;0;0;0;0;0;0;0;0;0;0;0;0;0;0;0;0;0;0;0;0;0;0;0;0;0;0;0;0;0;0;0;0;0;0;0;0;0;0;0;0;0;0;0;0;0;0;0;0;0;0;0;0;0;0;0;0;0;
0;0;0;0;0;0;0;0;0;0;0;0;0;0;0;0;0;0;0;0;0;0;0;0;0;0;0;0;0;0;0;0;0;0;0;0;0;0;0;0;0;0;0;0;0;0;0;0;0;0;0;0;0;0;0;0;0;0;0;0;0;0;0;0;0;0;0;0;0;0;0;0;0;0;0;0;0;0;0;0;0;0;0;0;0;0;0;0;0;0;0;0;0;0;0;0;0;0;0;0;
0;0;0;0;0;0;0;0;0;0;0;0;0;0;0;0;0;0;0;0;0;0;0;0;0;0;0;0;0;0;0;0;0;0;0;0;0;0;0;0;0;0;0;0;0;0;0;0;0;0;0;0;0;0;0;0;0;0;0;0;0;0;0;0;0;0;0;0;0;0;0;0;0;0;0;0;0;0;0;0;0;0;0;0;0;0;0;0;0;0;0;0;0;0;0;0;0;0;0;0;
0;0;0;0;0;0;0;0;0;0;0;0;0;0;0;0;0;0;0;0;0;0;0;0;0;0;0;0;0;0;0;0;0;0;0;0;0;0;0;0;0;0;0;0;0;0;0;0;0;0;0;0;0;0;0;0;0;0;0;0;0;0;0;0;0;0;0;0;0;0;0;0;0;0;0;0;0;0;0;0;0;0;0;0;0;0;0;0;0;0;0;0;0;0;0;0;0;0;0;0;
0;0;0;0;0;0;0;0;0;0;0;0;0;0;0;0;0;0;0;0;0;0;0;0;0;0;0;0;0;0;0;0;0;0;0;0;0;0;0;0;0;0;0;0;0;0;0;0;0;0;0;0;0;0;0;0;0;0;0;0;0;0;0;0;0;0;0;0;0;0;0;0;0;0;0;0;0;0;0;0;0;0;0;0;0;0;0;0;0;0;0;0;0;0;0;0;0;0;0;0;
0;0;0;0;0;0;0;0;0;0;0;0;0;0;0;0;0;0;0;0;0;0;0;0;0;0;0;0;0;0;0;0;0;0;0;0;0;0;0;0;0;0;0;0;0;0;0;0;0;0;0;0;0;0;0;0;0;0;0;0;0;0;0;0;0;0;0;0;0;0;0;0;0;0;0;0;0;0;0;0;0;0;0;0;0;0;0;0;0;0;0;0;0;0;0;0;0;0;0;0;
0;0;0;0;0;0;0;0;0;0;0;0;0;0;0;0;0;0;0;0;0;0;0;0;0;0;0;0;0;0;0;0;0;0;0;0;0;0;0;0;0;0;0;0;0;0;0;0;0;0;0;0;0;0;0;0;0;0;0;0;0;0;0;0;0;0;0;0;0;0;0;0;0;0;0;0;0;0;0;0;0;0;0;0;0;0;0;0;0;0;0;0;0;0;0;0;0;0;0;0;
0;0;0;0;0;0;0;0;0;0;0;0;0;0;0;0;0;0;0;0;0;0;0;0;0;0;0;0;0;0;0;0;0;0;0;0;0;0;0;0;0;0;0;0;0;0;0;0;0;0;0;0;0;0;0;0;0;0;0;0;0;0;0;0;0;0;0;0;0;0;0;0;0;0;0;0;0;0;0;0;0;0;0;0;0;0;0;0;0;0;0;0;0;0;0;0;0;0;0;0;
0;0;0;0;0;0;0;0;0;0;0;0;0;0;0;0;0;0;0;0;0;0;0;0;0;0;0;0;0;0;0;0;0;0;0;0;0;0;0;0;0;0;0;0;0;0;0;0;0;0;0;0;0;0;0;0;0;0;0;0;0;0;0;0;0;0;0;0;0;0;0;0;0;0;0;0;0;0;0;0;0;0;0;0;0;0;0;0;0;0;0;0;0;0;0;0;0;0;0;0;
0;0;0;0;0;0;0;0;0;0;0;0;0;0;0;0;0;0;0;0;0;0;0;0;0;0;0;0;0;0;0;0;0;0;0;0;0;0;0;0;0;0;0;0;0;0;0;0;0;0;0;0;0;0;0;0;0;0;0;0;0;0;0;0;0;0;0;0;0;0;0;0;0;0;0;0;0;0;0;0;0;0;0;0;0;0;0;0;0;0;0;0;0;0;0;0;0;0;0;0;
0;0;0;0;0;0;0;0;0;0;0;0;0;0;0;0;0;0;0;0;0;0;0;0;0;0;0;0;0;0;0;0;0;0;0;0;0;0;0;0;0;0;0;0;0;0;0;0;0;0;0;0;0;0;0;0;0;0;0;0;0;0;0;0;0;0;0;0;0;0;0;0;0;0;0;0;0;0;0;0;0;0;0;0;0;0;0;0;0;0;0;0;0;0;0;0;0;0;0;0;
2026;1162;2026;2026;2026;2026;2026;2026;2026;2026;2026;2026;2026;2026;2026;2026;2026;2026;2026;2026;2026;2026;2026;2026;2026;2026;2026;2026;2026;2026;2026;2026;2026;2026;2026;2026;2026;2026;2026;2026;2026;206;2026;2026;2026;2026;1162;2026;2026;2026;2026;2026;2026;2026;1162;2026;2026;2026;2026;206;2026;2026;2026;2026;2026;2026;2026;2026;2026;2026;2026;2026;2026;2026;2026;2026;2026;2026;2026;2026;2026;2026;2026;2026;2026;2026;2026;2026;2026;2026;2026;2026;2026;2026;2026;2026;2026;2026;1162;2026;
0;0;1162;0;1162;0;0;0;0;0;0;0;0;0;0;0;0;0;0;0;0;0;0;0;0;0;0;0;0;0;0;0;0;0;0;0;0;0;0;0;0;0;1162;0;1162;1728;0;0;0;0;1054;0;0;0;0;1728;1162;0;1162;0;0;0;0;0;0;0;0;0;0;0;0;0;0;0;0;0;0;0;0;0;0;0;0;0;0;0;0;0;0;0;0;0;0;0;0;1162;0;1162;0;0;
0;0;1162;0;1162;0;0;0;0;0;0;0;0;0;0;0;0;0;0;0;0;0;0;0;0;0;0;0;0;0;0;0;0;0;0;0;0;0;0;0;0;0;1162;0;1162;1728;0;0;0;0;0;0;0;0;0;1728;1162;0;1162;0;0;0;0;0;0;0;0;0;0;0;0;0;0;0;0;0;0;0;0;0;0;0;0;0;0;0;0;0;0;0;0;0;0;0;0;1162;0;1162;0;0;
0;998;2026;2026;2026;2026;2026;2026;2026;2026;2026;2026;2026;2026;2026;2026;2026;2026;2026;2026;2026;2026;2026;2026;2026;2026;2026;2026;2026;2026;2026;2026;2026;2026;2026;2026;2026;2026;2026;2026;2026;2026;2026;2026;2026;1728;0;0;0;872;0;0;0;0;0;1728;2026;2026;2026;2026;2026;2026;2026;2026;2026;2026;2026;2026;2026;2026;2026;2026;2026;2026;2026;2026;2026;2026;2026;2026;2026;2026;2026;2026;2026;2026;2026;2026;2026;2026;2026;2026;2026;2026;2026;2026;2026;2026;998;0;
0;0;2026;2810;2810;2810;2810;2810;2810;2810;2810;2810;2810;2810;2810;2810;2810;2810;2810;2810;2810;2810;2810;2810;2810;2810;2810;2810;2810;2810;2810;2810;2810;2810;2810;2810;2810;2810;2810;2810;2810;2810;2810;2810;2026;1728;0;0;728;926;926;926;728;0;0;1728;2026;2810;2810;2810;2810;2810;2810;2810;2810;2810;2810;2810;2810;2810;2810;2810;2810;2810;2810;2810;2810;2810;2810;2810;2810;2810;2810;2810;2810;2810;2810;2810;2810;2810;2810;2810;2810;2810;2810;2810;2810;2026;0;0;
0;0;1162;0;0;998;998;998;998;998;998;998;998;998;998;998;998;998;998;998;998;998;998;998;998;998;998;998;998;998;998;998;998;998;998;998;998;998;998;998;998;998;0;0;1162;1728;0;1728;728;204;2072;1450;728;1728;0;1728;1162;0;0;998;998;998;998;998;998;998;998;998;998;998;998;998;998;998;998;998;998;998;998;998;998;998;998;998;998;998;998;998;998;998;998;998;998;998;998;0;0;1162;0;0;
0;998;2026;1728;2810;2810;2810;2810;2810;2810;2810;2810;2810;2810;2810;2810;2810;2810;2810;2810;2810;2810;2810;2810;2810;2810;2810;2810;2810;2810;2810;2810;2810;2810;2810;2810;2810;2810;2810;2810;2810;2810;2810;1728;2026;1728;0;1728;1162;1450;926;998;728;1728;0;1728;2026;1728;2810;2810;2810;2810;2810;2810;2810;2810;2810;2810;2810;2810;2810;2810;2810;2810;2810;2810;2810;2810;2810;2810;2810;2810;2810;2810;2810;2810;2810;2810;2810;2810;2810;2810;2810;2810;2810;2810;1728;2026;998;0;
0;0;2026;2026;2026;2026;2026;2026;2026;2026;2026;2026;2026;2026;2026;2026;2026;2026;2026;2026;2026;2026;2026;2026;2026;2026;2026;2026;2026;2026;2026;2026;2026;2026;2026;2026;2026;2026;2026;2026;2026;206;2026;2026;2026;1728;0;1728;728;998;998;0;728;1728;0;1728;2026;2026;2026;206;2026;2026;2026;2026;2026;2026;2026;2026;2026;2026;2026;2026;2026;2026;2026;2026;2026;2026;2026;2026;2026;2026;2026;2026;2026;2026;2026;2026;2026;2026;2026;2026;2026;2026;2026;2026;2026;2026;0;0;
0;998;1162;0;1162;0;0;0;0;0;0;0;0;0;0;0;0;0;0;0;0;0;0;0;0;0;0;0;0;0;0;0;0;0;0;0;0;0;0;0;0;0;1162;0;1162;1728;0;1728;728;0;1450;1450;1162;1728;0;1728;1162;0;1162;0;0;0;0;0;0;0;0;0;0;0;0;0;0;0;0;0;0;0;0;0;0;0;0;0;0;0;0;0;0;0;0;0;0;0;0;1162;0;1162;998;0;
0;0;1162;0;1162;0;0;0;0;0;0;0;0;0;0;0;0;0;0;0;0;0;0;0;0;0;0;0;0;0;0;0;0;0;0;0;0;0;0;0;0;0;1162;0;1162;1728;0;1728;728;1162;728;728;728;1728;0;1728;1162;0;1162;0;0;0;0;0;0;0;0;0;0;0;0;0;0;0;0;0;0;0;0;0;0;0;0;0;0;0;0;0;0;0;0;0;0;0;0;1162;0;1162;0;0;
0;998;2026;2026;2026;2026;2026;2026;2026;2026;2026;2026;2026;2026;2026;2026;2026;2026;2026;2026;2026;2026;2026;2026;2026;2026;2026;2026;2026;2026;2026;2026;2026;2026;2026;2026;2026;2026;2026;2026;2026;2026;2026;2026;2026;1728;0;1728;728;1108;0;872;728;1728;0;1728;2026;2026;2026;2026;2026;2026;2026;2026;2026;2026;2026;2026;2026;2026;2026;2026;2026;2026;2026;2026;2026;2026;2026;2026;2026;2026;2026;2026;2026;2026;2026;2026;2026;2026;2026;2026;2026;2026;2026;2026;2026;2026;998;0;
0;0;2026;2810;2810;2810;2810;2810;2810;2810;2810;2810;2810;2810;2810;2810;2810;2810;2810;2810;2810;2810;2810;2810;2810;2810;2810;2810;2810;2810;2810;2810;2810;2810;2810;2810;2810;2810;2810;2810;2810;2810;2810;2810;2026;1728;0;1728;1162;926;1450;1728;1162;1728;0;1728;2026;2810;2810;2810;2810;2810;2810;2810;2810;2810;2810;2810;2810;2810;2810;2810;2810;2810;2810;2810;2810;2810;2810;2810;2810;2810;2810;2810;2810;2810;2810;2810;2810;2810;2810;2810;2810;2810;2810;2810;2810;2026;0;0;
0;0;1162;0;0;998;998;998;998;998;998;998;998;998;998;998;998;998;998;998;998;998;998;998;998;998;998;998;998;998;998;998;998;998;998;998;998;998;998;998;998;998;0;0;1162;1728;0;1728;728;998;998;1728;728;1728;0;1728;1162;0;0;998;998;998;998;998;998;998;998;998;998;998;998;998;998;998;998;998;998;998;998;998;998;998;998;998;998;998;998;998;998;998;998;998;998;998;998;0;0;1162;0;0;
0;998;2026;1728;2810;2810;2810;2810;2810;2810;2810;2810;2810;2810;2810;2810;2810;2810;2810;2810;2810;2810;2810;2810;2810;2810;2810;2810;2810;2810;2810;2810;2810;2810;2810;2810;2810;2810;2810;2810;2810;2810;2810;1728;2026;1728;0;998;728;728;728;728;728;998;0;1728;2026;1728;2810;2810;2810;2810;2810;2810;2810;2810;2810;2810;2810;2810;2810;2810;2810;2810;2810;2810;2810;2810;2810;2810;2810;2810;2810;2810;2810;2810;2810;2810;2810;2810;2810;2810;2810;2810;2810;2810;1728;2026;998;0;
0;0;2026;2026;2026;2026;2026;2026;2026;2026;2026;2026;2026;2026;2026;2026;2026;2026;2026;2026;2026;2026;2026;2026;2026;2026;2026;2026;2026;2026;2026;2026;2026;2026;2026;2026;2026;2026;2026;2026;2026;206;2026;2026;2026;1728;0;0;0;0;204;0;0;0;0;1728;2026;2026;2026;206;2026;2026;2026;2026;2026;2026;2026;2026;2026;2026;2026;2026;2026;2026;2026;2026;2026;2026;2026;2026;2026;2026;2026;2026;2026;2026;2026;2026;2026;2026;2026;2026;2026;2026;2026;2026;2026;2026;0;0;
0;998;1162;0;1162;0;0;0;0;0;0;0;0;0;0;0;0;0;0;0;0;0;0;0;0;0;0;0;0;0;0;0;0;0;0;0;0;0;0;0;0;0;1162;0;1162;1728;0;0;0;0;1490;0;0;0;0;1728;1162;0;1162;0;0;0;0;0;0;0;0;0;0;0;0;0;0;0;0;0;0;0;0;0;0;0;0;0;0;0;0;0;0;0;0;0;0;0;0;1162;0;1162;998;0;
0;0;1162;0;1162;0;0;0;0;0;0;0;0;0;0;0;0;0;0;0;0;0;0;0;0;0;0;0;0;0;0;0;0;0;0;0;0;0;0;0;0;0;1162;0;1162;1728;0;0;872;1276;226;1278;0;0;0;1728;1162;0;1162;0;0;0;0;0;0;0;0;0;0;0;0;0;0;0;0;0;0;0;0;0;0;0;0;0;0;0;0;0;0;0;0;0;0;0;0;1162;0;1162;0;0;
0;998;2026;2026;2026;2026;2026;2026;2026;2026;2026;2026;2026;2026;2026;2026;2026;2026;2026;2026;2026;2026;2026;2026;2026;2026;2026;2026;2026;2026;2026;2026;2026;2026;2026;2026;2026;2026;2026;2026;2026;2026;2026;2026;2026;1728;0;0;728;728;728;728;728;0;0;1728;2026;2026;2026;2026;2026;2026;2026;2026;2026;2026;2026;2026;2026;2026;2026;2026;2026;2026;2026;2026;2026;2026;2026;2026;2026;2026;2026;2026;2026;2026;2026;2026;2026;2026;2026;2026;2026;2026;2026;2026;2026;2026;998;0;
0;0;2026;2810;2810;2810;2810;2810;2810;2810;2810;2810;2810;2810;2810;2810;2810;2810;2810;2810;2810;2810;2810;2810;2810;2810;2810;2810;2810;2810;2810;2810;2810;2810;2810;2810;2810;2810;2810;2810;2810;2810;2810;2810;2026;1728;0;926;1162;598;598;598;1162;926;0;1728;2026;2810;2810;2810;2810;2810;2810;2810;2810;2810;2810;2810;2810;2810;2810;2810;2810;2810;2810;2810;2810;2810;2810;2810;2810;2810;2810;2810;2810;2810;2810;2810;2810;2810;2810;2810;2810;2810;2810;2810;2810;2026;0;0;
0;0;1162;0;0;998;998;998;998;998;998;998;998;998;998;998;998;998;998;998;998;998;998;998;998;998;998;998;998;998;998;998;998;998;998;998;998;998;998;998;998;998;0;0;1162;1728;0;926;728;728;728;728;728;926;0;1728;1162;0;0;998;998;998;998;998;998;998;998;998;998;998;998;998;998;998;998;998;998;998;998;998;998;998;998;998;998;998;998;998;998;998;998;998;998;998;998;0;0;1162;0;0;
0;998;2026;1728;2810;2810;2810;2810;2810;2810;2810;2810;2810;2810;2810;2810;2810;2810;2810;2810;2810;2810;2810;2810;2810;2810;2810;2810;2810;2810;2810;2810;2810;2810;2810;2810;2810;2810;2810;2810;2810;2810;2810;1728;2026;1728;0;926;1162;598;598;598;1162;926;0;1728;2026;1728;2810;2810;2810;2810;2810;2810;2810;2810;2810;2810;2810;2810;2810;2810;2810;2810;2810;2810;2810;2810;2810;2810;2810;2810;2810;2810;2810;2810;2810;2810;2810;2810;2810;2810;2810;2810;2810;2810;1728;2026;998;0;
0;0;2026;2026;2026;2026;2026;2026;2026;2026;2026;2026;2026;2026;2026;2026;2026;2026;2026;2026;2026;2026;2026;2026;2026;2026;2026;2026;2026;2026;2026;2026;2026;2026;2026;2026;2026;2026;2026;2026;2026;206;2026;2026;2026;1728;0;926;728;728;728;728;728;926;0;1728;2026;2026;2026;206;2026;2026;2026;2026;2026;2026;2026;2026;2026;2026;2026;2026;2026;2026;2026;2026;2026;2026;2026;2026;2026;2026;2026;2026;2026;2026;2026;2026;2026;2026;2026;2026;2026;2026;2026;2026;2026;2026;0;0;
0;998;1162;0;1162;0;0;0;0;0;0;0;0;0;0;0;0;0;0;0;0;0;0;0;0;0;0;0;0;0;0;0;0;0;0;0;0;0;0;0;0;0;1162;0;1162;1728;0;926;1162;598;598;598;1162;926;0;1728;1162;0;1162;0;0;0;0;0;0;0;0;0;0;0;0;0;0;0;0;0;0;0;0;0;0;0;0;0;0;0;0;0;0;0;0;0;0;0;0;1162;0;1162;998;0;
0;0;1162;0;1162;0;0;0;0;0;0;0;0;0;0;0;0;0;0;0;0;0;0;0;0;0;0;0;0;0;0;0;0;0;0;0;0;0;0;0;0;0;1162;0;1162;1728;0;926;728;728;728;728;728;926;0;1728;1162;0;1162;0;0;0;0;0;0;0;0;0;0;0;0;0;0;0;0;0;0;0;0;0;0;0;0;0;0;0;0;0;0;0;0;0;0;0;0;1162;0;1162;0;0;
0;998;2026;2026;2026;2026;2026;2026;2026;2026;2026;2026;2026;2026;2026;2026;2026;2026;2026;2026;2026;2026;2026;2026;2026;2026;2026;2026;2026;2026;2026;2026;2026;2026;2026;2026;2026;2026;2026;2026;2026;2026;2026;2026;2026;1728;0;926;1162;598;598;598;1162;926;0;1728;2026;2026;2026;2026;2026;2026;2026;2026;2026;2026;2026;2026;2026;2026;2026;2026;2026;2026;2026;2026;2026;2026;2026;2026;2026;2026;2026;2026;2026;2026;2026;2026;2026;2026;2026;2026;2026;2026;2026;2026;2026;2026;998;0;
0;0;2026;2810;2810;2810;2810;2810;2810;2810;2810;2810;2810;2810;2810;2810;2810;2810;2810;2810;2810;2810;2810;2810;2810;2810;2810;2810;2810;2810;2810;2810;2810;2810;2810;2810;2810;2810;2810;2810;2810;2810;2810;2810;2026;1728;0;926;728;728;2408;728;728;926;0;1728;2026;2810;2810;2810;2810;2810;2810;2810;2810;2810;2810;2810;2810;2810;2810;2810;2810;2810;2810;2810;2810;2810;2810;2810;2810;2810;2810;2810;2810;2810;2810;2810;2810;2810;2810;2810;2810;2810;2810;2810;2810;2026;0;0;
0;0;1162;0;0;998;998;998;998;998;998;998;998;998;998;998;998;998;998;998;998;998;998;998;998;998;998;998;998;998;998;998;998;998;998;998;998;998;998;998;998;998;0;0;1162;1728;0;926;1162;762;6;2586;1162;926;0;1728;1162;0;0;998;998;998;998;998;998;998;998;998;998;998;998;998;998;998;998;998;998;998;998;998;998;998;998;998;998;998;998;998;998;998;998;998;998;998;998;0;0;1162;0;0;
2026;2026;2026;2026;2026;2026;2026;2026;2026;2026;2026;2026;2026;2026;2026;2026;2026;2026;2026;2026;2026;2026;2026;2026;2026;2026;2026;2026;2026;2026;2026;2026;2026;2026;2026;2026;2026;2026;2026;2026;2026;2026;2026;2026;2026;2026;2026;2026;2026;2026;8;2026;2026;2026;2026;2026;2026;2026;2026;2026;2026;2026;2026;2026;2026;2026;2026;2026;2026;2026;2026;2026;2026;2026;2026;2026;2026;2026;2026;2026;2026;2026;2026;2026;2026;2026;2026;2026;2026;2026;2026;2026;2026;2026;2026;2026;2026;2026;2026;2026;
8;8;8;8;8;8;8;8;8;8;8;8;8;8;8;8;8;8;8;8;8;8;8;8;8;8;8;8;8;8;8;8;8;8;8;8;8;8;8;8;8;8;8;8;8;8;8;8;8;8;8;8;8;8;8;8;8;8;8;8;8;8;8;8;8;8;8;8;8;8;8;8;8;8;8;8;8;8;8;8;8;8;8;8;8;8;8;8;8;8;8;8;8;8;8;8;8;8;8;8;
8;8;8;8;8;8;8;8;8;8;8;8;8;8;8;8;8;8;8;8;8;8;8;8;8;8;8;8;8;8;8;8;8;8;8;8;8;8;8;8;8;8;8;8;8;8;8;8;8;8;8;8;8;8;8;8;8;8;8;8;8;8;8;8;8;8;8;8;8;8;8;8;8;8;8;8;8;8;8;8;8;8;8;8;8;8;8;8;8;8;8;8;8;8;8;8;8;8;8;8;
8;8;8;8;8;8;8;8;8;8;8;8;8;8;8;8;8;8;8;8;8;8;8;8;8;8;8;8;8;8;8;8;8;8;8;8;8;8;8;8;8;8;8;8;8;8;8;8;8;8;8;8;8;8;8;8;8;8;8;8;8;8;8;8;8;8;8;8;8;8;8;8;8;8;8;8;8;8;8;8;8;8;8;8;8;8;8;8;8;8;8;8;8;8;8;8;8;8;8;8;
8;8;8;8;8;8;8;8;8;8;8;8;8;8;8;8;8;8;8;8;8;8;8;8;8;8;8;8;8;8;8;8;8;8;8;8;8;8;8;8;8;8;8;8;8;8;8;8;8;8;8;8;8;8;8;8;8;8;8;8;8;8;8;8;8;8;8;8;8;8;8;8;8;8;8;8;8;8;8;8;8;8;8;8;8;8;8;8;8;8;8;8;8;8;8;8;8;8;8;8;
8;8;8;8;8;8;8;8;8;8;8;8;8;8;8;8;8;8;8;8;8;8;8;8;8;8;8;8;8;8;8;8;8;8;8;8;8;8;8;8;8;8;8;8;8;8;8;8;8;8;8;8;8;8;8;8;8;8;8;8;8;8;8;8;8;8;8;8;8;8;8;8;8;8;8;8;8;8;8;8;8;8;8;8;8;8;8;8;8;8;8;8;8;8;8;8;8;8;8;8;
8;8;8;8;8;8;8;8;8;8;8;8;8;8;8;8;8;8;8;8;8;8;8;8;8;8;8;8;8;8;8;8;8;8;8;8;8;8;8;8;8;8;8;8;8;8;8;8;8;8;8;8;8;8;8;8;8;8;8;8;8;8;8;8;8;8;8;8;8;8;8;8;8;8;8;8;8;8;8;8;8;8;8;8;8;8;8;8;8;8;8;8;8;8;8;8;8;8;8;8;
