168;168;168;168;168;168;168;168;168;168;168;168;168;168;168;168;168;168;168;168;168;168;168;168;168;168;168;168;168;168;168;168;168;168;168;168;168;168;168;168;168;168;168;168;168;168;168;168;168;168;168;168;168;168;168;168;168;168;168;168;168;168;168;168;168;168;168;168;168;168;168;168;168;168;168;168;168;168;168;168;168;168;168;168;168;168;168;168;168;168;168;168;168;168;168;168;168;168;168;168;
168;168;168;168;168;168;168;168;168;168;168;168;168;168;168;168;168;168;168;168;168;168;168;168;168;168;168;168;168;168;168;168;168;168;168;168;168;168;168;168;168;168;168;168;168;168;168;168;168;168;168;168;168;168;168;168;168;168;168;168;168;168;168;168;168;168;168;168;168;168;168;168;168;168;168;168;168;168;168;168;168;168;168;168;168;168;168;168;168;168;168;168;168;168;168;168;168;168;168;168;
168;168;168;168;174;174;174;174;174;174;174;174;174;174;174;174;174;174;174;0;0;0;0;0;0;0;0;0;0;0;0;0;0;0;0;0;0;0;0;0;0;0;0;0;0;0;0;0;0;0;0;0;0;0;0;0;0;0;0;0;0;0;0;0;0;0;0;0;0;0;0;0;0;0;0;0;168;168;168;182;182;182;182;182;182;182;182;182;182;182;182;182;182;182;182;182;168;168;168;168;
168;168;168;174;174;0;0;0;0;0;0;0;0;0;0;0;0;0;174;174;0;0;0;0;0;0;0;0;0;0;0;0;0;0;0;0;0;0;0;0;0;0;0;0;0;0;0;0;0;0;0;0;0;0;0;0;0;0;0;0;0;0;0;0;0;0;0;0;0;0;0;0;0;0;0;0;168;168;182;182;168;168;168;168;168;168;168;168;168;168;168;168;168;168;168;182;182;168;168;168;
168;168;174;174;174;0;0;0;0;0;0;0;0;0;0;0;0;0;0;174;174;0;0;0;0;0;0;0;0;0;174;174;0;0;0;0;174;174;0;0;0;0;0;0;0;0;0;0;0;0;0;0;0;0;0;0;0;182;182;0;0;0;0;182;182;0;0;0;0;182;182;0;0;0;0;0;168;168;182;168;168;0;0;0;0;0;0;0;0;0;0;0;0;168;168;182;182;182;168;168;
168;168;174;0;0;0;0;0;0;0;0;0;0;0;0;0;0;0;0;0;174;174;0;0;0;0;0;174;174;0;0;0;0;174;174;0;0;0;0;0;174;174;0;0;0;0;0;0;0;0;0;0;0;0;0;0;0;0;0;0;182;182;0;0;0;0;182;182;0;0;0;0;0;0;0;0;0;168;168;168;0;0;0;0;0;0;0;182;182;0;0;0;0;0;168;168;168;182;168;168;
168;168;174;0;0;0;0;0;0;174;174;0;0;0;0;174;174;0;0;0;0;0;0;0;0;0;0;0;0;0;0;0;0;0;0;0;0;0;0;0;0;0;0;0;0;0;0;0;0;0;0;0;0;0;0;0;0;0;0;0;0;0;0;0;0;0;0;0;0;0;0;0;0;0;0;0;0;0;0;0;0;0;0;0;0;0;0;0;0;0;0;0;0;0;0;168;168;182;168;168;
168;174;174;0;0;0;0;0;0;0;0;0;0;0;0;0;0;0;0;0;0;0;0;0;168;60;168;168;168;168;168;168;168;168;168;168;168;168;168;168;168;168;168;0;174;0;168;0;174;0;168;0;182;0;168;0;182;0;168;168;168;168;168;168;168;168;168;168;168;168;168;168;60;168;168;168;168;0;0;0;0;0;0;0;182;182;0;0;0;0;182;182;0;0;0;168;168;182;168;168;
168;174;174;0;0;0;174;174;0;0;0;0;0;0;0;0;0;0;0;0;0;0;0;168;168;0;0;0;0;0;0;0;0;0;0;0;0;0;0;0;0;0;168;0;0;0;168;0;0;0;168;0;0;0;168;0;0;0;168;0;0;0;0;0;0;0;0;0;0;0;0;0;0;168;182;182;168;168;0;0;0;0;0;0;0;0;0;0;0;0;0;0;0;182;182;168;168;182;168;168;
168;174;174;174;174;174;0;0;0;0;0;0;0;174;174;0;0;0;0;0;0;0;0;60;0;0;0;0;0;0;0;0;0;0;0;0;0;0;0;0;0;0;168;0;0;0;168;0;0;0;168;0;0;0;168;0;0;0;168;0;0;0;0;0;0;0;0;0;0;0;0;0;168;182;182;168;168;168;168;168;0;182;182;0;0;0;0;182;1452;182;0;0;0;182;1656;168;168;182;168;168;
168;174;174;174;1656;174;0;0;0;174;1452;174;0;0;0;0;0;0;0;0;168;168;168;174;174;0;0;0;0;0;0;0;0;0;0;0;0;0;0;0;0;0;168;0;0;0;168;0;0;0;168;0;0;0;168;0;0;0;168;0;0;0;0;0;0;0;0;0;0;0;0;168;182;182;168;168;168;168;0;0;0;0;0;0;0;0;0;182;1658;182;0;0;0;0;986;168;168;182;168;168;
168;174;174;0;0;174;0;0;0;174;1658;174;0;0;0;0;0;0;0;0;0;168;168;168;174;174;0;0;0;0;0;0;0;0;0;0;0;0;0;0;0;0;168;0;0;0;168;0;0;0;168;0;0;0;168;0;0;0;168;0;0;0;0;0;0;0;0;0;0;0;168;182;182;168;168;0;0;0;0;0;0;0;0;0;0;0;0;0;0;0;0;0;1622;168;168;168;168;182;168;168;
168;174;174;0;986;0;0;0;0;0;0;0;0;0;0;174;174;174;0;0;0;0;0;168;168;174;174;0;0;0;0;0;0;0;0;0;0;0;0;0;0;0;168;162;902;162;168;902;162;902;168;902;162;902;168;162;902;162;168;0;0;0;0;0;0;0;0;0;0;168;182;182;168;168;0;0;0;0;0;0;0;168;168;168;168;168;168;168;624;168;168;168;168;168;168;182;182;182;168;168;
168;174;174;174;174;0;0;0;0;0;624;0;0;0;0;0;0;0;0;0;0;0;0;0;168;168;174;174;0;0;0;0;0;0;0;0;0;0;0;0;0;0;0;0;0;0;0;0;0;0;0;0;0;0;0;0;0;0;0;0;0;0;0;0;0;0;0;0;168;182;182;168;168;0;0;0;0;0;0;0;168;168;168;168;168;168;168;168;168;168;168;168;168;168;182;182;182;168;168;168;
168;174;174;174;174;174;1622;0;688;0;174;0;0;0;0;0;0;0;0;0;0;0;0;0;0;168;168;174;174;0;0;0;0;0;0;0;0;0;0;0;0;0;0;0;0;0;0;0;0;0;0;0;0;0;0;0;0;0;0;0;168;168;168;168;168;168;168;168;182;182;168;168;0;0;0;0;0;0;0;168;168;168;182;182;182;182;182;182;182;182;182;182;182;182;182;182;168;168;168;168;
168;168;168;174;174;174;174;174;174;174;174;174;174;174;174;174;0;0;0;0;0;0;0;0;0;0;168;168;174;174;174;174;174;174;174;174;174;174;174;174;174;174;174;174;174;174;174;0;598;0;182;182;182;182;182;182;182;182;182;182;182;182;182;182;182;182;182;182;182;168;168;0;0;0;0;0;0;0;168;168;168;182;182;168;168;168;168;168;168;168;168;168;168;168;168;168;168;168;168;168;
168;168;168;168;174;174;174;174;174;174;174;174;174;168;174;174;174;0;0;0;0;0;0;0;0;0;0;168;168;168;168;168;168;168;168;168;168;168;168;168;168;168;168;168;168;168;168;168;60;168;168;168;168;168;168;168;168;168;168;168;168;168;168;168;168;168;168;168;168;168;0;0;0;0;0;0;0;168;168;168;182;182;168;168;182;182;182;182;182;182;182;182;182;182;182;182;182;182;168;168;
168;168;174;174;174;174;174;174;174;174;174;174;174;174;168;174;174;174;688;0;0;0;0;0;0;0;0;0;0;0;0;0;0;0;0;0;0;0;0;0;0;0;0;598;0;0;0;340;0;340;0;0;0;0;598;0;0;0;0;0;0;0;0;0;0;0;0;0;0;0;0;0;0;0;0;0;168;168;168;182;182;168;168;182;0;0;0;0;0;0;0;0;0;0;0;0;0;182;168;168;
168;168;174;0;0;0;0;0;0;0;0;0;0;174;174;168;174;174;174;0;0;0;0;0;0;0;0;0;0;0;0;0;0;0;0;0;0;0;0;0;0;0;0;598;20;0;0;1240;0;1240;0;0;20;0;598;0;0;0;0;0;0;0;0;0;0;0;0;0;0;0;0;0;0;0;0;168;168;168;182;182;168;168;182;0;0;0;0;0;0;0;0;0;0;0;0;0;0;182;168;168;
168;168;174;174;174;0;0;0;0;0;0;0;0;0;174;174;168;174;174;174;0;0;0;0;0;0;0;0;0;0;0;0;0;0;0;0;0;0;0;0;0;0;1618;174;174;174;174;168;1162;168;182;182;182;182;182;1618;0;20;0;0;0;0;0;0;0;0;0;0;0;0;0;0;0;0;168;168;168;182;182;168;168;182;0;0;0;0;0;0;0;0;0;0;0;0;0;0;0;182;168;168;
168;168;174;174;174;174;0;0;0;0;0;0;0;0;0;174;174;168;174;174;174;0;0;0;0;0;0;0;0;0;0;0;0;0;0;0;0;0;0;0;998;0;174;174;168;2646;2646;2646;26;2646;2646;2646;0;168;182;182;0;998;0;0;0;0;0;0;0;0;0;0;0;0;0;0;0;168;168;168;182;182;168;168;182;0;0;0;0;0;0;0;0;0;0;0;0;0;0;0;0;182;168;168;
168;168;174;174;174;174;174;0;0;0;0;0;0;0;0;0;174;174;168;174;174;174;0;0;0;0;0;0;0;0;0;0;0;0;0;0;0;0;0;0;0;0;174;168;0;0;0;20;998;0;0;0;0;0;168;182;0;0;0;0;0;0;0;0;0;0;0;0;0;0;0;0;168;168;168;182;182;168;168;182;0;0;0;0;0;0;0;0;0;0;0;0;0;0;0;0;0;182;168;168;
168;168;174;174;174;174;174;174;0;0;0;0;0;0;0;0;0;174;174;168;174;174;174;0;0;0;0;0;0;0;0;0;0;0;0;0;0;998;0;0;0;0;728;1276;0;2946;2946;2794;2946;2794;2946;2946;0;0;1278;728;0;0;0;0;0;998;0;0;0;0;0;0;0;0;0;168;168;168;182;182;168;168;182;0;0;0;0;0;0;0;0;0;0;0;0;0;0;0;0;0;0;182;168;168;
168;168;174;174;174;174;174;174;174;0;0;0;0;0;0;0;0;0;174;174;168;174;174;174;0;0;0;0;0;0;0;0;0;0;0;0;0;0;0;998;0;0;728;0;0;1450;1450;1450;1660;1450;1450;1450;0;0;2744;728;0;0;652;0;0;0;0;0;0;0;0;0;0;0;168;168;168;182;182;168;168;182;0;0;0;0;0;0;0;0;0;0;0;0;0;0;0;0;0;0;0;182;168;168;
168;168;174;174;174;174;174;174;174;174;174;174;174;174;174;174;0;0;0;0;0;0;0;598;0;0;0;0;0;0;0;0;0;0;0;0;0;0;0;0;0;0;180;728;728;998;982;982;242;982;982;998;0;728;728;170;0;0;998;0;0;0;0;0;0;0;0;0;0;0;0;0;598;0;0;0;0;0;0;0;0;0;0;0;0;0;0;0;0;0;0;0;0;0;0;0;0;182;168;168;
168;168;168;168;168;168;168;168;168;168;168;168;168;168;168;168;168;168;168;168;168;168;168;168;168;168;168;168;168;168;168;168;168;168;168;168;168;2244;0;0;0;0;180;180;728;0;60;2978;6;2978;60;2978;1684;728;170;170;0;0;0;0;0;2246;168;168;168;168;168;168;168;168;168;168;168;168;168;168;168;168;168;168;168;168;168;168;168;168;168;168;168;168;168;168;168;168;168;168;168;168;168;168;
168;168;168;168;168;168;168;168;168;168;168;168;168;168;168;168;168;168;168;168;168;168;168;168;168;168;168;168;168;168;168;168;168;168;168;168;168;168;0;0;0;0;1618;180;728;728;1452;982;8;982;1452;728;728;728;170;1618;0;0;0;0;0;168;168;168;168;168;168;168;168;168;168;168;168;168;168;168;168;168;168;168;168;168;168;168;168;168;168;168;168;168;168;168;168;168;168;168;168;168;168;168;
168;168;180;0;0;0;0;0;0;0;0;0;0;0;0;0;0;0;0;0;0;0;0;598;60;0;0;0;0;0;0;0;0;0;0;0;0;0;998;0;0;0;0;180;180;180;180;180;162;170;170;170;170;170;170;0;0;0;0;0;998;0;0;0;0;0;0;0;0;0;0;0;598;0;0;0;0;0;0;0;0;0;0;0;0;0;0;0;0;0;0;0;0;0;0;0;0;170;168;168;
168;168;180;0;0;0;0;0;0;0;0;0;0;0;0;0;0;0;0;180;168;168;180;180;168;168;0;0;0;0;0;0;0;0;0;0;0;0;998;0;0;998;0;0;0;0;390;162;1514;162;390;0;0;0;0;0;998;0;0;0;998;0;0;0;0;0;0;0;0;0;168;168;168;170;170;168;170;0;0;0;0;0;0;0;0;0;0;0;0;0;0;0;0;0;0;0;0;170;168;168;
168;168;180;0;0;0;0;0;0;0;0;0;0;0;0;0;0;0;180;168;168;180;180;168;168;0;0;0;0;0;0;0;0;0;0;0;0;0;998;0;0;0;0;0;0;0;658;0;0;0;658;0;0;0;0;0;0;0;0;0;998;0;0;0;0;0;0;0;0;0;0;168;168;168;170;170;168;170;0;0;0;0;0;0;0;0;0;0;0;0;0;0;0;0;0;0;0;170;168;168;
168;168;180;0;0;0;0;0;0;0;0;0;0;0;0;0;0;180;168;168;180;180;168;168;0;0;0;0;0;0;0;0;0;0;0;0;0;0;0;0;0;0;0;0;0;0;2396;0;762;0;2396;0;0;0;0;0;170;170;0;0;0;0;0;0;0;0;0;0;0;0;0;0;168;168;168;170;170;168;170;0;0;0;0;0;0;0;0;0;0;0;0;0;0;0;0;0;0;170;168;168;
168;168;180;0;0;0;0;0;0;0;0;0;0;0;0;0;180;168;168;180;180;168;168;0;0;0;0;0;0;0;0;0;0;0;0;0;0;0;0;0;0;0;0;0;0;0;554;998;998;998;554;0;0;0;0;0;0;0;0;0;0;0;0;0;0;0;0;0;0;0;0;0;0;168;168;168;170;170;168;170;0;0;0;0;0;0;0;0;0;0;0;0;0;0;0;0;0;170;168;168;
168;168;180;0;0;0;0;0;0;0;0;0;0;0;0;180;168;168;180;180;168;168;0;0;0;0;0;0;0;0;0;0;0;0;0;0;0;0;0;0;0;0;0;0;0;0;0;0;0;0;0;0;0;0;0;0;0;0;0;0;0;0;0;0;0;0;0;0;0;0;0;0;0;0;168;168;168;170;170;168;170;0;0;0;0;0;0;0;0;0;0;0;0;0;0;0;0;170;168;168;
168;168;180;0;0;0;0;0;0;0;0;0;0;0;180;168;168;180;180;168;168;0;0;0;0;0;0;0;0;168;168;168;168;168;168;168;168;168;168;168;168;2246;0;0;0;0;440;440;0;0;440;440;0;0;0;0;2242;170;170;170;170;170;170;170;170;170;170;0;0;0;0;0;0;0;0;168;168;168;170;170;168;170;0;0;0;0;0;0;0;0;0;0;0;0;0;0;0;170;168;168;
168;168;180;0;0;0;0;0;0;0;0;0;0;180;168;168;180;180;168;168;0;0;0;0;0;0;0;0;168;168;168;168;168;168;168;168;168;168;168;168;168;168;0;440;440;0;0;0;0;0;0;0;0;440;440;0;170;170;170;170;170;170;170;170;170;170;170;170;0;0;0;0;0;0;0;0;168;168;168;170;170;168;170;0;0;0;0;0;0;0;0;0;0;0;0;0;0;170;168;168;
168;168;180;0;0;0;0;0;0;0;0;0;180;168;168;180;180;168;168;0;0;0;0;0;0;0;0;168;168;168;180;180;180;180;180;180;180;180;180;180;168;168;0;0;0;0;0;0;0;0;0;0;0;0;0;0;170;170;170;170;170;170;170;170;170;170;170;170;170;0;0;0;0;0;0;0;0;168;168;168;170;170;168;170;0;0;0;0;0;0;0;0;0;0;0;0;0;170;168;168;
168;168;180;180;180;180;180;180;180;180;180;180;168;168;180;180;168;168;0;0;0;0;0;0;0;0;168;168;168;180;180;180;180;180;180;180;180;180;180;180;180;168;0;0;0;0;180;180;0;0;170;170;0;0;0;0;170;170;170;170;170;170;170;170;170;170;170;170;170;170;0;0;0;0;0;0;0;0;168;168;168;170;170;168;170;170;170;170;170;170;170;170;170;170;170;170;170;170;168;168;
168;168;168;168;168;168;168;168;168;168;168;168;168;180;180;168;168;0;0;0;0;0;0;0;0;168;168;168;180;180;168;168;168;168;168;168;168;168;168;168;168;168;0;180;180;0;0;0;0;0;0;0;0;170;170;0;170;168;168;168;168;168;168;168;168;168;168;170;170;170;170;0;0;0;0;0;0;0;0;168;168;168;170;170;168;168;168;168;168;168;168;168;168;168;168;168;168;168;168;168;
168;168;168;168;180;180;180;180;180;180;180;180;180;180;168;168;0;0;0;0;0;0;0;0;168;168;168;180;180;168;168;168;168;168;168;168;168;168;168;168;168;168;162;162;162;162;162;162;0;0;162;162;162;162;162;162;170;170;170;170;170;170;170;170;170;170;168;168;170;170;170;170;0;0;0;0;0;0;0;0;168;168;168;170;170;170;170;170;170;170;170;170;170;170;170;170;168;168;168;168;
168;168;168;180;180;180;180;180;180;180;180;180;180;168;168;0;0;0;0;0;0;0;0;168;168;168;180;180;168;168;168;180;180;180;180;180;180;180;180;180;180;168;180;168;180;168;180;168;180;60;168;170;168;170;168;170;170;170;170;170;170;170;170;170;170;170;170;168;168;170;170;170;170;0;0;0;0;0;0;0;0;168;168;170;170;170;170;170;170;170;170;170;170;170;170;170;170;168;168;168;
168;168;180;180;180;168;168;168;168;168;168;168;168;168;0;0;0;0;0;0;0;0;168;168;168;180;180;168;168;168;0;0;0;0;0;0;0;0;0;0;180;0;0;0;0;0;0;0;0;598;0;0;0;0;0;0;0;0;170;0;0;0;0;0;0;0;0;168;168;168;170;170;170;170;0;0;0;0;0;0;0;0;168;168;168;168;168;168;168;168;168;168;168;168;168;170;170;170;168;168;
168;168;180;168;168;168;168;168;168;168;168;168;168;168;0;0;0;0;0;0;0;168;168;168;180;180;168;168;168;0;0;0;0;0;0;0;0;0;0;0;0;180;0;0;0;0;0;0;0;0;0;0;0;0;0;0;0;170;0;0;0;0;0;0;0;0;0;168;168;168;168;170;170;170;170;0;0;0;0;0;0;0;0;0;0;0;0;0;0;0;0;0;0;0;168;168;168;170;168;168;
168;168;180;168;168;168;0;0;0;0;0;0;0;0;0;0;0;0;0;0;168;168;168;180;180;168;168;168;0;0;0;0;0;0;0;0;0;0;0;0;0;0;180;0;0;0;0;102;0;102;0;102;0;0;0;0;170;0;0;0;0;0;0;0;0;0;0;0;168;168;168;168;170;170;170;170;0;0;0;0;0;0;0;0;0;0;0;0;0;0;0;0;0;0;0;168;168;170;168;168;
168;168;180;168;168;0;0;180;180;0;0;0;0;0;0;0;0;0;0;168;168;168;180;180;168;168;168;0;0;180;180;180;0;0;0;0;0;0;0;0;180;180;0;180;0;0;0;0;0;0;0;0;0;0;0;170;0;0;170;170;170;170;170;170;170;170;170;0;0;168;168;168;168;170;170;170;170;0;0;0;0;0;0;0;0;170;170;0;0;0;0;0;170;170;0;0;168;170;168;168;
168;168;180;168;180;180;0;0;0;0;0;0;0;180;180;0;0;0;168;168;168;180;180;168;168;168;0;0;0;180;0;180;0;180;0;0;0;0;0;0;180;0;0;0;180;0;0;0;0;0;0;0;0;0;170;0;0;0;170;0;170;170;0;0;170;0;170;0;0;0;168;168;168;168;170;170;170;170;0;0;0;0;0;0;0;0;0;0;0;0;0;0;0;0;170;170;168;170;168;168;
168;168;180;168;1656;180;0;0;0;180;180;180;0;0;0;0;0;168;168;168;180;180;168;168;168;0;0;0;0;180;180;180;0;180;0;0;180;0;180;0;180;180;0;0;0;180;0;0;0;0;0;0;0;170;0;0;0;0;170;0;0;170;170;0;170;0;170;0;0;0;0;168;168;168;168;170;170;170;170;0;0;0;170;170;0;0;0;0;170;1452;170;0;0;0;170;1656;170;170;168;168;
168;168;180;168;986;0;0;0;0;180;1658;180;0;0;0;0;168;168;168;180;180;168;168;168;0;0;0;0;0;180;0;180;0;180;0;0;180;0;180;0;180;0;0;0;0;0;180;0;0;0;0;0;170;0;0;0;0;0;170;0;0;170;0;0;170;0;170;0;0;0;0;0;168;168;168;168;170;170;170;170;0;0;0;0;0;0;0;0;170;1658;170;0;0;0;0;986;170;170;168;168;
168;168;180;168;168;168;1622;0;0;0;688;0;0;0;0;168;168;168;180;180;168;168;168;0;0;0;0;0;0;180;180;180;0;180;180;0;180;180;180;0;180;180;180;0;0;0;0;180;0;0;0;170;0;0;0;0;0;0;170;0;0;170;170;170;170;170;170;0;0;0;0;0;0;0;0;0;170;170;170;170;0;0;0;0;0;0;0;0;0;0;0;0;0;1622;170;170;170;170;168;168;
168;168;180;168;168;168;168;168;168;168;624;168;168;0;0;168;168;168;180;0;0;0;0;0;0;0;0;0;0;0;0;0;0;0;0;0;0;0;0;0;0;0;0;0;0;0;0;0;180;0;170;0;0;0;0;0;0;0;0;0;0;0;0;0;0;0;0;0;0;0;0;0;0;0;0;0;170;170;170;170;0;0;170;170;170;170;170;170;170;624;170;170;170;170;170;170;170;170;168;168;
168;168;180;180;180;168;168;168;168;168;168;168;168;998;0;168;168;168;180;180;180;180;180;180;180;180;180;180;180;180;180;180;180;180;180;180;180;180;180;180;180;180;180;180;180;180;180;180;0;0;0;170;170;170;170;170;170;170;170;170;170;170;170;170;170;170;170;170;170;170;170;170;170;170;170;170;170;170;170;170;0;998;170;170;170;170;170;170;170;170;170;170;170;170;170;170;170;170;168;168;
168;168;168;180;180;180;180;180;180;180;180;180;180;0;0;0;0;0;0;0;0;0;0;0;0;0;0;0;0;0;0;0;0;0;0;0;0;0;0;0;0;0;0;0;0;0;0;0;0;0;0;0;0;0;0;0;0;0;0;0;0;0;0;0;0;0;0;0;0;0;0;0;0;0;0;0;0;0;0;0;0;0;170;170;170;170;170;170;170;170;170;170;170;170;170;170;170;168;168;168;
168;168;168;168;180;180;180;180;180;180;180;180;180;0;0;0;0;0;0;0;0;0;0;0;0;0;0;0;0;0;0;0;0;0;0;0;0;0;0;0;0;0;0;0;0;0;0;0;0;0;0;0;0;0;0;0;0;0;0;0;0;0;0;0;0;0;0;0;0;0;0;0;0;0;0;0;0;0;0;0;0;0;170;170;170;170;170;170;170;170;170;170;170;170;170;170;168;168;168;168;
168;168;168;168;168;168;168;168;168;168;168;168;168;0;168;526;168;526;168;0;168;526;168;526;168;0;168;526;168;526;168;0;168;526;168;0;168;526;168;526;168;0;168;526;168;526;168;0;168;526;168;526;168;0;168;526;168;526;168;0;168;526;168;526;168;0;168;526;168;0;168;526;168;0;168;526;168;0;168;526;168;0;168;168;168;168;168;168;168;168;168;168;168;168;168;168;168;168;168;168;
168;168;168;168;168;168;168;168;168;168;168;168;168;168;168;168;168;168;168;168;168;168;168;168;168;168;168;168;168;168;168;168;168;168;168;168;168;168;168;168;168;168;168;168;168;168;168;168;168;168;168;168;168;168;168;168;168;168;168;168;168;168;168;168;168;168;168;168;168;168;168;168;168;168;168;168;168;168;168;168;168;168;168;168;168;168;168;168;168;168;168;168;168;168;168;168;168;168;168;168;
8;8;8;8;8;8;8;8;8;8;8;8;8;8;8;8;8;8;8;8;8;8;8;8;8;8;8;8;8;8;8;8;8;8;8;8;8;8;8;8;8;8;8;8;8;8;8;8;8;8;8;8;8;8;8;8;8;8;8;8;8;8;8;8;8;8;8;8;8;8;8;8;8;8;8;8;8;8;8;8;8;8;8;8;8;8;8;8;8;8;8;8;8;8;8;8;8;8;8;8;
8;8;8;8;8;8;8;8;8;8;8;8;8;8;8;8;8;8;8;8;8;8;8;8;8;8;8;8;8;8;8;8;8;8;8;8;8;8;8;8;8;8;8;8;8;8;8;8;8;8;8;8;8;8;8;8;8;8;8;8;8;8;8;8;8;8;8;8;8;8;8;8;8;8;8;8;8;8;8;8;8;8;8;8;8;8;8;8;8;8;8;8;8;8;8;8;8;8;8;8;
8;8;8;8;8;8;8;8;8;8;8;8;8;8;8;8;8;8;8;8;8;8;8;8;8;8;8;8;8;8;8;8;8;8;8;8;8;8;8;8;8;8;8;8;8;8;8;8;8;8;8;8;8;8;8;8;8;8;8;8;8;8;8;8;8;8;8;8;8;8;8;8;8;8;8;8;8;8;8;8;8;8;8;8;8;8;8;8;8;8;8;8;8;8;8;8;8;8;8;8;
8;8;8;8;8;8;8;8;8;8;8;8;8;8;8;8;8;8;8;8;8;8;8;8;8;8;8;8;8;8;8;8;8;8;8;8;8;8;8;8;8;8;8;8;8;8;8;8;8;8;8;8;8;8;8;8;8;8;8;8;8;8;8;8;8;8;8;8;8;8;8;8;8;8;8;8;8;8;8;8;8;8;8;8;8;8;8;8;8;8;8;8;8;8;8;8;8;8;8;8;
8;8;8;8;8;8;8;8;8;8;8;8;8;8;8;8;8;8;8;8;8;8;8;8;8;8;8;8;8;8;8;8;8;8;8;8;8;8;8;8;8;8;8;8;8;8;8;8;8;8;8;8;8;8;8;8;8;8;8;8;8;8;8;8;8;8;8;8;8;8;8;8;8;8;8;8;8;8;8;8;8;8;8;8;8;8;8;8;8;8;8;8;8;8;8;8;8;8;8;8;
8;8;8;8;8;8;8;8;8;8;8;8;8;8;8;8;8;8;8;8;8;8;8;8;8;8;8;8;8;8;8;8;8;8;8;8;8;8;8;8;8;8;8;8;8;8;8;8;8;8;8;8;8;8;8;8;8;8;8;8;8;8;8;8;8;8;8;8;8;8;8;8;8;8;8;8;8;8;8;8;8;8;8;8;8;8;8;8;8;8;8;8;8;8;8;8;8;8;8;8;
