0;0;0;0;0;0;0;0;0;0;0;0;0;0;0;0;0;0;0;0;0;0;0;0;0;0;0;0;0;0;0;0;0;0;0;0;0;0;0;0;0;0;0;0;0;0;0;0;0;0;0;0;0;0;0;0;0;0;0;0;0;0;0;0;0;0;0;0;0;0;0;0;0;0;0;0;0;0;0;0;0;0;0;0;0;0;0;0;0;0;0;0;0;0;0;0;0;0;0;0;
0;0;0;0;0;0;0;0;0;0;0;0;0;0;0;0;0;0;0;0;0;0;0;0;0;0;0;0;0;0;0;0;0;0;0;0;0;0;0;0;0;0;0;0;0;0;0;0;0;0;0;0;0;0;0;0;0;0;0;0;0;0;0;0;0;0;0;0;0;0;0;0;0;0;0;0;0;0;0;0;0;0;0;0;0;0;0;0;0;0;0;0;0;0;0;0;0;0;0;0;
0;0;0;0;0;0;0;0;0;0;0;0;0;0;0;0;0;0;0;0;0;0;0;0;0;0;0;0;0;0;0;0;0;0;0;0;0;0;0;0;0;0;0;0;0;0;0;0;0;0;0;0;0;0;0;0;0;0;0;0;0;0;0;0;0;0;0;0;0;0;0;0;0;0;0;0;0;0;0;0;0;0;0;0;0;0;0;0;0;0;0;0;0;0;0;0;0;0;0;0;
0;0;0;0;0;0;0;0;0;0;0;0;0;0;0;0;0;0;0;0;0;0;0;0;0;0;0;0;0;0;0;0;0;0;0;0;0;0;0;0;0;0;0;0;0;0;0;0;0;0;0;0;0;0;0;0;0;0;0;0;0;0;0;0;0;0;0;0;0;0;0;0;0;0;0;0;0;0;0;0;0;0;0;0;0;0;0;0;0;0;0;0;0;0;0;0;0;0;0;0;
0;0;0;0;0;0;0;0;0;0;0;0;0;0;0;0;0;0;0;0;0;0;0;0;0;0;0;0;0;0;0;0;0;0;0;0;0;0;0;0;0;0;0;0;0;0;0;0;0;0;0;0;0;0;0;0;0;0;0;0;0;0;0;0;0;0;0;0;0;0;0;0;0;0;0;0;0;0;0;0;0;0;0;0;0;0;0;0;0;0;0;0;0;0;0;0;0;0;0;0;
0;0;0;0;0;0;0;0;0;0;0;0;0;0;0;0;0;0;0;0;0;0;0;0;0;0;0;0;0;0;0;0;0;0;0;0;0;0;0;0;0;0;0;0;0;0;0;0;0;0;0;0;0;0;0;0;0;0;0;0;0;0;0;0;0;0;0;0;0;0;0;0;0;0;0;0;0;0;0;0;0;0;0;0;0;0;0;0;0;0;0;0;0;0;0;0;0;0;0;0;
0;0;0;0;0;0;0;0;0;0;0;0;0;0;0;0;0;0;0;0;0;0;0;0;0;0;0;0;0;0;0;0;0;0;0;0;0;0;0;0;0;0;0;0;0;0;0;0;0;0;0;0;0;0;0;0;0;0;0;0;0;0;0;0;0;0;0;0;0;0;0;0;0;0;0;0;0;0;0;0;0;0;0;0;0;0;0;0;0;0;0;0;0;0;0;0;0;0;0;0;
0;0;0;0;0;0;0;0;0;0;0;0;0;0;0;0;0;0;0;0;0;0;0;0;0;0;0;0;0;0;0;0;0;0;0;0;0;0;0;0;0;0;0;0;0;0;0;0;0;0;0;0;0;0;0;0;0;0;0;0;0;0;0;0;0;0;0;0;0;0;0;0;0;0;0;0;0;0;0;0;0;0;0;0;0;0;0;0;0;0;0;0;0;0;0;0;0;0;0;0;
0;0;0;0;0;0;0;0;0;0;0;0;0;0;0;0;0;0;0;0;0;0;0;0;0;0;0;0;0;0;0;0;0;0;0;0;0;0;0;0;0;0;0;0;0;0;0;0;0;0;0;0;0;0;0;0;0;0;0;0;0;0;0;0;0;0;0;0;0;0;0;0;0;0;0;0;0;0;0;0;0;0;0;0;0;0;0;0;0;0;0;0;0;0;0;0;0;0;0;0;
0;0;0;0;0;0;0;0;0;0;0;0;0;0;0;0;0;0;0;0;0;0;0;0;0;0;0;0;0;0;0;0;0;0;0;0;0;0;0;0;0;0;0;0;0;0;0;0;0;0;0;0;0;0;0;0;0;0;0;0;0;0;0;0;0;0;0;0;0;0;0;0;0;0;0;0;0;0;0;0;0;0;0;0;0;0;0;0;0;0;0;0;0;0;0;0;0;0;0;0;
0;0;0;0;0;0;0;0;0;0;0;0;0;0;0;0;0;0;0;0;0;0;0;0;0;0;0;0;0;0;0;0;0;0;0;0;0;0;0;0;0;0;0;0;0;0;0;0;0;0;0;0;0;0;0;0;0;0;0;0;0;0;0;0;0;0;0;0;0;0;0;0;0;0;0;0;0;0;0;0;0;0;0;0;0;0;0;0;0;0;0;0;0;0;0;0;0;0;0;0;
0;0;0;0;0;0;0;0;0;0;0;0;0;0;0;0;0;0;0;0;0;0;0;0;0;0;0;0;0;0;0;0;0;0;0;0;0;0;0;0;0;0;0;0;0;0;0;0;0;0;0;0;0;0;0;0;0;0;0;0;0;0;0;0;0;0;0;0;0;0;0;0;0;0;0;0;0;0;0;0;0;0;0;0;0;0;0;0;0;0;0;0;0;0;0;0;0;0;0;0;
0;0;0;0;0;0;0;0;0;0;0;0;0;0;0;0;0;0;0;0;0;0;0;0;0;0;0;0;0;0;0;0;0;0;0;0;0;0;0;0;0;0;0;0;0;0;0;0;0;0;0;0;0;0;0;0;0;0;0;0;0;0;0;0;0;0;0;0;0;0;0;0;0;0;0;0;0;0;0;0;0;0;0;0;0;0;0;0;0;0;0;0;0;0;0;0;0;0;0;0;
0;0;0;0;0;0;0;0;0;0;0;0;0;0;0;0;0;0;0;0;0;0;0;0;0;0;0;0;0;0;0;0;0;0;0;0;0;0;0;0;0;0;0;0;0;0;0;0;0;0;0;0;0;0;0;0;0;0;0;0;0;0;0;0;0;0;0;0;0;0;0;0;0;0;0;0;0;0;0;0;0;0;0;0;0;0;0;0;0;0;0;0;0;0;0;0;0;0;0;0;
0;0;0;0;0;0;0;0;0;0;0;0;0;0;0;0;0;0;0;0;0;0;0;0;0;0;0;0;0;0;0;0;0;0;0;0;0;0;0;0;0;0;0;0;0;0;0;0;0;0;0;0;0;0;0;0;0;0;0;0;0;0;0;0;0;0;0;0;0;0;0;0;0;0;0;0;0;0;0;0;0;0;0;0;0;0;0;0;0;0;0;0;0;0;0;0;0;0;0;0;
2;0;2;2;2;2;2;2;2;2;2;2;2;2;2;2;2;2;2;2;2;2;2;2;2;2;2;2;2;2;2;2;2;2;2;2;2;2;2;2;2;2;2;2;2;2;100;0;0;2;100;0;2;2;2;2;2;2;2;2;2;2;2;2;100;100;2;2;2;2;2;2;2;2;2;2;2;2;2;2;2;2;2;2;2;2;2;2;2;2;2;2;2;2;2;2;2;2;2;2;
0;0;0;0;0;0;0;0;0;0;0;0;0;0;0;0;0;0;0;0;0;0;0;0;0;0;0;0;0;0;0;0;0;0;0;0;0;0;0;0;0;0;0;0;0;0;0;0;0;0;0;0;0;0;0;0;0;0;0;0;0;0;0;0;0;0;0;0;0;0;0;0;0;0;0;0;0;0;0;0;0;0;0;0;0;0;0;0;0;0;0;0;0;0;0;0;0;0;0;0;
0;0;0;0;0;0;0;0;0;0;0;0;0;0;0;0;0;0;0;0;0;0;0;0;0;0;0;0;0;0;0;0;0;0;0;0;0;0;0;0;0;0;0;0;0;0;0;0;0;0;0;0;0;0;0;0;0;0;0;0;0;0;0;0;0;0;0;0;0;0;0;0;0;0;0;0;0;0;0;0;0;0;0;0;0;0;0;0;0;0;0;0;0;0;0;0;0;0;0;0;
0;0;0;0;0;0;0;0;0;0;0;0;0;0;0;0;0;0;0;0;0;0;0;0;0;0;0;0;0;0;0;0;0;0;0;0;0;0;0;0;0;0;0;0;0;0;0;0;0;0;0;0;0;0;0;0;0;0;0;0;0;0;0;0;0;0;0;0;0;0;0;0;0;0;0;0;0;0;0;0;0;0;0;0;0;0;0;0;0;0;0;0;0;0;0;0;0;0;0;0;
0;0;0;0;0;0;0;0;0;0;0;0;0;0;0;0;0;0;0;0;0;0;0;0;0;0;0;0;0;0;0;0;0;0;0;0;0;0;0;0;0;0;0;0;0;0;0;0;0;2;0;0;0;0;0;0;0;0;0;0;0;0;0;0;0;0;0;0;0;0;0;0;0;0;0;0;0;0;0;0;0;0;0;0;0;0;0;0;0;0;0;0;0;0;0;0;0;0;0;0;
0;0;0;0;0;0;0;0;0;0;0;0;0;0;0;0;0;0;0;0;0;0;0;0;0;0;0;0;0;0;0;0;0;0;0;0;0;0;0;0;0;0;0;0;0;0;0;0;0;0;0;0;0;0;0;0;0;0;0;0;0;0;0;0;0;0;0;0;0;0;0;0;0;0;0;0;0;0;0;0;0;0;0;0;0;0;0;0;0;0;0;0;0;0;0;0;0;0;0;0;
0;0;0;0;0;0;0;0;0;0;0;0;0;0;0;0;0;0;0;0;0;0;0;0;0;0;0;0;0;0;0;0;0;0;0;0;0;0;0;0;0;0;0;0;0;0;0;0;0;0;0;0;0;0;0;0;0;0;0;0;0;0;0;0;0;0;0;0;0;0;0;0;0;0;0;0;0;0;0;0;0;0;0;0;0;0;0;0;0;0;0;0;0;0;0;0;0;0;0;0;
0;0;0;0;0;0;0;0;0;0;0;0;0;0;0;0;0;0;0;0;0;0;0;0;0;0;0;0;0;0;0;0;0;0;0;0;0;0;0;0;0;0;0;0;0;0;0;0;0;0;0;0;0;0;0;0;0;0;0;0;0;0;0;0;0;0;0;0;0;0;0;0;0;0;0;0;0;0;0;0;0;0;0;0;0;0;0;0;0;0;0;0;0;0;0;0;0;0;0;0;
224;166;166;166;166;166;166;166;166;166;166;166;166;166;166;166;166;166;166;166;166;166;166;166;166;166;166;166;166;166;166;166;166;166;166;972;166;166;166;166;166;166;166;166;166;166;166;166;166;166;166;166;166;166;166;166;166;166;166;166;166;166;166;166;166;166;166;166;166;166;166;166;166;166;166;224;166;166;166;166;166;166;166;166;166;166;166;166;166;166;166;166;166;166;166;166;166;166;166;206;
0;0;0;0;0;0;0;0;0;0;0;0;0;0;0;0;0;0;0;0;0;0;0;0;0;0;0;0;0;0;0;0;0;0;0;0;0;0;0;0;0;0;0;0;0;0;0;0;0;0;0;0;0;0;0;0;0;0;0;0;0;0;0;0;0;0;0;0;0;0;182;0;0;0;0;0;0;0;0;0;166;0;0;0;0;0;0;0;0;0;0;0;0;0;0;0;0;0;0;0;
0;0;0;0;0;0;0;0;0;0;0;0;0;0;0;0;0;0;0;0;0;0;0;0;0;0;0;0;0;0;0;0;0;0;0;0;0;0;0;0;0;0;0;0;0;0;0;0;0;0;0;0;0;0;0;0;0;0;0;0;0;0;0;0;0;0;0;0;0;0;182;0;0;0;0;0;0;0;0;0;166;0;0;0;0;0;0;0;0;0;0;0;0;0;0;0;0;0;0;0;
0;0;180;180;180;180;180;180;180;180;180;180;180;180;0;0;1004;1004;1004;1004;1004;1004;1004;1004;1004;1004;1004;1004;0;0;0;0;0;0;0;0;0;0;0;0;0;0;170;170;170;170;170;170;170;170;170;170;170;170;0;0;166;166;166;166;166;166;166;166;166;166;166;166;0;0;182;0;0;0;0;0;0;102;0;0;166;0;0;0;0;0;0;0;0;0;0;0;0;0;0;0;0;0;0;0;
0;0;180;696;696;696;696;0;0;696;696;696;696;180;0;0;1004;696;696;696;696;0;0;696;696;696;696;1004;0;0;0;0;0;0;0;0;0;0;0;0;0;0;170;696;696;696;696;0;0;696;696;696;696;170;0;0;166;696;696;696;696;0;0;696;696;696;696;166;0;0;182;0;0;0;0;0;0;0;0;0;166;0;0;0;0;0;0;0;0;0;0;0;0;0;0;0;0;0;0;0;
0;0;180;696;696;696;696;998;998;696;696;696;696;180;0;0;1004;696;696;696;696;998;998;696;696;696;696;1004;0;0;0;0;0;0;0;0;0;0;0;0;0;0;170;696;696;696;696;998;998;696;696;696;696;170;0;0;166;696;696;696;696;998;998;696;696;696;696;166;0;0;182;0;0;0;0;0;0;0;0;0;166;0;0;0;0;0;0;0;0;0;0;0;0;0;0;0;0;0;0;0;
0;998;180;60;180;180;180;60;60;180;180;180;60;180;0;998;1004;60;1004;1004;1004;60;60;1004;1004;1004;60;1004;998;0;0;0;0;0;0;0;0;0;0;0;0;998;170;60;170;170;170;60;60;170;170;170;60;170;0;998;166;60;166;166;166;60;60;166;166;166;60;166;998;0;182;0;0;0;0;0;0;102;0;0;166;0;0;0;0;0;0;0;0;0;0;0;0;0;0;0;0;0;0;0;
0;0;180;0;0;0;180;0;0;180;0;0;0;180;0;0;1004;0;0;0;1004;0;0;1004;0;0;0;1004;0;0;0;0;0;0;0;0;0;0;0;0;0;0;170;0;0;0;170;0;0;170;0;0;0;170;0;0;166;0;0;0;166;0;0;166;0;0;0;166;0;0;182;0;0;0;0;0;0;0;0;0;166;0;0;0;0;0;0;0;0;0;0;0;0;0;0;0;0;0;0;0;
0;0;180;180;0;0;180;0;998;180;0;0;180;180;0;0;1004;1004;0;0;1004;0;998;1004;0;0;1004;1004;0;0;0;0;0;0;0;0;0;0;0;0;0;0;170;170;0;0;170;0;998;170;0;0;170;170;0;0;166;166;0;0;166;0;998;166;0;0;166;166;0;0;182;0;0;0;0;0;0;0;0;0;166;0;0;0;0;0;0;0;0;0;0;0;0;0;0;0;0;0;0;0;
0;998;180;0;0;180;1300;758;758;1300;180;0;0;180;0;998;1004;0;0;1004;1300;758;758;1300;1004;0;0;1004;998;0;0;0;0;0;0;0;0;0;0;0;0;998;170;0;0;170;1300;758;758;1300;170;0;0;170;0;998;166;0;0;166;1300;758;758;1300;166;0;0;166;998;0;182;0;0;0;0;0;0;102;0;0;166;0;0;0;0;0;0;0;0;0;0;0;0;0;0;0;0;0;0;0;
0;0;180;0;0;0;60;0;0;60;0;0;0;180;0;0;1004;0;0;0;60;0;0;60;0;0;0;1004;0;0;0;0;0;0;0;0;0;0;0;0;0;0;170;0;0;0;60;0;0;60;0;0;0;170;0;0;166;0;0;0;60;0;0;60;0;0;0;166;0;0;182;0;0;0;0;0;0;0;0;0;166;0;0;0;0;0;0;0;0;0;0;0;0;0;0;0;0;0;0;0;
0;0;180;0;998;180;180;180;180;180;180;998;0;180;0;0;1004;0;998;1004;1004;1004;1004;1004;1004;998;0;1004;0;0;0;0;0;0;0;0;0;0;0;0;0;0;170;0;998;170;170;170;170;170;170;998;0;170;0;0;166;0;998;166;166;166;166;166;166;998;0;166;0;0;182;0;0;0;0;0;0;0;0;0;166;0;0;0;0;0;0;0;0;0;0;0;0;0;0;0;0;0;0;0;
0;998;180;598;180;180;180;180;180;180;180;180;598;180;0;998;1004;598;1004;1004;1004;1004;1004;1004;1004;1004;598;1004;998;0;0;0;0;0;0;0;0;0;0;0;0;998;170;598;170;170;170;170;170;170;170;170;598;170;0;998;166;598;166;166;166;166;166;166;166;166;598;166;998;0;182;0;0;0;0;0;0;102;0;0;166;0;0;0;0;0;0;0;0;0;0;0;0;0;0;0;0;0;0;0;
0;0;180;60;180;180;180;180;180;180;180;180;60;180;0;0;1004;60;1004;1004;1004;1004;1004;1004;1004;1004;60;1004;0;0;0;0;0;0;0;0;0;0;0;0;0;0;170;60;170;170;170;170;170;170;170;170;60;170;0;0;166;60;166;166;166;166;166;166;166;166;60;166;0;0;182;0;0;0;0;0;0;0;0;0;166;0;0;0;0;0;0;0;0;0;0;0;0;0;0;0;0;0;0;0;
0;0;0;0;0;0;0;0;0;0;0;0;0;0;0;0;0;0;0;0;0;0;0;0;0;0;0;0;0;0;0;0;0;0;0;0;0;0;0;0;0;0;0;0;0;0;0;0;0;0;0;0;0;0;0;0;0;0;0;0;0;0;0;0;0;0;0;0;0;0;182;0;0;0;0;0;0;0;0;0;166;0;0;0;0;0;0;0;0;0;0;0;0;0;0;0;0;0;0;0;
0;0;0;0;0;0;0;0;0;0;0;0;0;0;0;0;0;0;0;0;0;0;0;0;0;0;0;0;0;0;0;0;0;0;0;0;0;0;0;0;0;0;0;0;0;0;0;0;0;0;0;0;0;0;0;0;0;0;0;0;0;0;0;0;0;0;0;0;0;0;182;0;0;0;0;0;0;102;0;0;166;0;0;0;0;0;0;0;0;0;0;0;0;0;0;0;0;0;0;0;
0;0;166;166;166;166;166;166;166;166;166;166;166;166;0;998;180;180;180;180;180;180;180;180;180;180;180;180;998;0;0;0;0;12;12;0;0;0;0;0;0;998;1004;1004;1004;1004;1004;1004;1004;1004;1004;1004;1004;1004;0;998;170;170;170;170;170;170;170;170;170;170;170;170;998;0;182;0;0;0;0;0;0;0;0;0;166;0;0;0;0;0;0;0;0;0;0;0;0;0;0;0;0;0;0;0;
0;0;166;696;696;696;696;0;0;696;696;696;696;166;0;0;180;696;696;696;696;0;0;696;696;696;696;180;0;0;998;998;998;998;998;998;998;998;998;998;0;0;1004;696;696;696;696;0;0;696;696;696;696;1004;0;0;170;696;696;696;696;0;0;696;696;696;696;170;0;0;182;0;0;0;0;0;0;0;0;0;166;0;0;0;0;0;0;0;0;0;0;0;0;0;0;0;0;0;0;0;
0;0;166;696;696;696;696;998;998;696;696;696;696;166;0;0;180;696;696;696;696;998;998;696;696;696;696;180;0;0;0;0;0;0;0;0;0;0;0;0;0;0;1004;696;696;696;696;998;998;696;696;696;696;1004;0;0;170;696;696;696;696;998;998;696;696;696;696;170;0;0;182;0;998;166;166;166;166;166;998;0;166;0;0;0;0;0;0;0;0;0;0;0;0;0;0;0;0;0;0;0;
0;998;166;60;166;166;166;60;60;166;166;166;60;166;0;998;180;60;180;180;180;60;60;180;180;180;60;180;998;0;998;998;998;998;998;998;998;998;998;998;0;998;1004;60;1004;1004;1004;60;60;1004;1004;1004;60;1004;0;998;170;60;170;170;170;60;60;170;170;170;60;170;998;0;182;0;0;60;0;166;0;0;0;0;166;0;0;0;0;0;0;0;0;0;0;0;0;0;0;0;0;0;0;0;
0;0;166;0;0;0;166;0;0;166;0;0;0;166;0;0;180;0;0;0;180;0;0;180;0;0;0;180;0;0;0;0;0;0;0;0;0;0;0;0;0;0;1004;0;0;0;1004;0;0;1004;0;0;0;1004;0;0;170;0;0;0;170;0;0;170;0;0;0;170;0;0;182;0;998;202;166;166;166;202;998;0;166;0;0;0;0;0;0;0;0;0;0;0;0;0;0;0;0;0;0;0;
0;0;166;166;0;0;166;0;998;166;0;0;166;166;0;0;180;180;0;0;180;0;998;180;0;0;180;180;0;0;998;998;998;998;998;998;998;998;998;998;0;0;1004;1004;0;0;1004;0;998;1004;0;0;0;1004;0;0;170;170;0;0;170;0;998;170;0;0;170;170;0;0;182;0;0;60;0;166;0;0;0;0;166;0;0;0;0;0;0;0;0;0;0;0;0;0;0;0;0;0;0;0;
0;998;166;0;0;166;1300;758;758;1300;166;0;0;166;0;998;180;0;0;180;1300;758;758;1300;180;0;0;180;998;0;0;0;0;0;0;0;0;0;0;0;0;998;1004;0;0;1004;1300;758;758;1300;1004;0;0;1004;0;998;170;0;0;170;1300;758;758;1300;170;0;0;170;998;0;182;0;998;202;166;166;166;202;998;0;166;0;0;0;0;0;0;0;0;0;0;0;0;0;0;0;0;0;0;0;
0;0;166;0;0;0;60;0;0;60;0;0;0;166;0;0;180;0;0;0;60;0;0;60;0;0;0;180;0;0;998;998;998;998;998;998;998;998;998;998;0;0;1004;0;0;0;60;0;0;60;0;0;0;1004;0;0;170;0;0;0;60;0;0;60;0;0;0;170;0;0;182;0;0;60;0;166;0;0;0;0;166;0;0;0;0;0;0;0;0;0;0;0;0;0;0;0;0;0;0;0;
0;0;166;0;998;166;166;166;166;166;166;998;0;166;0;0;180;0;998;180;180;180;180;180;180;998;0;180;0;0;21;0;0;0;0;0;0;0;0;0;0;0;1004;0;998;1004;1004;1004;1004;1004;1004;998;0;1004;0;0;170;0;998;170;170;170;170;170;170;998;0;170;0;0;182;0;998;202;166;166;166;202;998;0;166;0;0;0;0;0;0;0;0;0;0;0;0;0;0;0;0;0;0;0;
0;998;166;598;166;166;166;166;166;166;166;166;598;166;0;998;180;598;180;180;180;180;180;180;180;180;598;180;998;0;998;998;998;998;998;998;998;998;998;998;0;998;1004;598;1004;1004;1004;1004;1004;1004;1004;1004;598;1004;0;998;170;598;170;170;170;170;170;170;170;170;598;170;998;0;182;0;0;60;0;166;3402;60;0;0;166;0;0;0;0;0;0;0;0;0;0;0;0;0;0;0;0;0;0;0;
0;0;166;60;166;166;166;166;166;166;166;166;60;166;0;0;180;60;180;180;180;180;180;180;180;180;60;180;0;0;2;2;2;2;2;2;2;2;2;2;2;0;1004;60;1004;1004;1004;1004;1004;1004;1004;1004;60;1004;0;0;170;60;170;170;170;170;170;170;170;170;60;170;0;0;182;0;998;202;166;166;166;202;998;0;166;0;0;0;0;0;0;0;0;0;0;0;0;0;0;0;0;0;0;0;
0;0;0;0;0;0;0;0;0;0;0;0;0;0;0;0;0;0;0;0;0;0;0;0;0;0;0;0;0;998;2;0;0;2;0;0;0;0;0;0;2;0;0;0;0;0;0;0;0;0;0;0;0;0;0;0;0;0;0;0;0;0;0;0;0;0;0;0;0;0;182;0;0;60;0;166;0;60;0;0;166;0;0;0;0;0;0;0;0;0;0;0;0;0;0;0;0;0;0;226;
998;0;0;998;998;998;998;998;998;998;998;998;998;0;998;998;0;998;998;998;998;998;998;998;998;998;998;0;0;2;0;0;0;2;0;0;0;0;0;0;2;2;0;998;998;998;998;998;998;998;998;998;998;0;998;998;0;998;998;998;998;998;998;998;998;998;998;0;0;998;182;0;998;202;166;204;166;202;998;0;166;0;0;0;0;0;0;0;0;0;202;1210;0;0;0;0;0;0;0;1276;
0;0;0;0;0;0;0;0;0;0;0;0;0;0;0;0;0;0;0;0;0;0;0;0;0;0;0;0;0;224;0;0;0;224;20;6;0;12;0;0;224;224;0;0;0;0;0;0;0;0;0;0;0;0;0;0;0;0;0;0;0;0;0;0;0;0;0;0;0;0;224;0;0;0;0;0;0;0;0;0;224;0;0;0;0;0;0;0;0;0;0;0;0;0;0;0;0;0;0;1278;
182;182;182;182;182;182;182;182;182;182;182;182;182;182;182;182;182;182;182;182;182;182;182;182;182;182;182;182;182;182;182;182;182;182;182;8;182;182;182;182;182;182;182;182;182;182;182;182;182;182;182;182;182;182;182;182;182;182;182;182;182;182;182;182;182;182;182;182;182;182;182;182;182;182;182;182;182;182;182;182;182;182;182;182;182;182;182;182;182;182;182;182;182;182;182;182;182;182;182;242;
8;8;8;8;8;8;8;8;8;8;8;8;8;8;8;8;8;8;8;8;8;8;8;8;8;8;8;8;8;8;8;8;8;8;8;8;8;8;8;8;8;8;8;8;8;8;8;8;8;8;8;8;8;8;8;8;8;8;8;8;8;8;8;8;8;8;8;8;8;8;8;8;8;8;8;8;8;8;8;8;8;8;8;8;8;8;8;8;8;8;8;8;8;8;8;8;8;8;8;8;
8;8;8;8;8;8;8;8;8;8;8;8;8;8;8;8;8;8;8;8;8;8;8;8;8;8;8;8;8;8;8;8;8;8;8;8;8;8;8;8;8;8;8;8;8;8;8;8;8;8;8;8;8;8;8;8;8;8;8;8;8;8;8;8;8;8;8;8;8;8;8;8;8;8;8;8;8;8;8;8;8;8;8;8;8;8;8;8;8;8;8;8;8;8;8;8;8;8;8;8;
8;8;8;8;8;8;8;8;8;8;8;8;8;8;8;8;8;8;8;8;8;8;8;8;8;8;8;8;8;8;8;8;8;8;8;8;8;8;8;8;8;8;8;8;8;8;8;8;8;8;8;8;8;8;8;8;8;8;8;8;8;8;8;8;8;8;8;8;8;8;8;8;8;8;8;8;8;8;8;8;8;8;8;8;8;8;8;8;8;8;8;8;8;8;8;8;8;8;8;8;
8;8;8;8;8;8;8;8;8;8;8;8;8;8;8;8;8;8;8;8;8;8;8;8;8;8;8;8;8;8;8;8;8;8;8;8;8;8;8;8;8;8;8;8;8;8;8;8;8;8;8;8;8;8;8;8;8;8;8;8;8;8;8;8;8;8;8;8;8;8;8;8;8;8;8;8;8;8;8;8;8;8;8;8;8;8;8;8;8;8;8;8;8;8;8;8;8;8;8;8;
8;8;8;8;8;8;8;8;8;8;8;8;8;8;8;8;8;8;8;8;8;8;8;8;8;8;8;8;8;8;8;8;8;8;8;8;8;8;8;8;8;8;8;8;8;8;8;8;8;8;8;8;8;8;8;8;8;8;8;8;8;8;8;8;8;8;8;8;8;8;8;8;8;8;8;8;8;8;8;8;8;8;8;8;8;8;8;8;8;8;8;8;8;8;8;8;8;8;8;8;
8;8;8;8;8;8;8;8;8;8;8;8;8;8;8;8;8;8;8;8;8;8;8;8;8;8;8;8;8;8;8;8;8;8;8;8;8;8;8;8;8;8;8;8;8;8;8;8;8;8;8;8;8;8;8;8;8;8;8;8;8;8;8;8;8;8;8;8;8;8;8;8;8;8;8;8;8;8;8;8;8;8;8;8;8;8;8;8;8;8;8;8;8;8;8;8;8;8;8;8;
