0;0;0;0;0;0;0;0;0;0;0;0;0;0;0;0;0;0;0;0;0;0;0;0;0;0;0;0;0;0;0;0;0;0;0;0;0;0;0;0;0;0;0;0;0;0;0;0;0;0;0;0;0;0;0;0;0;0;0;0;0;0;0;0;0;0;0;0;0;0;0;0;0;0;0;0;0;0;0;0;0;0;0;0;0;0;0;0;0;0;0;0;0;0;0;0;0;0;0;0;
0;0;0;0;0;0;0;0;0;0;0;0;0;0;0;0;0;0;0;0;0;0;0;0;0;0;0;0;0;0;0;0;0;0;0;0;0;0;0;0;0;0;0;0;0;0;0;0;0;0;0;0;0;0;0;0;0;0;0;0;0;0;0;0;0;0;0;0;0;0;0;0;0;0;0;0;0;0;0;0;0;0;0;0;0;0;0;0;0;0;0;0;0;0;0;0;30;0;0;544;
0;0;0;0;0;0;0;0;0;0;0;0;0;0;0;0;0;0;0;0;0;0;0;0;0;0;0;0;0;0;0;0;0;0;0;0;0;0;0;0;0;0;0;0;0;0;0;0;0;0;0;0;0;0;0;0;0;0;0;0;0;0;0;0;0;0;0;0;0;0;0;0;0;0;0;0;0;0;0;0;0;0;0;0;0;0;0;0;0;0;0;0;0;0;0;0;998;998;0;0;
0;0;0;0;0;0;0;0;0;0;0;0;0;0;0;0;0;0;0;0;0;0;0;0;0;0;0;0;0;0;0;0;0;0;0;0;0;0;0;0;0;0;0;0;0;0;0;0;0;0;0;0;0;0;0;0;0;0;0;0;0;0;0;0;0;0;0;0;0;0;0;0;0;0;0;0;0;0;0;0;0;0;0;0;0;0;0;0;0;0;0;0;0;0;0;0;0;0;0;0;
0;0;0;0;102;102;102;102;102;102;102;102;102;102;102;102;102;102;102;102;102;102;102;102;102;102;102;102;102;102;102;102;102;102;102;102;102;102;102;102;102;102;102;102;102;102;102;102;102;102;102;102;102;102;102;102;102;102;102;102;102;102;102;102;102;102;102;102;102;102;102;102;102;102;102;102;102;102;102;102;102;102;102;102;102;102;102;102;102;102;102;102;102;102;102;0;0;998;0;0;
0;0;0;0;0;0;0;0;0;0;0;0;0;0;0;0;0;0;0;0;0;0;0;0;0;0;0;0;0;0;0;0;0;0;0;0;0;0;0;0;0;0;0;0;0;0;0;0;0;0;0;0;0;0;0;0;0;0;0;0;0;0;0;0;0;0;0;0;0;0;0;0;0;0;0;0;0;0;0;0;0;0;0;0;0;0;0;0;0;0;0;0;0;0;0;0;0;0;0;0;
0;0;0;0;102;102;102;102;102;102;102;102;102;102;102;102;102;102;102;102;102;102;102;102;102;102;102;102;102;102;102;102;102;102;102;102;102;102;102;102;102;102;102;102;102;102;102;102;102;102;102;102;102;102;102;102;102;102;102;102;102;102;102;102;102;102;102;102;102;102;102;102;102;102;102;102;102;102;102;102;102;102;102;102;102;102;102;102;102;102;102;102;102;102;102;0;0;998;0;0;
0;0;0;0;0;0;0;0;0;0;0;0;0;0;0;0;0;0;0;0;0;0;0;0;0;0;0;0;0;0;0;0;0;0;0;0;0;0;0;0;0;0;0;0;0;0;0;0;0;0;0;0;0;0;0;0;0;0;0;0;0;0;0;0;0;0;0;0;0;0;0;0;0;0;0;0;0;0;0;0;0;0;0;0;0;0;0;0;0;0;0;0;0;0;0;0;0;0;0;0;
0;0;0;0;102;102;102;102;102;102;102;102;102;102;102;102;102;102;102;102;102;102;102;102;102;102;102;102;102;102;102;102;102;102;102;102;102;102;102;102;102;102;102;102;102;102;102;102;102;102;102;102;102;102;102;102;102;102;102;102;102;102;102;102;102;102;102;102;102;102;102;102;102;102;102;102;102;102;102;102;102;102;102;102;102;102;102;102;102;102;102;102;102;102;102;0;0;998;0;0;
0;0;0;0;0;0;0;0;0;0;0;0;0;0;0;0;0;0;0;0;0;0;0;0;0;0;0;0;0;0;0;0;0;0;0;0;0;0;0;0;0;0;0;0;0;0;0;0;0;0;0;0;0;0;0;0;0;0;0;0;0;0;0;0;0;0;0;0;0;0;0;0;0;0;0;0;0;0;0;0;0;0;0;0;0;0;0;0;0;0;0;0;0;0;0;0;0;0;0;0;
0;0;0;0;102;102;102;102;102;102;102;102;102;102;102;102;102;102;102;102;102;102;102;102;102;102;102;102;102;102;102;102;102;102;102;102;102;102;102;102;102;102;102;102;102;102;102;102;102;102;102;102;102;102;102;102;102;102;102;102;102;102;102;102;102;102;102;102;102;102;102;102;102;102;102;102;102;102;102;102;102;102;102;102;102;102;102;102;102;102;102;102;102;102;102;0;0;998;0;0;
0;0;0;0;0;1008;1008;1008;1008;1008;1008;1008;1008;1008;1008;1008;1008;1008;1008;1008;1008;1008;1008;1008;1008;1008;1008;1008;1008;1008;1008;1008;1008;1008;1008;1008;1008;1008;1008;1008;1008;1008;1008;1008;1008;1008;1008;1008;1008;1008;1008;1008;1008;1008;1008;1008;1008;1008;1008;1008;1008;1008;1008;1008;1008;1008;1008;1008;1008;1008;1008;1008;1008;1008;1008;1008;1008;1008;1008;1008;1008;1008;1008;1008;1008;1008;1008;1008;1008;1008;1008;1008;1008;1008;1008;0;0;0;0;0;
0;0;0;0;102;102;102;102;102;102;102;102;102;102;102;102;102;102;102;102;102;102;102;102;102;102;102;102;102;102;102;102;102;102;102;102;102;102;102;102;102;102;102;102;102;102;102;102;102;102;102;102;102;102;102;102;102;102;102;102;102;102;102;102;102;102;102;102;102;102;102;102;102;102;102;102;102;102;102;102;102;102;102;102;102;102;102;102;102;102;102;102;102;102;102;0;0;998;0;0;
0;0;0;0;0;1008;1008;1008;1008;1008;1008;1008;1008;1008;1008;1008;1008;1008;1008;1008;1008;1008;1008;1008;1008;1008;1008;1008;1008;1008;1008;1008;1008;1008;1008;1008;1008;1008;1008;1008;1008;1008;1008;1008;1008;1008;1008;1008;1008;1008;1008;1008;1008;1008;1008;1008;1008;1008;1008;1008;1008;1008;1008;1008;1008;1008;1008;1008;1008;1008;1008;1008;1008;1008;1008;1008;1008;1008;1008;1008;1008;1008;1008;1008;1008;1008;1008;1008;1008;1008;1008;1008;1008;1008;1008;0;0;0;0;0;
0;0;0;0;102;102;102;102;102;102;102;102;102;102;102;102;102;102;102;102;102;102;102;102;102;102;102;102;102;102;102;102;102;102;102;102;102;102;102;102;102;102;102;102;102;102;102;102;102;102;102;102;102;102;102;102;102;102;102;102;102;102;102;102;102;102;102;102;102;102;102;102;102;102;102;102;102;102;102;102;102;102;102;102;102;102;102;102;102;102;102;102;102;102;102;0;0;998;0;0;
0;0;0;0;0;1008;1008;1008;1008;1008;1008;1008;1008;1008;1008;1008;1008;1008;1008;1008;1008;1008;1008;1008;1008;1008;1008;1008;1008;1008;1008;1008;1008;1008;1008;1008;1008;1008;1008;1008;1008;1008;1008;1008;1008;1008;1008;1008;1008;1008;1008;1008;1008;1008;1008;1008;1008;1008;1008;1008;1008;1008;1008;1008;1008;1008;1008;1008;1008;1008;1008;1008;1008;1008;1008;1008;1008;1008;1008;1008;1008;1008;1008;1008;1008;1008;1008;1008;1008;1008;1008;1008;1008;1008;1008;0;0;0;0;0;
0;0;0;0;102;102;102;102;102;102;102;102;102;102;102;102;102;102;102;102;102;102;102;102;102;102;102;102;102;102;102;102;102;102;102;102;102;102;102;102;102;102;102;102;102;102;102;102;102;102;102;102;102;102;102;102;102;102;102;102;102;102;102;102;102;102;102;102;102;102;102;102;102;102;102;102;102;102;102;102;102;102;102;102;102;102;102;102;102;102;102;102;102;102;102;0;0;998;0;0;
0;0;0;0;0;1008;1008;1008;1008;1008;1008;1008;1008;1008;1008;1008;1008;1008;1008;1008;1008;1008;1008;1008;1008;1008;1008;1008;1008;1008;1008;1008;1008;1008;1008;1008;1008;1008;1008;1008;1008;1008;1008;1008;1008;1008;1008;1008;1008;1008;1008;1008;1008;1008;1008;1008;1008;1008;1008;1008;1008;1008;1008;1008;1008;1008;1008;1008;1008;1008;1008;1008;1008;1008;1008;1008;1008;1008;1008;1008;1008;1008;1008;1008;1008;1008;1008;1008;1008;1008;1008;1008;1008;1008;1008;0;0;0;0;0;
0;0;0;0;102;102;102;102;102;102;102;102;102;102;102;102;102;102;102;102;102;102;102;102;102;102;102;102;102;102;102;102;102;102;102;102;102;102;102;102;102;102;102;102;102;102;102;102;102;1324;1324;1324;1324;102;102;102;102;1324;1324;1324;1324;1324;1324;1324;1324;1324;1324;1324;1324;1324;1324;1324;1324;1324;1324;1324;1324;1324;1324;1324;1324;1324;1324;1324;1324;1324;1324;1324;1324;1324;1324;1324;1324;1324;1324;0;0;102;0;0;
0;0;0;0;0;1008;1008;1008;1008;1008;1008;1008;1008;1008;1008;1008;1008;1008;1008;1008;1008;1008;1008;1008;1008;1008;1008;1008;1008;1008;1008;1008;1008;1008;1008;1008;1008;1008;1008;1008;1008;1008;1008;1008;1008;1008;1008;1008;1008;1008;1008;1008;1008;1008;1008;1008;1008;1008;1008;1008;1008;1008;1008;1008;1008;1008;1008;1008;1008;1008;1008;1008;1008;1008;1008;1008;1008;1008;1008;1008;1008;1008;1008;1008;1008;1008;1008;1008;1008;1008;1008;1008;1008;1008;1008;0;0;0;0;0;
0;0;0;0;102;102;102;102;102;102;102;102;102;102;102;102;102;102;102;102;102;102;102;102;102;102;102;102;102;102;102;102;102;102;102;102;102;102;102;102;102;102;102;102;102;102;102;102;102;102;102;102;102;102;102;102;102;102;102;102;102;102;102;102;102;102;102;102;102;102;102;102;102;102;102;102;102;102;102;102;102;102;102;102;102;102;102;102;102;102;102;102;102;102;102;0;0;102;0;0;
0;0;0;0;0;1008;1008;1008;1008;1008;1008;1008;1008;1008;1008;1008;1008;1008;1008;1008;1008;1008;1008;1008;1008;1008;1008;1008;1008;1008;1008;1008;1008;1008;1008;1008;1008;1008;1008;1008;1008;1008;1008;1008;1008;1008;1008;1008;1008;1008;1008;1008;1008;1008;1008;1008;1008;1008;1008;1008;1008;1008;1008;1008;1008;1008;1008;1008;1008;1008;1008;1008;1008;1008;1008;1008;1008;1008;1008;1008;1008;1008;1008;1008;1008;1008;1008;1008;1008;1008;1008;1008;1008;1008;1008;0;0;0;0;0;
0;0;0;0;102;102;102;102;102;102;102;102;102;102;102;102;102;102;102;102;102;102;102;102;102;102;102;102;102;102;102;102;102;102;102;102;102;102;102;102;102;102;102;102;102;102;102;102;102;102;102;102;102;102;102;102;102;102;102;102;102;102;102;102;102;102;102;102;102;102;102;102;102;102;102;102;102;102;102;102;102;102;102;102;102;102;102;102;102;102;102;102;102;102;102;0;0;998;0;0;
0;0;0;0;0;1008;1008;1008;1008;1008;1008;1008;1008;1008;1008;1008;1008;1008;1008;1008;1008;1008;1008;1008;1008;1008;1008;1008;1008;1008;1008;1008;1008;1008;1008;1008;1008;1008;1008;1008;1008;1008;1008;1008;1008;1008;1008;1008;1008;1008;1008;1008;1008;1008;1008;1008;1008;1008;1008;1008;1008;1008;1008;1008;1008;1008;1008;1008;1008;1008;1008;1008;1008;1008;1008;1008;1008;1008;1008;1008;1008;1008;1008;1008;1008;1008;1008;1008;1008;1008;1008;1008;1008;1008;1008;0;0;16;0;0;
0;0;0;0;998;102;102;102;102;102;102;102;102;102;102;102;102;102;102;102;102;102;102;102;102;102;102;102;102;102;102;102;102;102;102;102;102;102;102;102;102;102;102;102;102;102;998;998;998;998;102;998;998;998;998;102;102;998;998;998;998;998;998;998;998;998;998;998;998;998;998;998;998;998;998;998;998;998;998;998;998;998;998;998;998;998;998;998;998;998;998;998;998;998;998;0;0;998;0;0;
0;0;0;0;0;1008;1008;1008;1008;1008;1008;1008;1008;1008;1008;1008;1008;1008;1008;1008;1008;1008;1008;1008;1008;1008;1008;1008;1008;1008;1008;1008;1008;1008;1008;1008;1008;1008;1008;1008;1008;1008;1008;1008;1008;1008;1008;1008;1008;1008;1008;1008;1008;1008;1008;1008;1008;1008;1008;1008;1008;1008;1008;1008;1008;1008;1008;1008;1008;1008;1008;1008;1008;1008;1008;1008;1008;1008;1008;1008;1008;1008;1008;1008;1008;1008;1008;1008;1008;1008;1008;1008;1008;1008;1008;0;0;16;0;0;
0;0;0;0;102;102;102;102;102;102;102;102;102;102;102;102;102;102;102;1298;1298;1298;998;998;1298;1298;1298;102;102;102;102;102;102;102;102;102;102;102;102;102;102;102;102;102;102;998;998;1308;102;1308;1308;1308;102;1308;998;998;102;998;998;998;998;998;998;998;998;998;998;998;998;998;998;998;998;998;998;998;998;998;998;998;998;998;998;998;998;998;998;998;998;998;998;998;998;998;998;0;0;998;0;0;
0;0;0;0;0;0;0;0;0;0;0;0;0;0;0;0;16;1298;1298;0;0;0;0;0;0;0;0;1298;1298;16;0;0;0;16;16;16;16;16;16;16;16;16;16;0;0;998;16;1308;0;1308;0;1308;0;1308;16;998;0;0;1008;1008;1008;1008;1008;1008;1008;0;0;0;0;0;0;0;0;0;0;0;0;0;0;0;0;0;0;0;0;0;0;0;0;0;0;0;0;0;0;0;0;0;0;0;
0;0;0;998;998;998;998;998;998;998;998;998;998;0;0;16;1298;0;0;0;0;0;0;0;0;0;0;0;0;1298;16;0;0;998;998;998;998;998;998;998;998;998;998;0;0;998;998;1308;1308;1308;16;1308;1308;1308;998;998;0;16;998;102;102;102;102;102;102;102;102;102;102;102;102;102;102;102;102;102;102;102;102;102;102;102;102;102;102;102;102;102;102;102;102;102;102;102;102;0;0;102;0;0;
0;0;0;0;0;0;998;0;16;16;16;16;16;0;0;1298;0;0;16;16;16;998;16;16;998;16;16;16;0;0;1298;0;0;0;16;16;16;16;16;16;16;16;0;0;0;16;16;0;0;0;1308;0;0;0;16;16;0;998;998;2946;2946;2946;2946;2946;2946;2946;2946;2946;2946;2946;2946;2946;2946;0;0;0;0;0;0;0;0;0;0;0;0;0;0;0;0;0;0;0;0;0;0;0;0;0;0;0;
0;0;0;0;16;0;0;16;180;180;180;180;180;16;0;1298;0;0;1298;1298;1298;0;998;998;16;1298;1298;1298;0;0;1298;0;16;16;1004;1004;1004;60;60;1004;1004;1004;16;16;0;998;998;1308;1308;1308;0;1308;1308;1308;998;998;0;16;0;0;0;0;0;0;0;0;0;0;0;0;0;0;0;0;0;0;16;0;0;0;0;0;0;0;0;0;0;0;0;0;0;0;0;0;0;0;0;998;0;0;
0;0;0;0;998;0;16;180;168;168;168;168;168;180;16;60;16;0;1298;0;0;1298;0;0;1298;0;0;1298;0;16;60;16;1004;1004;0;0;0;0;0;0;0;0;1004;1004;382;998;16;1308;0;1308;16;1308;0;1308;16;998;0;998;2946;2946;2946;2946;2946;2946;2946;2946;2946;2946;2946;2946;2946;2946;2946;2946;2946;2946;998;16;16;0;16;0;0;0;0;0;0;0;0;0;0;0;0;0;0;0;0;0;0;0;
0;0;0;0;16;0;180;168;168;168;168;168;168;168;180;1298;998;16;60;16;598;1298;0;0;1298;598;16;60;16;998;1298;1004;0;0;0;0;16;0;0;16;0;0;0;0;1004;998;998;1308;0;1308;1308;1308;0;1308;998;998;0;16;0;0;0;0;0;0;0;0;0;0;0;0;0;0;0;0;0;0;16;998;998;0;998;0;0;0;0;0;0;0;0;0;0;0;0;0;0;0;0;998;0;0;
0;0;0;0;998;0;180;168;168;168;168;168;168;168;180;1298;0;998;1298;1298;1298;0;0;0;0;1298;1298;1298;998;0;1004;0;0;16;16;16;998;16;16;998;16;16;16;0;0;1004;0;1308;16;998;0;998;16;1308;0;0;0;998;2946;2946;2946;2946;2946;2946;2946;2946;2946;2946;2946;2946;2946;2946;2946;2946;2946;2946;998;0;998;0;998;0;0;0;0;0;0;0;0;0;0;0;0;0;0;0;0;0;0;0;
0;0;0;0;998;0;180;168;168;168;168;168;168;168;180;1298;0;0;16;0;0;16;0;0;16;0;0;16;0;0;1004;0;0;1004;1004;1004;16;998;998;16;1004;1004;1004;0;0;1004;0;998;998;998;16;998;998;998;0;16;0;0;0;0;0;0;0;0;0;0;0;0;0;0;0;0;0;0;0;0;0;0;998;16;0;0;0;0;0;0;0;0;0;0;0;0;0;0;0;0;0;998;0;0;
0;0;0;0;16;0;180;168;180;180;168;180;180;168;180;1298;0;0;998;16;16;1298;0;0;1298;16;16;998;0;0;1004;0;16;1004;1004;1004;1004;0;0;1004;1004;1004;1004;16;0;1004;0;0;998;998;998;998;998;0;0;998;2946;2946;2946;2946;2946;2946;2946;2946;2946;2946;2946;2946;2946;2946;2946;2946;2946;2946;2946;2946;2946;2946;998;998;0;0;0;0;0;0;0;0;0;0;0;0;0;0;0;0;0;0;0;0;
0;0;0;0;998;0;180;168;180;180;168;180;180;168;180;60;16;0;0;998;1298;1298;0;0;1298;1298;998;0;0;16;60;16;998;1004;1004;1298;1004;0;0;1004;1298;1004;1004;998;16;60;16;0;998;16;858;16;998;0;0;16;0;0;0;0;0;0;0;0;0;0;0;0;0;0;0;0;0;0;0;0;0;0;16;16;0;0;0;0;0;0;0;0;0;0;0;0;0;0;0;0;0;998;0;0;
0;0;0;0;998;0;180;168;168;168;180;168;168;168;180;0;1298;16;16;0;0;0;0;0;0;0;0;16;16;1298;1004;998;0;1004;1004;1004;0;0;0;0;1004;1004;1004;0;998;1004;998;0;998;998;998;998;998;0;0;998;2946;2946;2946;2946;2946;2946;2946;2946;2946;2946;2946;2946;2946;2946;2946;2946;2946;2946;2946;2946;2946;2946;998;998;0;0;0;0;0;0;0;0;0;0;0;0;0;0;0;0;0;0;0;0;
0;0;0;0;0;16;0;180;168;168;168;168;168;180;0;16;0;1298;1298;0;0;16;16;16;16;0;0;1298;1298;0;1004;0;0;16;0;0;16;0;0;16;0;0;16;0;0;1004;0;0;0;998;1422;998;0;0;0;0;0;0;0;0;0;0;0;0;0;0;0;0;0;0;0;0;0;0;0;0;0;0;0;0;0;0;0;0;0;0;0;0;0;0;0;0;0;0;0;0;0;998;0;0;
0;0;0;0;16;180;0;168;180;180;180;180;180;168;0;180;16;0;1298;0;0;1298;998;998;1298;0;0;1298;0;0;1004;0;0;998;16;16;1004;0;0;1004;16;16;998;0;0;1004;0;0;0;998;998;998;0;0;0;16;16;16;16;16;16;16;16;16;16;16;16;16;16;16;16;16;16;16;16;16;16;16;16;16;16;16;16;16;16;16;16;16;16;16;0;0;0;0;0;0;0;0;0;0;
0;0;0;16;180;168;16;0;168;168;168;168;168;0;16;168;180;16;60;16;16;60;16;16;60;16;16;60;16;16;60;16;0;0;998;1004;1004;0;0;1004;1004;998;0;0;16;60;16;0;1752;0;1482;0;1752;0;0;998;998;2946;2946;2946;2946;2946;2946;2946;2946;2946;2946;2946;2946;2946;2946;2946;2946;2946;2946;2946;2946;2946;2946;2946;2946;2946;2946;2946;2946;2946;2946;2946;2946;998;0;0;0;0;0;0;0;998;0;0;
0;0;0;180;168;168;168;16;16;16;16;16;16;16;168;168;168;180;1298;1298;1298;60;1298;1298;60;1298;1298;1298;622;622;622;1004;16;16;0;0;0;0;0;0;0;0;16;16;1004;622;622;0;998;0;242;0;998;0;0;998;0;2946;0;0;0;0;0;0;0;0;0;0;0;0;0;0;0;0;0;0;0;0;0;0;0;0;0;0;0;0;0;0;2946;0;0;0;0;0;0;0;0;0;0;0;
0;0;0;0;180;180;168;168;168;168;168;168;168;168;168;180;180;0;0;0;1298;0;0;16;16;16;858;858;858;16;16;0;1004;1004;0;0;16;16;16;16;0;0;1004;1004;0;0;16;16;0;1240;62;16;0;16;16;16;3044;2946;3044;3044;0;0;0;0;0;0;0;0;0;0;0;0;0;0;0;0;0;0;0;0;0;0;0;0;0;0;0;0;2810;0;0;0;0;0;0;0;0;0;0;0;
0;0;0;0;16;16;180;180;180;168;168;168;180;180;180;16;16;0;0;0;1298;0;0;998;1298;1298;1298;1298;1298;1298;998;0;0;1004;0;0;1004;998;998;1004;0;0;1004;0;0;0;998;998;0;998;998;998;0;998;998;998;998;2946;2946;2946;2946;2946;2946;2946;2946;2946;2946;2946;2946;2946;2946;2946;2946;2946;2946;2946;2946;2946;2946;2946;2946;2946;2946;2946;2946;2946;2946;2946;2946;998;0;0;0;0;0;0;0;0;0;0;
0;0;0;16;180;180;168;168;168;168;180;168;168;168;168;180;180;16;0;16;60;16;16;16;16;858;858;858;16;30;16;16;16;60;16;16;60;16;16;60;62;16;60;410;16;16;0;0;16;16;6;16;16;0;998;16;16;16;16;16;16;16;0;0;0;0;0;0;0;0;0;0;0;0;0;0;0;0;0;0;0;0;0;0;0;0;0;0;0;0;0;0;0;0;0;0;0;0;0;0;
0;0;0;180;168;168;168;180;180;180;0;180;180;180;168;168;168;180;0;998;1298;1298;1298;1298;1298;1298;1298;1298;1298;1298;1298;1298;1298;1004;1004;1004;1004;1004;1004;1004;1004;1004;1004;1298;1298;998;0;0;998;982;8;982;998;0;0;998;998;2946;2946;2946;2946;2946;2946;2946;2946;2946;2946;2946;2946;2946;2946;2946;2946;2946;2946;2946;2946;2946;2946;2946;2946;2946;2946;2946;2946;2946;2946;2946;2946;998;0;0;0;0;0;0;0;0;0;0;
0;0;0;0;180;168;180;0;0;0;0;0;0;0;180;168;180;598;598;598;598;0;0;0;0;0;0;0;0;0;0;0;0;0;0;0;0;0;0;0;0;0;0;0;1298;1422;0;0;0;1298;0;60;1210;0;0;998;16;2946;3044;3044;3044;3044;3044;3044;3044;3044;3044;3044;3044;3044;3044;3044;3044;3044;3044;3044;3044;3044;3044;3044;3044;3044;3044;3044;3044;3044;3044;3044;2946;0;0;0;0;0;0;0;0;0;0;0;
16;16;16;16;0;598;0;16;16;16;16;16;16;0;598;598;598;598;598;598;598;0;0;0;0;0;0;0;0;0;0;0;0;0;0;0;0;0;0;0;0;0;0;0;1298;1298;0;0;0;1298;0;1298;1298;998;0;998;998;2946;3044;3044;3044;3044;3044;3044;3044;3044;3044;3044;3044;3044;3044;3044;3044;3044;3044;3044;3044;3044;3044;3044;3044;3044;3044;3044;3044;3044;3044;3044;686;0;0;0;0;0;0;0;0;0;0;0;
166;166;166;166;16;598;16;166;166;166;166;166;998;598;598;598;598;598;598;598;598;0;0;0;0;0;0;0;0;0;0;0;0;0;0;0;0;3402;0;0;0;0;0;0;0;60;410;16;16;1298;598;16;60;16;0;0;998;1298;1298;1298;1298;1298;1298;1298;1298;1298;1298;1298;1298;1298;1298;1298;1298;1298;1298;1298;1298;1298;1298;1298;1298;1298;1298;1298;1298;1298;1298;1298;1298;998;0;0;0;0;0;0;0;0;0;0;
178;178;178;178;178;166;178;166;166;166;178;166;598;598;598;162;2;2;2;2;4;4;4;4;4;4;4;4;4;4;4;2;2;2;0;2;2;2;2;2;2;2;0;0;206;1298;1298;1298;598;1278;598;1276;1298;998;0;0;0;0;0;0;0;0;0;0;0;0;0;0;0;0;0;0;0;0;0;0;0;0;0;0;0;0;0;0;0;0;0;0;0;0;0;0;0;0;0;0;0;0;0;0;
166;166;166;178;166;166;166;178;166;178;166;166;598;598;598;162;162;162;162;162;162;162;162;162;162;162;162;162;162;162;162;162;162;162;162;162;162;162;162;162;162;162;162;162;162;162;0;0;0;0;0;0;1298;0;0;998;998;1298;1298;1298;1298;1298;1298;1298;1298;1298;1298;1298;1298;1298;1298;1298;1298;1298;1298;1298;1298;1298;1298;1298;1298;1298;1298;1298;1298;1298;1298;1298;1298;998;0;0;0;0;0;0;0;0;0;0;
166;166;178;166;166;166;166;166;178;166;166;166;598;598;598;0;0;0;0;0;0;0;0;0;0;0;0;0;0;0;0;0;0;0;0;0;0;0;0;0;0;0;0;0;0;0;3402;0;0;0;0;0;1298;0;0;0;0;1298;3044;3044;3044;3044;3044;3044;3044;3044;3044;3044;3044;3044;3044;3044;3044;3044;3044;3044;3044;3044;3044;3044;3044;3044;3044;3044;3044;3044;3044;3044;1298;0;0;0;0;0;0;0;0;0;0;0;
166;178;166;166;166;166;166;178;166;178;166;166;598;598;598;598;598;598;598;598;598;598;598;598;598;598;598;598;598;598;598;598;598;598;598;598;598;598;598;598;598;598;598;598;598;598;598;598;598;598;598;598;1298;0;0;0;0;1298;3044;3044;3044;3044;3044;3044;3044;3044;3044;3044;3044;3044;3044;3044;3044;3044;3044;3044;3044;3044;3044;3044;3044;3044;3044;3044;3044;3044;3044;3044;686;0;0;0;0;0;0;0;0;0;0;0;
178;178;178;178;178;166;178;166;166;166;178;166;162;162;162;162;162;162;162;162;162;162;162;162;162;162;162;162;162;162;162;162;162;162;162;162;162;162;162;162;162;162;162;162;162;162;162;162;162;162;162;162;1298;0;0;0;0;1298;1298;1298;1298;1298;1298;1298;1298;1298;1298;1298;1298;1298;1298;1298;1298;1298;1298;1298;1298;1298;1298;1298;1298;1298;1298;1298;1298;1298;1298;1298;1298;998;0;0;0;0;0;0;0;0;3402;0;
8;8;8;8;8;8;8;8;8;8;8;8;8;8;8;8;8;8;8;8;8;8;8;8;8;8;8;8;8;8;8;8;8;8;8;8;8;8;8;8;8;8;8;8;8;8;8;8;8;8;8;8;8;8;8;8;8;8;8;8;8;8;8;8;8;8;8;8;8;8;8;8;8;8;8;8;8;8;8;8;8;8;8;8;8;8;8;8;8;8;8;8;8;8;8;8;8;8;8;8;
8;8;8;8;8;8;8;8;8;8;8;8;8;8;8;8;8;8;8;8;8;8;8;8;8;8;8;8;8;8;8;8;8;8;8;8;8;8;8;8;8;8;8;8;8;8;8;8;8;8;8;8;8;8;8;8;8;8;8;8;8;8;8;8;8;8;8;8;8;8;8;8;8;8;8;8;8;8;8;8;8;8;8;8;8;8;8;8;8;8;8;8;8;8;8;8;8;8;8;8;
8;8;8;8;8;8;8;8;8;8;8;8;8;8;8;8;8;8;8;8;8;8;8;8;8;8;8;8;8;8;8;8;8;8;8;8;8;8;8;8;8;8;8;8;8;8;8;8;8;8;8;8;8;8;8;8;8;8;8;8;8;8;8;8;8;8;8;8;8;8;8;8;8;8;8;8;8;8;8;8;8;8;8;8;8;8;8;8;8;8;8;8;8;8;8;8;8;8;8;8;
8;8;8;8;8;8;8;8;8;8;8;8;8;8;8;8;8;8;8;8;8;8;8;8;8;8;8;8;8;8;8;8;8;8;8;8;8;8;8;8;8;8;8;8;8;8;8;8;8;8;8;8;8;8;8;8;8;8;8;8;8;8;8;8;8;8;8;8;8;8;8;8;8;8;8;8;8;8;8;8;8;8;8;8;8;8;8;8;8;8;8;8;8;8;8;8;8;8;8;8;
8;8;8;8;8;8;8;8;8;8;8;8;8;8;8;8;8;8;8;8;8;8;8;8;8;8;8;8;8;8;8;8;8;8;8;8;8;8;8;8;8;8;8;8;8;8;8;8;8;8;8;8;8;8;8;8;8;8;8;8;8;8;8;8;8;8;8;8;8;8;8;8;8;8;8;8;8;8;8;8;8;8;8;8;8;8;8;8;8;8;8;8;8;8;8;8;8;8;8;8;
8;8;8;8;8;8;8;8;8;8;8;8;8;8;8;8;8;8;8;8;8;8;8;8;8;8;8;8;8;8;8;8;8;8;8;8;8;8;8;8;8;8;8;8;8;8;8;8;8;8;8;8;8;8;8;8;8;8;8;8;8;8;8;8;8;8;8;8;8;8;8;8;8;8;8;8;8;8;8;8;8;8;8;8;8;8;8;8;8;8;8;8;8;8;8;8;8;8;8;8;
